4.0304456
2.5620039
4.850233
3.0794034
2.518001
3.4043274
4.220214
2.404158
0.5001624
4.0539727
1.9707588
0.9601638
3.4929597
3.4579856
2.2299643
6.049872
3.373265
2.4482186
7.1984153
1.1667958
2.8771899
3.774542
1.2491837
8.026486
3.99782
2.3580508
2.334666
4.75669
0.39601877
1.2216368
3.1672337
1.0587972
3.9631567
3.8137705
0.36010987
2.581254
2.463423
3.9118278
3.3728523
1.6995797
2.4552848
4.2713485
1.3743882
0.56168526
2.4862483
1.1844414
3.06745
8.584558
2.6209102
1.2722263
3.1788247
1.326951
2.3923345
4.2756543
1.0690039
1.6886548
0.39843476
2.4926481
0.9451035
1.9586833
0.9981515
3.5800474
1.8807893
1.2260325
3.5252738
1.2273189
6.240458
24.532331
1.238841
1.6201651
5.3384438
3.259198
2.1337464
1.1341276
4.644373
3.5316083
3.734566
0.96052206
2.025371
95.42343
2.1266284
1.67018
3.849217
1.554904
1.5707586
2.4381409
2.2825906
2.0956116
2.7044363
6.941421
1.1321845
2.1177917
1.2615803
5.43041
1.8186513
1.5086349
1.0529803
1.8280768
2.9822793
1.6649715
1.0143639
2.941599
1.731439
0.3343397
1.3487864
2.373376
1.7824103
1.9016187
2.2051954
5.869687
4.019008
6.321163
4.793768
5.763813
1.0502379
1.9244946
0.35210168
2.396194
2.399284
3.0253587
5.35445
2.1311753
0.98177
2.7126477
6.0260324
4.2127814
2.024265
1.0189995
1.2538867
2.3763099
5.3974547
1.69361
3.370046
1.549667
5.7450604
2.8521504
2.2504025
1.7232649
3.643434
1.3992699
3.7095788
4.142725
4.9433703
1.380184
3.055632
2.6480095
6.968924
4.2777715
2.851583
0.82329404
4.6946096
7.7255034
0.8629723
3.2788074
6.140752
4.1643424
5.879448
7.580082
1.1865716
1.7373683
2.6009417
3.4154484
3.038853
2.5521789
0.94076186
1.1463066
1.0615424
0.95626044
2.8251085
2.3147047
4.5158553
1.9855838
3.1758218
1.3813026
1.3056114
5.029833
3.247386
2.277599
2.6197631
3.0620048
3.2035775
3.9913814
1.7883066
6.1244545
4.137493
5.1400485
3.2762287
2.5197062
5.092509
3.5687387
2.6144447
2.050668
3.9638484
10.698669
3.430466
0.9296728
6.239849
1.324284
5.0256467
2.2967508
2.259621
1.4115001
2.9240224
2.8076885
2.0780096
2.2319026
2.8562253
0.6889234
0.39842683
3.714133
0.69762766
3.7024343
2.6583562
2.4197073
0.5678339
3.7558815
2.5682194
2.4394054
4.830253
0.52138436
2.054342
5.638345
2.3483927
3.8854737
1.7302825
3.034241
0.279067
0.819011
2.3548188
1.4955528
2.2632215
7.6048183
2.6025908
1.5201695
2.6307945
3.1494792
3.1071603
4.0271792
4.3741302
3.3496566
3.4314873
25.312897
5.795169
3.9512057
3.0074399
3.3463814
1.1394911
4.401661
1.6292976
3.3660877
0.5226393
2.5625715
2.7156558
2.1724856
2.1699848
3.6238809
1.2502487
5.9161377
5.5805864
0.6047295
1.077113
2.4512038
1.5627555
1.3233325
3.1936226
8.617221
1.5623184
2.276646
1.2319038
1.017899
2.5728335
5.79462
2.4594793
3.6238189
1.0411667
3.2069836
0.6750702
3.7853155
3.308032
1.7774361
3.5789056
3.6784244
2.581341
1.2731485
5.4065757
3.8999672
2.2125156
3.0865724
0.34479558
9.080977
1.6616911
1.8908285
2.166056
0.8322397
1.181154
2.058173
4.5895815
5.689643
4.842579
0.5199947
2.9153922
2.6974096
1.6530311
1.8949304
3.5119605
1.5629429
1.8913308
2.8985457
0.7877705
11.946273
2.654198
5.3123374
1.7463049
2.6663399
1.5569746
2.6608994
1.4829137
1.816588
2.1115613
1.6302229
7.273231
0.3295777
2.273465
3.6418426
1.9768592
2.0926962
3.296451
3.362532
0.6328808
1.0381228
2.1497126
1.4187189
1.7904873
2.255345
1.1306037
3.475027
2.0299966
1.615179
10.390445
2.1674798
2.2126029
1.9079537
7.6539774
3.9065008
2.2487273
3.1335802
0.5795207
3.6466172
0.6457604
0.3758482
2.62944
2.9484522
1.8884823
0.43798658
1.6815186
0.36115968
1.6036574
2.2764757
6.679688
4.044099
1.0355246
1.3441538
2.5719151
1.2303298
3.2566333
5.301839
1.3126495
1.3991004
2.723311
2.7013695
4.8436384
7.209143
4.7561035
0.85957456
7.4292064
5.1368814
3.4073603
4.2780156
2.50508
2.2731206
1.4664769
3.5608306
3.2003543
3.0813196
1.8216213
2.779228
10.866522
5.948993
0.9360109
6.4244394
3.1319382
5.3061056
1.5820252
2.5431917
1.3016443
6.1857696
1.9815015
4.2556562
7.7003436
1.903903
2.6120708
2.2907984
1.3901784
0.5730475
2.9705725
0.6043748
1.7715398
4.4362426
4.307632
1.1029689
3.412242
2.8531075
2.8838773
2.9635336
2.0162616
1.5676426
3.52077
2.5475585
3.398036
5.316616
2.069698
0.18344188
2.049348
4.8580437
3.804215
1.3127048
3.058514
1.1489291
64.11804
2.0777032
12.085206
3.7278583
3.671542
2.786902
3.572191
3.8327413
1.0664016
4.398794
2.8178952
2.313447
5.3939676
5.8167806
2.8471382
2.5801432
2.3454144
2.9919372
2.7284482
0.071257874
1.263529
8.667473
8.200029
5.965277
0.732385
3.91715
2.6749704
3.123609
3.2354236
5.577383
3.0812948
1.9937251
3.3258805
5.7079105
1.3066249
0.5392672
0.96525943
1.454148
2.008807
7.3025146
3.539163
1.0901207
1.0312295
1.9743582
4.180689
4.1414104
2.7555099
0.80339444
1.9669803
3.7088182
3.9482813
2.558717
0.13356659
6.6225853
1.0254151
7.3147182
1.8334366
0.544388
4.131272
2.5954201
3.8497496
2.102868
2.299811
0.78130215
0.783687
1.5049901
2.0659826
8.845147
2.4865725
1.8147475
3.2868671
1.4729413
0.5416801
2.0051467
1.9317294
10.084451
0.81723505
1.8313138
1.9024603
2.6444917
1.7915524
6.9457374
0.88337946
3.8585682
1.074772
2.4717712
1.421422
2.4030185
1.0019898
1.0548174
2.4735065
4.7386847
2.347786
5.5491495
2.5884018
1.9780238
3.2007666
0.2997394
1.3423628
4.5183754
2.960422
3.2467484
4.1365266
6.5852165
5.036741
3.0756364
6.468596
1.1791326
0.82119143
1.4423082
3.8731291
1.7393245
2.3240938
2.421943
1.1295426
1.1665903
2.3717198
5.212617
3.8350909
1.0523744
3.8522656
5.132865
0.091176115
1.98969
2.3382924
2.167014
4.5355067
2.531974
2.6465795
1.2997266
1.7675613
2.4166493
1.9612386
1.842485
2.1787257
4.132406
3.7439332
1.2252635
4.101487
1.7588074
8.889362
3.126759
4.268828
6.7819595
0.8710426
3.169632
3.2267768
5.960937
1.164258
1.3345567
2.559918
3.157435
1.8065776
4.7877254
1.1967132
2.156307
3.4746227
2.434073
2.239728
1.2240257
0.19192263
5.3418674
3.7466283
1.6310363
3.5444822
1.925862
2.1568913
1.812069
3.850426
2.5277894
2.0250053
3.3665152
0.07243247
1.9672315
2.8816137
0.7099197
2.188427
1.3163168
1.4889084
0.43640336
2.7134986
3.1270664
0.5049027
2.1361613
38.46992
3.955772
1.6177788
3.949607
0.7036717
2.6751611
2.0217366
3.6660933
4.841278
0.067269914
2.4514477
0.7693024
3.1862001
2.7951713
1.4686035
1.0237672
2.5013528
2.3546684
3.955852
1.8074503
2.202656
5.328116
4.3601546
1.0446756
0.9408544
4.648
1.2165086
2.8034234
3.789579
3.431289
5.733927
9.6396675
1.1124398
2.7681184
2.1264167
2.3428571
1.3431942
5.336191
5.567319
2.275078
2.8617191
2.407292
1.1343695
0.70141417
1.6149579
3.1645422
3.2000165
5.6260395
1.868523
3.5327811
6.871623
2.3934827
1.3709912
4.5177884
0.67732954
1.231212
1.8670309
15.776369
6.715121
5.5826683
2.185424
2.4640877
2.4267688
0.46581087
3.1169133
5.388868
3.2595096
0.74528664
6.837207
1.3149198
0.9976483
0.80554926
1.0725515
2.1665525
3.6676488
2.4577258
2.8972917
3.8806412
0.8153381
1.7713783
0.77788895
2.948936
1.6686453
2.5719454
6.3817186
3.241002
2.2144709
4.180278
2.4804535
7.298645
1.6336011
8.022136
1.8415049
1.8870119
4.9307876
3.069268
4.9646363
1.3775259
2.3400865
3.9600127
1.8047326
2.6789165
1.8357749
5.5397916
1.8124171
1.3503052
8.537813
5.1125093
3.0811656
2.256857
2.7935998
1.6566019
4.984094
0.88771605
1.9086787
3.564847
0.7562477
2.6318276
1.1941764
2.7257004
8.73135
3.461091
4.026034
6.5257096
2.2855844
4.524136
2.0574098
3.3525307
0.65619314
11.085841
2.4956043
6.048192
3.3615487
1.7711807
3.2386649
5.267155
1.9894533
4.053855
1.861443
1.4355209
3.2023342
5.5510755
1.1882262
1.7235286
3.6318583
1.2475102
4.3933964
7.5702543
1.6825594
1.1472269
7.535035
4.233187
1.2574277
2.6101851
1.1204526
2.1640437
2.389934
3.8400614
1.16196
0.99579275
2.1002424
0.20704684
3.0832188
4.2527633
5.399439
0.36711442
0.46692786
2.2562776
1.6282115
3.0131233
0.75376284
2.9823492
1.3484988
3.725975
1.3156766
3.0686069
3.5168653
1.6914179
6.881281
4.1011987
3.630798
2.3760483
0.76115525
3.3951144
4.0637574
3.6136312
4.6487827
2.1665335
1.5437524
0.9150507
3.8453207
5.762597
3.1757922
1.0143532
2.1088443
3.7817318
0.84090084
6.0861063
1.0646951
2.2984505
1.3185937
2.2902026
1.0376343
4.45456
2.8421876
1.519469
1.951564
2.8162832
2.3912487
3.9085913
5.4759445
1.5348538
3.2045736
1.9432411
0.6732629
4.950595
1.6825483
4.4167433
2.6384954
3.6823475
2.5073268
1.3169873
3.2739651
0.2137785
3.0636408
4.837656
1.102419
1.8431501
2.059672
2.7596781
0.2934372
2.055916
0.6191368
2.6746142
4.2412505
4.181634
2.820916
1.2273046
3.210011
8.136421
1.8978617
0.36637637
4.122211
0.9712801
2.4082322
1.4625027
4.867903
2.2444725
2.2292173
3.3721042
2.3085554
4.227811
3.9947612
4.3057885
2.0681305
3.7529988
2.5427663
5.033139
1.4055618
1.9952848
1.4417275
1.9212534
4.9587197
0.6594559
1.7678267
0.9552832
2.9417412
4.6348014
5.111078
2.666376
1.9408861
4.8766346
1.233078
1.2403858
2.137182
2.0218952
1.9130867
5.731772
0.20121908
2.644299
1.5839758
3.014027
1.4547325
2.2251074
2.4594557
4.62237
4.586281
2.260439
2.9640248
4.160172
2.0901046
2.5500293
1.5774552
4.4441595
3.5770397
3.8828664
5.4292536
1.1066489
1.759645
2.2255886
2.171773
3.8312752
6.011611
1.7672459
2.551203
1.824489
4.261239
2.2963734
3.598814
3.884399
1.8351616
2.659604
6.529335
5.6853466
1.9593331
4.3714714
1.6211824
1.987014
5.3176355
2.219759
0.9556183
0.8998843
1.8598868
2.3744798
2.3968024
1.7941463
2.5357897
2.291687
7.004593
4.09808
6.295214
1.5660249
3.9409127
4.3403983
3.7380388
1.2632406
4.276052
3.459348
7.563991
3.4298043
3.4616117
2.1472425
2.9794502
3.6946833
2.0541446
1.4255829
0.27345616
1.394458
4.7600875
0.9564475
3.1372542
8.082671
2.779123
0.7047566
2.0318227
3.8466148
5.251888
0.055692393
3.2045958
1.4899532
7.666289
6.148103
2.0839257
3.929322
3.405902
1.1433529
3.235604
2.083143
6.799603
1.4058697
2.6030777
2.7730231
3.1913588
1.5393568
2.7004218
8.208299
2.7123506
6.84583
6.087212
2.2832553
0.37561283
3.9348125
3.6102517
3.2656486
1.6961048
0.75602996
4.0007124
0.8805611
2.625768
4.4560623
5.1803007
2.5382285
0.2429455
5.4546013
2.3565934
5.0894246
0.19390008
1.926402
2.6541712
2.709953
1.6220613
2.3153048
1.8513364
1.5435009
2.4382832
2.2158625
2.5853183
3.2999854
8.94392
2.7452693
1.5887297
1.5684266
0.93730223
1.9096471
2.8694365
2.6657882
3.7873971
2.068962
3.9574564
0.57993025
1.1128452
2.1227381
3.6068835
3.1417787
2.2503383
0.5764788
6.0171323
2.6179326
6.6606164
1.0121272
3.7010925
3.2217014
2.1086247
2.2929173
1.8177767
3.1821766
1.6175362
5.815969
0.23723778
0.28493172
2.7889931
2.2911925
2.0856318
8.636661
6.627512
2.5299244
1.8584077
1.5428132
1.2218946
2.1799738
4.752304
2.592165
2.6712048
2.392137
0.49529934
2.5997748
0.87371325
2.9187112
2.4059641
2.7318537
1.5531298
1.628668
3.419803
0.9235714
0.8210973
2.916067
1.3024701
2.8642902
1.2795535
1.4811944
1.053471
1.5057161
2.1682806
1.0178859
0.839452
4.1075077
3.589545
1.3361775
2.4573061
4.764859
2.4566598
2.095391
3.0522847
2.5532339
5.111122
3.7270148
4.0917606
1.9658711
4.778054
7.480475
6.8385396
1.727004
2.283793
3.0086207
0.9958995
2.9477715
0.84041405
1.200659
1.3468668
4.914654
1.6992892
4.8462386
0.77310556
3.4164784
2.623247
2.2144184
0.53210443
2.237842
0.7897971
6.3504987
0.6622281
3.1227114
1.2640426
0.9202603
4.1906424
6.054048
0.35765055
1.9583352
2.1055782
3.3734763
4.9447136
0.84436876
0.16214482
3.0846066
5.2789087
1.1529996
1.5153968
3.2323215
0.94548744
5.6259594
1.8024826
0.2672604
1.1945792
0.5241987
3.8538427
2.5897446
6.377787
0.16783419
2.1143503
2.596915
5.6560993
1.2870177
1.1434398
6.8003364
4.768807
1.214425
3.6476197
1.3594717
2.1402361
10.3052845
2.9949484
2.9212136
1.8505795
0.43988577
3.133865
0.9218206
2.1618202
0.41957125
2.265818
5.4161286
1.5701439
4.602467
4.1938906
4.8217816
2.0385802
2.7616851
3.9306605
3.6433256
3.1822152
4.008857
2.159976
3.2212863
2.8839476
0.9844385
3.765068
2.2431855
1.5712731
9.013135
1.5515962
2.4333284
2.7759256
2.0654156
0.8428935
0.7849288
1.478731
0.38473666
1.9683305
3.1445057
0.5201705
1.1533327
3.6536467
0.7364079
6.7628117
5.2039547
3.832548
0.8273942
3.457368
4.1437583
4.8771563
3.220706
1.7419724
1.2335825
1.9657913
2.7245977
1.8267677
2.2404373
0.2210485
2.5419452
0.8051976
3.6347601
0.60139877
0.977496
3.0499856
1.5280435
0.9554747
2.139686
3.092544
3.3620636
2.0393772
2.419294
5.5371566
3.3326256
5.4909906
2.002277
1.5595591
1.6836572
2.4845781
2.4045045
0.8028973
1.7380443
1.4952047
2.8302438
4.3324943
1.9625577
1.3084215
1.7062417
6.987125
3.055775
1.3858033
4.434981
0.872769
1.1466552
1.9101464
5.340969
3.2772744
2.9402688
3.8399608
1.4272447
1.2652714
0.65928775
2.0822175
0.6302897
1.4290857
0.40414673
4.592315
1.044758
1.2074649
9.022497
0.81500596
5.31874
0.18695663
3.1928685
4.71902
0.22288541
1.8080848
1.8422782
3.6497376
6.050302
7.9268866
2.120863
1.0551592
1.0338305
3.0678184
7.94362
3.432411
4.8400474
0.9769607
3.5348847
1.4308122
2.0536315
1.1752094
2.1333745
1.8290125
1.0310258
2.606456
2.545771
2.2221909
2.3213308
5.969507
5.7878613
6.682303
1.9137448
2.8443637
4.2888417
0.59207165
2.8778725
0.35095948
1.2537615
1.74695
2.5984123
6.2814116
2.2223713
2.225139
3.8252032
1.693988
3.5681522
2.2557983
2.2437494
1.6348932
7.947247
1.3505657
4.094963
2.3005686
2.5028138
3.3313887
2.0368009
1.5658602
2.0873342
1.6398736
1.6919695
9.289556
3.0910378
0.34088895
2.6340697
0.7396218
0.31040588
1.4011668
5.0096145
7.4958587
5.117779
2.9264848
1.3926265
2.3132432
2.4060943
3.3664818
1.7158359
2.8001716
2.7925067
4.623718
2.2442856
3.9307299
1.9508338
3.9356308
2.602398
5.5546155
2.332248
1.5723511
1.8371603
4.6357093
3.4712253
1.3653175
1.7618921
2.292124
1.3107485
18.824497
2.1597693
2.9515855
1.815828
4.381575
0.9634063
8.153122
1.652428
4.5854473
2.268378
2.0347536
2.9539416
2.6844437
3.282717
9.279488
0.3589646
2.4549775
3.1903763
2.3258462
0.9542902
1.9653927
8.060556
2.8431349
2.7924092
1.9114981
4.8985047
1.2501346
0.78108263
3.3111808
1.0832015
1.2197154
1.8532025
2.412765
6.133101
2.1489806
1.9636704
0.76024365
3.2489398
1.3015685
7.488421
4.7548494
0.31078643
1.4716393
1.2291769
1.8928689
9.253
3.5075188
2.1634827
1.3889601
6.743437
0.7410885
5.7197104
2.879896
0.9717057
3.819759
1.7306309
3.2250705
1.3589449
0.11019844
1.9436258
7.2244434
2.3135877
3.1681147
4.589102
3.3208902
2.4772074
1.1609384
2.539526
3.3888876
3.731127
7.9196615
4.8511972
5.447285
5.6097507
0.54168123
4.98207
4.347286
1.4372137
1.9558954
2.0270638
5.9126825
17.418915
2.5217519
2.9248807
1.3691052
1.0159006
4.4983463
4.1005716
2.6667678
0.40251762
2.6442788
0.791762
2.0546093
2.4209294
6.1302695
3.2389283
3.1808262
0.9016185
6.7168217
3.0867665
4.9172964
6.2478
3.0530303
2.4688056
6.4464154
2.052195
1.5042197
0.27373385
1.8752195
2.6037688
2.1282125
3.197676
6.3760624
1.0972222
2.9382257
3.62353
1.2063733
4.263362
2.7257717
0.8216549
2.9736304
0.9640398
1.51158
0.9978086
3.0999086
2.97623
0.9494255
0.29380092
1.411915
2.923645
2.9408264
4.108256
0.9479128
3.1044307
4.7870383
3.3722231
1.5445169
1.1539174
2.1707149
0.7527089
1.6535901
5.0674286
5.5911846
1.353685
3.414688
4.9076223
2.9130774
2.0152547
2.0903091
2.4132779
2.5552647
1.0000663
0.14206159
4.5443163
3.9873238
3.5469007
0.26716548
2.7175062
2.7281353
0.99611455
1.3720801
4.7232065
4.4608593
2.8372536
3.066501
2.6119273
4.0355134
1.2852464
2.7190492
4.4245915
2.0034783
7.216172
5.976144
2.21466
8.67034
1.9539156
1.7058531
4.698624
2.2377834
2.9874203
2.8527682
6.0860715
1.9996842
1.67464
1.2385925
1.7767309
0.55466914
3.770937
4.267464
2.3256714
1.4118469
2.2856622
3.0134184
1.4357948
2.4355805
2.7515776
2.0169425
1.619563
6.452982
6.0154767
4.590659
3.3287914
2.3458624
3.7122443
3.3757136
9.097358
0.38794395
3.3847127
4.3202806
5.3695993
2.6084027
0.48819187
2.5241532
3.6713154
3.8685818
1.4109647
3.6078885
5.3384004
7.445937
5.8136144
1.3165665
2.8419435
1.0110343
1.5627514
1.2682076
2.9976196
11.040944
1.2807553
3.296381
1.9163802
2.7691126
1.7460084
1.7783147
0.8140699
2.8155575
1.9351423
0.86926466
1.391222
4.64287
4.802603
1.625049
28.989428
2.3983057
3.509799
3.196591
3.8111923
1.3159757
2.6334274
6.4638023
2.4983444
2.7374465
1.0634648
2.149871
5.1395044
4.937666
5.253621
1.878247
3.0292351
3.2992353
2.322583
4.471885
1.7680372
3.4581928
1.9367075
0.5143413
5.9198565
3.6359243
8.481904
3.0838783
2.6269844
0.9783678
2.0850573
2.2142785
4.2269464
2.0168614
0.90274215
2.5118337
1.9448164
5.1269183
0.5682219
2.326788
3.1130102
6.992347
1.7246035
5.2869215
3.0338147
4.0846357
4.6427445
3.2449017
2.857259
3.4318154
2.5361822
2.5598767
1.1536677
2.0053225
1.529199
2.0972915
3.7723088
1.637212
2.2160277
2.5200615
3.5014787
1.8568724
1.7669724
2.0631046
5.0769176
0.4056144
1.1983699
2.0284157
5.498569
10.120032
3.1590583
1.4739021
1.0239009
4.1644344
3.1823053
6.5602546
4.096812
0.5796632
0.10377116
46.722427
6.660364
0.58224076
2.8401551
5.1744514
4.4479933
23.410742
0.66154546
4.10277
0.37069738
2.1842704
1.4932026
2.2656932
2.738224
3.0535414
0.11417286
2.635214
0.45808253
3.7155075
2.7495325
4.017236
3.0289927
2.5864537
2.8769357
2.9012094
3.049213
3.0114686
1.5931696
6.4032483
0.41808465
8.355088
5.096107
0.8854367
6.4306846
0.97970486
0.6363025
1.8961554
2.6992116
2.3236752
1.2916325
0.6733519
3.2027354
4.381271
1.9081911
2.7687647
5.5410767
4.1158624
0.9598359
1.1610771
1.8808812
2.141108
1.1591074
3.987545
1.222614
1.831639
5.094205
2.9087057
3.3072417
2.2131474
2.55653
5.7164264
2.6945553
3.3091493
1.1501105
2.863472
2.4416773
0.22314999
2.588974
5.471612
2.0948002
1.5542433
2.3971448
4.36043
3.677339
5.3841133
6.057354
2.923606
0.9951816
4.365002
5.200198
2.0182045
0.82642674
2.802004
2.1907275
0.94230497
3.8207915
2.9509947
1.4093161
5.660774
51.3151
0.54197764
0.7511401
2.8463128
2.4581637
5.280723
8.183677
1.3454576
2.6601317
3.0128844
1.8689278
1.4221996
1.3831624
3.0898073
2.6270578
2.192335
0.53709483
4.7781467
1.0458134
0.6025445
1.3676718
1.7076193
1.7778249
6.0942335
2.8650403
1.1822938
3.2720609
2.8010342
1.6837956
0.19569364
2.525816
1.4563373
5.14339
3.472358
0.95655674
2.4983053
4.7435627
2.6406124
2.2819464
8.927153
3.643178
4.462409
1.8952765
1.2396263
9.27827
3.5848432
7.28931
0.59445953
1.7027127
1.0805414
1.1563112
4.626756
1.5890565
2.209077
1.250087
1.7875555
3.7543242
5.023505
1.9232409
4.6592956
2.2046032
0.35680208
1.6742393
1.6727711
0.5648476
7.0287147
1.7869208
0.75555015
0.99933463
1.5271853
2.912592
1.7011863
1.2058443
2.9454637
3.7549794
3.8914478
1.3100303
4.010858
6.061362
2.3685493
4.4108553
4.818362
1.9949495
3.20961
2.8192225
0.64527255
0.9996311
3.7190938
1.2193061
4.2681217
1.7748309
1.6248237
4.6813483
4.8667207
3.1133122
2.2567081
1.4742726
1.1997325
0.47116312
0.9491166
4.356578
6.7823987
2.5414903
2.1004117
3.692255
3.4845827
1.2694161
1.5754743
2.1347084
2.7830238
5.1147113
5.0435495
2.4729307
0.23828207
1.7372465
5.6250296
4.262755
1.3416045
1.5649729
1.1876469
1.5299922
3.4619582
4.240756
2.275047
1.1762912
2.8336916
0.7180306
2.5361826
1.360739
0.6809868
2.977732
2.182616
1.1221328
4.5491
2.0647585
2.7311237
4.2459364
2.6489801
3.3881254
2.1658006
1.983203
2.0812063
10.901791
2.6630821
4.4531446
1.0014874
3.9800372
1.3014202
0.5290723
0.61452293
1.0213673
2.9321015
5.991114
4.987486
1.7598373
7.1813383
5.0377383
2.2657769
4.3782415
5.6371613
3.429626
1.7014399
2.3596513
4.054182
3.4691849
3.1564474
4.822077
2.1919181
0.10294598
1.8018272
2.2981126
2.9314802
3.8439476
1.4030219
1.1412534
2.7256415
0.25390142
1.5108722
2.441908
2.4485078
4.6330743
2.5314865
0.35978705
2.7489438
1.3028749
4.2887607
1.1373017
2.4006956
2.2939909
4.0259457
4.560723
3.9206676
2.515974
2.7687566
3.8500555
3.4905891
7.351903
2.2729225
0.7772112
0.9293127
2.9499855
4.374747
2.6569374
2.4402568
5.724868
1.1978451
4.312029
4.4007525
5.60296
2.4714065
3.4254005
4.8195453
4.906754
1.0776314
0.70380896
6.062865
5.183011
12.366328
3.426746
3.6394856
1.0643864
3.1521826
1.5249808
6.4434643
0.5759175
5.3968844
2.3771722
5.536009
0.73323363
3.670736
45.111668
6.3858385
0.8677761
0.8978921
5.983774
3.1214085
2.8514245
1.6586095
1.8089987
8.063505
1.1525196
2.2959855
4.219901
6.075487
2.2477822
3.1430328
3.2097359
2.623002
4.105974
1.2174494
3.2812965
2.3760002
2.4860961
2.9902842
7.186155
2.3622093
4.675918
3.0871007
2.3524547
0.60173416
1.9861829
7.3590603
3.192549
20.669888
5.4071565
0.9448247
1.1486378
1.8654498
3.720771
8.622137
1.8260742
3.2017574
0.964749
1.1371906
2.2347407
7.1547947
0.865954
2.0941982
0.60712963
3.0525942
1.7249576
3.8427854
3.643815
0.6403367
1.1233793
39.31875
2.9710727
1.8448218
2.7119114
4.2179894
2.0667667
6.0583525
2.393428
11.087085
3.1030567
2.1945505
2.9382887
4.940093
1.2365016
1.4487903
3.6640277
10.430336
1.7913219
2.9550655
2.4543066
2.4648712
3.7412477
0.8767452
3.4284286
1.5778257
2.835442
4.841023
1.10525
1.7673882
19.278765
1.6333305
2.2517219
5.356717
1.7483426
1.4882692
1.4452258
5.0678997
1.6350551
2.0234203
0.83669627
4.659433
9.533349
4.6952844
1.4976274
1.5344605
3.83385
4.155177
1.2583354
6.8287477
2.452925
0.8516339
3.157479
3.2802022
2.636732
2.9948974
3.5962474
1.8281189
7.3124285
4.340867
0.81720394
3.5506895
4.085782
4.2484546
2.8440015
0.74728787
5.4639993
1.7516466
5.934838
1.4516485
3.1546855
5.4535303
1.9134086
2.950252
3.554492
2.2099657
3.6912622
3.3364427
0.8210508
1.3560766
2.3520458
1.0538718
1.9786246
2.4192283
2.9155135
2.2897334
3.6841636
1.8471456
4.2576504
3.3093688
2.5149562
2.3242092
4.614333
4.3514514
2.056029
1.8951496
2.5448902
8.046472
3.933374
1.6044114
38.554054
0.64105254
2.726417
3.8718624
2.5099478
2.2498822
32.484985
3.4518948
4.073078
6.6195335
4.4354615
14.203898
2.1185284
4.801794
0.9541104
1.0552241
2.6222057
2.7771242
2.9441726
7.1571355
1.4588668
4.6555448
1.9413831
3.525568
4.7222548
4.083489
5.2533946
4.243082
7.4677343
2.9402716
2.9060977
3.1848674
2.3953192
4.9126806
1.8664427
3.9613383
4.788953
1.8105458
2.5924046
2.45403
0.9208311
2.1616032
4.52465
0.86963445
6.917938
1.905552
2.2415986
2.746448
5.8151617
4.379182
0.3564331
1.4491016
2.487572
1.3140596
3.3007877
3.1186388
5.1771126
6.5202613
1.3187406
1.3939341
1.8981807
5.072265
2.7170734
5.126165
2.2956283
4.0752883
8.148919
5.6614513
1.4010338
5.642577
2.4986818
1.7775396
3.225811
1.8572984
2.4220667
5.3507586
7.1986732
3.431806
2.907974
0.9710148
2.1785126
1.5640138
0.7970788
2.5482993
4.1847434
1.9007523
0.48959664
5.0509367
2.219303
1.1627942
3.0819535
5.509442
3.6904936
1.4803597
2.4993782
7.9863367
3.3464384
1.7194605
5.2487216
4.9456487
1.9791555
1.7870232
1.840129
0.5009961
5.133509
0.41127843
4.8886657
9.230236
0.85522985
1.5841266
0.95315665
0.4552871
4.0749745
1.9036055
2.9017825
3.879551
2.4375114
4.6074214
2.9351995
2.5719206
31.815237
2.2958941
2.5312786
4.4269633
4.4323044
2.7140775
5.113219
2.2608516
3.0930772
4.201497
4.5168166
2.8877823
4.6357713
1.5393125
2.4924123
1.3520039
2.7751338
2.3645353
4.4584703
0.92040074
4.243875
2.993026
1.4951168
3.7632072
3.978819
4.268538
2.1268203
2.2082713
2.8615005
2.4827518
2.3955483
4.6986394
0.6801013
1.1253173
1.3058189
4.1370177
1.802072
4.9264994
2.2325728
3.8643918
1.3566242
0.47252578
1.603197
7.3370023
0.26181108
3.8341267
2.4738154
1.7261893
6.496506
0.6060184
0.80485857
3.625427
2.3086212
1.324441
0.50114036
1.6066256
5.074427
3.2085593
10.155912
1.8091062
1.3760804
2.0447152
0.39151537
8.58093
1.9853662
5.8413773
4.6025596
4.2776117
2.1091835
1.2222369
2.0054927
1.711248
5.165454
3.5528429
1.8802954
3.1843886
1.5485176
5.7062125
4.104939
3.7089078
1.4770916
1.6357152
0.2286778
1.4263657
0.40767184
3.3245053
2.4785037
3.6626894
9.721524
39.250107
5.734922
2.2694278
1.5742447
1.8760655
0.9633612
2.530828
1.5830169
4.022433
2.5320375
3.154523
4.2166667
1.6342491
0.9721615
6.435052
2.1227698
0.3389876
1.9198927
2.8750021
0.47112843
5.4640236
2.7279408
2.7045
0.7766351
2.6807613
3.531781
2.1633987
1.1288942
2.7497542
1.903629
3.6839724
3.8926177
3.9026194
2.2192204
2.2700183
5.0385647
2.2862828
2.4895184
1.4630058
1.9995257
2.1223645
3.2528558
3.250796
2.6207983
2.1324787
2.7052627
6.5227118
2.8454115
4.859175
3.9117627
0.6850192
5.3498645
1.066496
2.856632
2.8025935
2.2324271
2.8162162
2.4029317
3.5651934
3.8073423
6.5275607
2.3874667
2.2748744
3.2307084
0.9444416
1.5068545
0.76933223
3.6486409
1.0655065
4.261561
1.6332536
3.742105
1.6133844
1.2011266
3.752581
11.900578
5.848746
4.6604004
0.9973871
7.3747907
3.1716151
0.6510046
3.8942733
5.2541275
0.7074926
1.9821938
1.660073
4.8825617
1.2268671
15.187452
2.3735445
2.4808035
6.4967985
3.8787417
3.999897
2.374846
1.7508231
5.4159393
3.9669173
1.3640269
6.589121
2.787599
2.6770937
1.2987988
1.2045844
2.2883353
6.003821
2.9245572
1.2531753
0.82723653
2.794463
3.341469
1.9426091
3.3400877
5.0817924
0.5344831
9.318192
1.1023319
2.768926
0.79846096
4.581183
3.1172397
4.231409
3.2388031
4.897144
2.5030785
3.6494138
4.880936
4.8985343
2.9236906
5.34857
2.2981045
2.0446064
0.2807623
2.6860206
6.591345
1.0594909
0.36924282
2.704203
3.500939
8.270159
2.0281658
2.456352
1.1750135
3.711908
2.2550623
2.0061553
2.7783437
2.793131
0.9520729
8.391924
1.061384
2.4700527
1.4787388
1.6690948
3.3303928
4.8811226
1.9050562
1.1998386
2.5929139
2.4270473
0.74026096
0.609398
1.7381259
2.1312888
6.2175493
1.705351
2.790056
2.9877687
5.218055
2.9115736
3.7404566
3.630758
3.7495897
3.6137397
1.6479539
2.1209116
3.6299772
6.0125093
1.6314412
6.726823
0.84147114
3.1676838
3.3451662
1.3574747
1.5423284
2.9542284
4.673752
1.1671999
5.492413
1.7314686
2.1843114
1.1337944
2.8295717
2.6865904
3.8290534
4.8537636
0.38082525
5.7390966
3.9343898
5.2385025
1.4817162
1.0789373
2.281361
0.80605114
22.81325
9.848069
4.514583
3.1936185
3.1913984
3.3523738
4.601669
2.6843712
1.8853303
3.4285076
1.1263866
0.49418333
2.3071346
5.1920757
4.720952
4.369482
3.8166716
4.529986
0.7335028
1.8437192
2.067799
0.57149315
5.5937977
4.3710737
9.1877575
2.310409
3.7782538
1.0089605
0.5431085
1.8817948
0.91054857
2.2954397
4.4609003
4.678301
0.8563188
2.0420258
5.7751675
2.6976502
2.0523014
1.621209
3.7799222
2.875881
1.0613631
1.6432905
1.3731637
5.5870166
2.1842368
4.605976
1.1024017
16.17472
6.246931
1.8441086
1.9468932
1.1217731
7.0000205
2.586121
3.3204463
1.2328106
3.9838934
0.4274236
4.6987915
0.64605594
3.96678
5.1955585
1.5981658
1.5529908
3.2344809
3.1276088
6.640177
5.816448
1.466223
44.64682
1.91823
1.9060045
2.4522748
6.143119
2.0907996
0.44343755
3.2038975
2.1315675
3.2811527
2.654315
26.505072
2.5755265
2.7531886
4.930719
3.2476506
1.3260794
2.51447
2.629846
3.7466526
1.289973
2.3718805
0.9989966
3.0824027
1.956586
4.797809
3.4166687
0.86091924
0.4661092
0.9433438
4.927121
5.0929394
1.4474195
4.8919983
3.0687823
1.7429979
4.441536
3.5321748
1.182405
6.0651097
1.3564168
1.8003076
1.2299235
4.3180814
2.285815
1.1171567
2.9850621
5.5441365
1.176103
3.1251855
1.6663606
6.4362974
2.8577409
0.32588688
2.3088946
2.9905913
0.85923743
4.7187996
3.5180693
0.42676568
2.8083823
3.874809
2.198861
4.185617
5.0433254
2.5920944
2.3087637
3.980686
1.0294623
1.9392861
1.6168622
1.4568748
3.0763428
2.2163298
2.1872833
2.5861828
1.8293924
2.2039926
2.1733966
0.22437075
5.7378993
1.4800956
1.5735229
0.7088105
2.7714162
1.2786931
7.7466817
4.0356426
2.78077
1.8245757
2.2054076
1.8529596
2.7569027
0.18166825
4.3947697
0.8768683
5.6140203
0.8296206
7.0568337
2.3767197
14.765856
1.306189
1.3992968
20.884068
8.269327
2.2686315
39.294456
1.7718166
3.998085
5.177965
1.710552
1.0117562
3.662921
2.385956
3.0068204
3.008626
2.476166
2.3928246
3.9885938
1.5125046
3.5169234
1.5157368
1.5942748
1.6749886
2.5509124
5.5482793
1.5146356
1.8586211
2.619901
2.061563
3.4098327
3.5073788
0.72066206
1.6515917
2.7944903
5.6163588
2.750244
2.7664826
3.5985634
1.5630381
2.7114594
0.66865075
2.5271995
1.6339973
8.5959
0.91155297
0.62939554
0.83663255
0.64855075
1.8114802
0.58604074
2.7532043
2.462783
6.6493616
2.293475
1.1472765
0.10061219
0.733673
2.7515347
1.3227607
2.5486584
2.9742258
1.9519471
1.4046841
0.87025607
3.1879518
3.09565
1.9138621
2.8475494
2.8630219
3.6212068
2.0554378
1.5854255
1.5782136
1.8799617
0.5569903
3.2777421
2.2348375
0.30639124
0.651451
2.3427775
0.38306075
3.567249
5.8816147
2.998427
1.5741805
2.9077334
5.742328
4.3607216
2.828898
1.4726914
0.40262282
2.2849176
4.464687
2.7626417
2.8527975
1.6602722
0.56579036
1.8068169
2.834007
0.7541713
1.9168916
27.460041
1.0883167
2.7560322
2.1679237
4.2936287
3.1569874
5.209407
8.811561
2.5194232
2.1281393
3.5570202
5.9248066
2.8386316
1.0389309
1.0300857
3.750601
1.1447564
5.66357
2.8188856
1.0994062
1.6538861
3.241994
1.0603013
1.3406875
3.3045201
3.953418
2.9295523
3.090528
1.1924725
2.2966537
22.34018
0.91257393
7.597538
1.6923519
1.3816379
5.1515007
3.1619294
2.1949642
2.0980577
0.0952391
1.9504935
3.2383568
0.9524525
0.5677718
2.812612
2.0753424
3.8199918
1.0994953
1.9094982
3.0877843
2.3002503
4.451437
1.9488974
5.4135547
4.678911
6.1352344
2.7008147
0.53398544
0.44369543
1.9068286
4.1931906
2.4201424
2.5809207
7.3985114
3.512135
4.2896233
6.4377155
4.921813
1.1993984
7.022396
2.1171205
1.8931111
2.4773693
6.8741984
2.3436267
1.1491507
1.1087441
3.672139
2.6425014
0.95125455
2.6353612
4.3986135
3.8424718
3.618608
3.769761
0.66596454
2.0014274
2.848084
2.0947385
4.4556084
2.4081774
3.02899
1.2805737
2.9696722
1.6302494
2.353413
3.7403677
2.3522007
3.6393135
0.99881095
1.4106826
2.1827679
1.5031455
1.7175677
2.8921018
1.2532865
4.7714953
2.4524703
4.4695563
2.652068
3.93101
1.7349042
3.0327723
2.364438
1.9129715
0.34897828
2.1975527
8.608205
6.693004
2.939609
0.5505074
2.119573
5.31648
1.8706263
6.0105004
1.6962476
2.9647856
3.6588354
3.8318374
4.129267
2.6774032
2.7715807
2.624927
4.6929994
3.569255
2.9026444
3.1376147
2.1161332
5.044669
4.3814545
2.129766
5.5915637
1.1137908
1.1726704
2.4023843
4.8064184
1.828873
2.348361
2.5276806
8.52786
1.0547093
2.285827
3.6389718
0.2252463
4.72671
2.1952872
7.072968
2.0609345
1.3405776
1.6663659
3.2829268
2.9755623
1.0272605
2.6699224
2.9165337
1.5473024
4.2712646
2.4562955
2.0772533
1.3599814
1.4003096
1.7907879
1.5001128
2.1808813
1.7398145
3.2857006
1.3344043
2.0457716
0.7534654
6.1746054
2.4721067
3.1630044
2.5967185
3.382782
1.227305
7.568405
3.3739862
1.9116338
2.5186973
2.44624
12.600522
6.2021666
2.47944
3.5891914
2.4520261
1.5773476
1.674899
1.0640761
1.2084624
0.14218967
1.8477523
2.2207274
3.4382427
3.2661207
1.0776049
5.4058566
3.7069116
2.497287
3.4667041
3.6860027
3.666905
3.844979
2.4666293
3.6466742
5.1643567
2.0926697
0.9194179
3.2453475
0.88344294
1.2282002
2.69429
3.055973
6.733502
0.9029044
2.6100323
3.5181196
3.684732
6.4215503
1.5258846
1.8463371
3.0882647
2.5166094
0.5681986
1.1240015
2.0030222
2.3461058
6.1138444
2.7844474
0.35516253
2.3721116
4.269363
5.849443
2.1486735
3.7009647
3.8062673
3.0906587
1.5179777
1.0873997
0.5449085
4.0950184
1.0373514
4.0398817
13.788068
2.2851057
2.4857535
9.373363
1.9430367
2.0420146
0.861935
3.5366302
2.95107
2.1884668
2.183621
4.280231
4.2390594
6.4011855
2.8822072
1.6661456
1.8508621
7.2686024
2.949845
1.0378853
4.057609
1.9909477
2.4389226
2.8791494
1.4098891
2.3388164
1.4507533
4.575583
1.0231931
2.382122
1.932096
3.4640734
2.5826046
4.0693207
1.9269016
5.3340244
4.5916214
0.6415397
2.052589
3.377943
0.5801287
0.77202344
2.9696534
2.7496824
2.1855192
5.8292336
2.549477
2.5976713
1.885265
2.0984232
1.8743967
1.1897571
2.0898979
2.255394
3.8080702
5.920092
2.5293064
2.34313
0.42251223
2.053622
2.7694411
2.3258665
2.5461695
0.6462071
2.3119524
3.9630668
0.3948944
2.547864
5.228846
1.4597309
2.7610054
1.5107232
4.4711056
2.0207472
1.7944878
18.197578
4.567366
1.6383874
3.641582
0.91735023
0.8578639
3.3916738
0.5941975
1.8212707
0.7830597
3.9717174
2.4854062
1.1081716
1.8545234
4.3353558
11.232314
4.2532935
0.22971533
1.9513909
0.87024164
1.4266753
4.946297
2.660431
2.2456791
3.2116644
1.9700532
4.6200833
1.9826586
3.573197
5.51213
10.226001
12.86315
1.0210363
2.2711408
2.1135495
2.8375597
1.0003862
1.89082
6.450275
3.6858654
7.870046
3.8477657
3.5441055
32.409286
4.6618075
3.4922519
6.688995
3.7836924
3.0148652
2.7841356
3.563981
4.7325635
4.917845
1.2312677
0.8135483
2.4087043
1.7985622
3.2701478
1.8543657
2.3834279
3.4009314
1.6011835
3.0467877
2.2836406
0.84679973
2.0178943
1.4878701
1.2764559
2.3614242
4.615598
2.7424552
5.553397
2.1506133
5.0043883
2.6755307
0.88818365
0.7094985
4.3382
4.819095
1.5118052
2.3921995
2.8838453
1.6384138
3.1248624
3.194401
3.330016
2.2520113
0.79641
1.301101
2.4879644
2.4657803
1.5425147
3.1662128
1.9411424
2.5926466
1.6871154
1.5113701
1.3662589
1.9417472
6.3350973
1.3199695
1.3877225
1.7155774
1.2291305
5.3646975
1.7026783
4.678769
2.4566615
0.44310653
3.5639486
3.3855414
4.787938
0.4372186
3.8550766
2.4423869
1.3718398
1.2142406
4.3617387
1.9258847
3.9659352
3.1777236
9.056294
5.699045
2.4546576
4.1007514
2.0723257
2.178847
2.0097246
0.7023779
4.96749
4.511174
3.4865596
1.8991469
3.9471643
1.9267087
2.7938144
3.3524475
2.8527167
0.9612495
2.0211976
1.4026024
2.8258576
2.4464302
2.0448365
3.087765
0.85658497
3.32419
2.3087451
2.0237477
6.88019
7.291886
2.7025657
1.072036
3.8031368
1.753496
0.7132777
2.9799464
5.729455
10.128253
2.9258983
2.1449294
3.3811395
1.9554931
3.0158143
0.74205047
2.1129487
0.52956283
61.801712
4.186358
0.67187667
1.6276437
1.2913753
6.0188212
3.6208751
5.194461
1.3835585
1.2479068
1.2406884
7.5041814
1.2938465
3.307956
1.415585
4.229777
3.3160014
1.4456108
0.7860617
0.5615307
1.3307266
5.0185356
0.8573578
4.2344537
12.934802
1.5231315
1.8896937
1.9347987
2.0834298
3.0184624
15.205062
0.66901755
2.9935675
4.0921264
3.7911146
3.6884425
6.244014
3.780729
2.151592
3.2347038
4.043145
1.7404461
0.54563963
4.037684
5.046941
9.484747
1.4609599
2.0164735
2.251147
1.9224427
1.4526674
0.7383058
3.5785394
2.6703675
0.94602156
1.2379177
2.3553956
1.1751114
5.503094
2.890371
4.541496
4.260967
4.503248
6.000381
1.8822788
0.31375185
1.9304453
5.0261674
3.2768517
4.888869
1.8821517
2.0620735
6.311917
2.1689608
2.2671826
1.9855304
1.408856
2.4950612
1.6883523
3.0650587
4.3964024
17.24176
4.303375
3.5195289
1.4474616
1.7864273
6.8371897
1.0728085
3.291094
1.6202655
3.6585388
4.113273
1.1196501
3.2359903
2.1672056
1.874741
1.5934463
3.7186253
3.4225268
2.0397305
3.429508
2.5407054
4.771233
2.984699
4.277386
3.1053314
2.150288
2.7007496
8.724159
4.0167556
2.717335
5.9516153
4.524566
2.976116
4.268492
1.1384938
2.3683674
2.526614
2.2970703
3.2076657
2.3130708
2.3539355
1.0676708
5.179924
1.9649295
2.0901847
1.4472027
5.7431464
4.3828964
1.6416842
2.91568
2.73793
1.7185026
0.89985156
3.754062
4.018556
2.1333108
3.9158905
1.7627358
4.531793
2.4490557
3.8455071
6.8448195
2.5013785
3.1101131
1.6479648
1.9597696
3.3016796
0.89445984
2.620584
1.5270855
2.3756175
2.4831984
1.1975899
0.59839225
4.1083145
1.3777758
1.7111973
1.2926831
1.3854
2.3270667
4.3893166
2.727586
1.8628501
0.905492
2.6572413
1.7885928
1.5827411
0.7953214
4.0817394
1.6946768
2.1520276
2.6192696
3.3959117
4.4783597
2.0148046
0.8821121
1.8154923
1.5518532
1.6653541
0.87852114
3.1231918
2.758101
0.39028427
1.375145
5.6807513
6.8858223
3.0940452
5.375379
2.564908
0.87197447
3.0244691
0.6406196
3.696317
2.4303243
2.3406627
1.3173296
3.793404
2.7713785
4.334498
2.8351028
3.2253745
1.1576365
2.8310542
8.988174
0.94267404
0.53821385
4.433716
1.859883
2.0031233
1.4024152
0.8751323
1.1997912
5.7053876
2.8963099
1.9038988
5.3747406
8.568185
0.2253592
1.4633169
1.1480457
5.880452
7.083189
1.5494035
0.64201236
1.8572166
3.4504068
0.9535328
0.8556427
0.774642
2.1173806
3.8856115
2.1523335
3.729727
3.4404614
3.1273162
2.7831955
4.536169
0.51835984
1.6762657
1.8793792
8.740125
2.6817133
3.485129
1.9526683
4.0685124
5.310012
2.9021494
1.9612247
1.99213
4.531771
2.0524416
3.1428409
0.9983703
5.0191774
1.0350738
1.5803818
2.4144762
3.1323538
3.7723022
4.491145
1.6659379
2.7853534
3.0016437
1.5013127
1.4595416
2.914964
1.9959159
2.2283132
1.2700338
0.11473557
1.4085839
2.9848876
3.5908024
1.7137648
7.167776
0.969658
4.824402
1.5610527
3.8998804
1.0543879
2.3574665
1.8706888
3.4885063
1.2381631
6.208142
2.565931
3.8742373
1.415695
3.5181363
3.3375282
4.274293
1.517933
3.3609862
3.1187425
3.4187102
1.1722436
3.590079
2.759088
3.3807502
5.7212944
1.1183771
4.2465177
1.1421382
6.0020943
0.87137604
3.6402116
1.3289456
0.55018204
0.9403783
7.342858
3.3765047
1.3715402
1.238754
7.0156226
1.2634776
4.947762
0.9699878
0.5202248
1.9100041
6.0262637
2.1398547
2.4922945
0.40799856
3.5900116
0.17067643
1.5269159
4.9689775
3.4064872
3.0258884
1.322352
3.1654243
5.5337596
0.35128155
3.230215
2.7517586
1.2132249
3.7306185
3.5182471
1.8380473
69.89909
1.9103314
6.9335427
4.1035123
3.3018146
3.9313972
4.653709
2.6829958
1.7272053
4.8922853
6.2824755
8.339091
1.2758124
3.1404538
0.75103176
0.09575999
4.719968
1.4567969
2.9498518
6.274033
1.1952434
1.9945452
3.191132
2.9441724
2.141975
3.0582607
1.76399
4.9801354
1.6434126
3.0008278
4.5847635
1.2995336
4.393469
4.1971416
1.1611857
4.9939017
2.9781551
2.2569842
0.24982864
1.033802
1.1061689
1.8097456
4.8586917
1.9013168
2.9344728
1.4956037
1.001152
2.0248413
4.092539
1.9718804
5.0637617
2.1283166
7.142349
4.488669
0.72604245
3.5059104
2.678663
0.32515955
1.6008085
7.901864
0.951123
1.9687641
0.69851714
4.1852584
1.3471335
0.9410374
0.9598943
2.2944636
3.5044215
5.7424445
10.457867
3.3420713
8.196671
6.348447
4.0026193
1.9704175
2.1936243
0.66304314
0.25483704
4.1424026
1.9184309
1.8552259
3.9724662
3.0506225
3.503157
2.2246244
1.7601705
5.2228456
5.037357
0.7340109
2.4843345
2.7731187
3.8197598
3.2677684
0.12264508
13.545096
3.4829817
4.9702034
3.1630337
3.0873914
0.84299695
2.9438508
5.144867
4.189484
2.7003114
1.1106635
3.4469643
0.5310654
2.858789
1.1782037
3.9281726
4.3672624
5.3355184
1.6228777
4.881269
4.092066
5.3697815
3.8300858
2.974585
3.9111533
2.1878657
4.3746147
0.9966035
3.7750509
6.1089845
3.0933917
1.1431417
1.3038713
1.8436848
2.0056224
3.2661393
2.2452698
2.8263698
4.515257
2.8300698
1.2601533
2.3543744
3.6572187
6.5862107
3.2176201
2.5518098
10.03337
4.034867
2.011045
0.83174676
0.46065924
3.4073324
5.192877
1.720607
3.1346774
1.0589113
0.7050971
2.6334336
2.4307542
5.207158
1.4460593
2.2123535
2.5743804
1.6917179
3.9699917
1.8770537
1.5604838
1.728124
4.507466
6.3438673
3.9367373
3.4452918
5.4890633
2.159304
6.5221496
0.19164218
2.4826303
3.051434
1.4701365
2.7458637
0.6528002
4.225133
7.7301903
6.864225
2.2954962
1.7745246
1.7432317
0.8324765
0.93782884
3.06209
0.7256151
0.93820685
0.78129613
1.3560679
3.3950143
3.699469
1.7829591
3.216222
2.7058473
9.176395
4.1149106
2.7344902
3.5442426
1.7667892
2.9101136
3.6674917
2.0470374
5.929578
1.6066546
1.3378323
2.7177925
2.4027581
1.1773798
2.3682044
3.9745615
4.8101916
2.4630017
9.032201
1.931197
4.323845
3.4184813
1.0261291
2.0083907
2.097169
3.0810983
6.367225
1.4880998
2.529599
3.659815
4.587321
2.2520642
1.2808763
2.0803902
0.59979284
5.454408
3.0375082
3.727728
2.4534624
0.86860013
3.5641475
4.436065
1.5969021
2.7329159
5.670551
4.6887903
0.6175558
2.37717
3.8079185
2.4013832
0.7990421
1.0711098
1.3694082
6.3462086
2.4547236
2.127232
1.6299014
5.819418
3.1710246
0.27908084
2.2299955
4.4574313
1.2689483
3.7869155
2.0183344
1.59687
1.628848
1.3809694
1.7721007
1.8250307
1.790443
1.0877513
5.042408
2.478088
3.2220466
2.8162441
3.919863
2.9788632
2.1595364
2.0198972
2.0099287
2.8448212
4.287006
5.8922853
1.1503484
2.910432
2.0504324
4.734994
1.8990645
0.8325202
0.36487854
1.9516945
4.0229626
6.7919283
1.319295
2.7867618
7.2703757
1.7012804
2.4200513
2.945984
2.6918252
2.9122782
4.062031
0.75653595
2.5513582
8.965122
2.3939695
3.1920385
3.8795972
0.8925991
3.0804799
1.4003417
4.866401
1.2154325
3.6516898
0.35094142
1.9647421
3.7307801
1.7537994
1.7849905
3.338629
0.6988297
4.6182675
1.691886
3.904402
4.182369
2.5187774
2.1729126
1.8698978
2.3712637
3.902682
4.6058893
6.3915987
5.522864
2.2696326
3.1618228
1.0017549
1.6207552
3.7400498
1.1539443
3.2091856
2.5617218
6.455831
4.35835
3.567557
2.1220899
16.477364
2.362052
4.619885
4.265518
0.9853873
2.4194245
0.5077208
4.6604595
4.384322
2.5879612
4.0649304
3.9583342
1.160405
1.7622956
2.0548282
4.2181787
2.4437637
1.0012122
2.7270975
2.030537
1.4862257
3.8078396
2.363175
0.7481185
0.59096456
3.955272
2.8985324
2.0466537
2.0971467
2.657638
1.2487739
1.9566047
0.92992455
3.3668404
12.055979
2.615815
1.2908922
4.3909755
3.256063
3.515725
0.69104135
2.1524806
0.2238222
4.0032315
1.0009223
5.238531
2.9879875
6.571004
6.256786
7.5115147
4.3263226
1.0449791
1.950318
5.940599
4.983697
1.1590492
8.440242
4.6529613
0.6728151
3.0729363
5.167447
2.226352
3.4967468
9.700978
2.7757528
4.352495
3.59753
3.806914
0.8440286
18.557415
2.0558777
3.6105776
4.018719
1.8193116
1.0424793
1.3755903
2.8942618
3.9543567
2.5904372
1.5367707
1.1587654
0.59938955
0.45143816
1.8127903
5.2535095
6.609536
1.3197707
0.48508063
0.7160575
3.8884156
0.7199357
0.57737815
8.658081
1.3272059
2.3857224
0.65012026
0.62201893
1.7242934
0.8850384
3.982543
3.9740195
7.1992145
4.2897673
2.37734
2.3908472
3.4467907
0.8643084
1.5150235
5.3137746
1.4439318
4.5064883
3.322626
5.5241446
3.2310433
3.393729
3.5870016
3.0164874
3.0319269
1.1790411
1.5144961
0.5100687
0.95206124
2.6998868
2.641814
3.3839056
4.4539843
3.5203273
2.2303874
1.4643425
1.7526615
6.675706
2.657008
0.5653832
3.2878985
1.8941282
2.4717803
3.439524
2.257484
0.85104984
1.3935021
1.639754
0.31605193
2.2614315
3.992373
4.9426484
6.5176735
2.9642503
3.8772113
2.2572312
1.7801409
3.6434848
2.491593
2.5966978
4.628718
2.782692
1.7964056
1.7154405
0.9440404
2.5664139
2.6743152
2.5133655
3.7076924
2.0550163
2.520849
3.5270383
2.7321534
4.429091
3.6912394
2.0627127
1.943849
2.6917527
1.7984936
1.2029256
6.3621254
4.2122545
2.2426448
1.5764449
3.48261
1.4378306
6.284817
2.050467
1.2494015
3.0645201
1.3871286
4.558359
1.7411938
0.33712426
1.7765943
1.3514374
2.0201628
3.4942145
3.4228284
6.2568817
1.3473232
1.3807343
1.0927252
1.3454568
1.8760024
2.9690497
2.6574361
0.79401666
1.5670955
4.353763
3.6690304
3.3397312
2.3026793
2.4578085
4.771584
4.1409116
0.13900964
5.3997383
2.8341908
1.6939707
4.9941196
19.886488
1.534844
4.2903686
1.5792999
2.9236286
4.868273
1.4971313
6.195702
4.5435014
2.0662434
2.3709157
0.66886544
2.5466673
3.016026
5.0999823
2.872282
3.92183
2.3561046
0.91679585
2.0250678
1.3069214
1.4073652
2.7711103
1.6462172
3.507572
3.8883164
4.5653186
1.9630253
2.9034016
1.1401577
1.9381919
1.154312
1.885932
5.1245766
2.3174038
0.19414131
5.093713
2.5681298
3.242064
1.1131139
3.3356507
1.9714955
2.4723227
3.141682
3.510993
2.913122
2.3893766
1.0458621
3.007749
4.1645617
3.6620173
4.164872
3.1344786
3.9857545
3.5328681
2.7382832
3.7677426
4.4414473
2.936179
2.6856894
1.9998933
4.8913856
0.8615096
2.8850396
5.229095
2.2872157
3.4201434
3.240768
4.3272214
3.9762664
1.5560548
3.7239883
1.8891791
1.8944719
0.6414629
6.0690336
2.573493
0.46991327
10.830418
3.3786922
2.56795
0.66156566
1.2851415
0.9965101
2.8566625
9.6377
4.951111
1.6872221
3.3348484
3.7209477
6.3604026
2.582304
3.495131
1.8904614
1.7368925
3.0681825
1.9065892
4.443939
1.8727204
3.1956935
2.338223
1.0682856
1.9883556
6.6103773
3.5852735
4.6123524
4.619333
4.4364767
2.350998
0.49927476
0.7885073
3.2888112
3.3775876
6.1269894
4.7228136
5.647389
3.2144172
1.4929291
3.259242
1.6986871
1.8627214
5.538833
2.483253
3.2315876
6.693121
3.0950887
3.071452
0.43455356
1.1177462
2.0336652
1.802751
2.7406921
0.62752664
1.989792
3.6750383
2.8514829
1.6270262
1.7829561
0.9552889
1.6791095
1.5255563
3.096074
2.874261
5.778312
8.994683
3.5546958
0.5007674
2.5480926
3.1607707
3.954989
0.29955596
2.4714506
8.444121
6.4365015
2.6859925
2.1202128
0.149122
10.446583
0.86758864
1.0542783
3.472758
3.1075492
3.3913455
2.3227875
2.9361491
1.7566329
3.280164
4.2596726
1.6671983
1.2550142
4.377813
3.0780234
1.0786756
2.0394359
1.6707422
3.7765436
2.3402505
0.8406234
0.94392014
3.4317648
3.4574351
3.9538596
1.682787
2.76053
4.5434523
4.5606413
2.855072
0.9032416
2.0357995
3.0607853
3.5339186
1.9849659
7.960848
2.688631
0.5932527
3.4453943
1.9878684
4.5184574
2.9909139
6.9980865
2.0412033
2.885602
3.0477562
4.791773
2.1346986
0.8210104
3.864803
5.324262
3.0269554
1.781922
0.9717315
1.9070462
0.774715
2.386975
1.665101
2.9467893
6.108257
0.5237211
3.1162565
1.4898154
5.0277405
1.5479907
1.0489851
1.8276927
2.3426728
2.1366847
0.1832203
3.553965
7.9814196
0.09491529
5.718268
1.6720127
2.50649
1.8093646
2.1186152
2.7701838
2.9687548
1.7518618
1.598879
2.854647
2.3643918
4.805808
4.25668
0.9867242
1.6004068
6.800559
3.5235298
0.989433
2.547805
2.6469493
4.177286
2.0201707
5.9773507
2.233862
0.97003776
1.9475752
0.6631656
5.612567
0.8881947
1.1182458
6.092952
1.4289029
1.8599658
0.8823169
1.9269807
1.0699251
3.2513278
3.9804833
34.18161
3.1544685
2.4264684
2.8351219
1.767044
1.7516791
4.9493184
1.3026365
2.175449
0.39665845
1.8800046
2.514496
2.563308
1.3834758
5.836495
3.3006465
1.5573574
2.0038078
2.906144
0.84640867
5.334701
8.053297
1.072303
4.354152
6.8399425
1.4998189
1.4400878
2.6236525
3.3799353
3.8839965
1.8113176
1.0036587
3.1019008
2.4386303
3.9437397
1.0442768
10.545229
3.8850129
4.149607
2.5939639
1.8775622
2.294323
2.0727794
2.2661886
9.95388
3.4240544
7.4304557
5.9174275
1.7864093
4.1473055
3.2056568
5.1153693
2.0032182
11.492581
3.344135
1.187495
4.551845
1.8091022
6.728377
3.9756994
0.9799533
4.2590375
8.626082
4.13705
3.9347389
9.185046
4.943047
1.3358994
2.7832341
5.9417105
5.9878125
2.4223661
4.182836
0.535636
1.3154854
2.820275
2.090925
0.77615863
2.3311346
2.4543324
3.669931
2.6808558
5.6276054
2.9912574
2.4813435
2.4241393
3.6392777
2.730523
5.253367
2.2618654
2.9959173
4.9178796
5.0492935
3.1460712
0.7835908
0.14607958
2.135444
1.6484263
1.8601949
1.5609417
0.80978477
2.0634785
1.684378
6.791496
1.3875321
2.7268229
2.8901155
0.3392565
1.290449
1.4851129
5.9594007
1.8432804
1.8167218
1.1536644
2.2966597
3.0537446
2.250157
6.7422566
0.9925002
7.214223
1.2977232
5.3417206
2.4055016
1.045247
3.3829496
20.966562
2.3627837
7.7740226
0.9627372
1.5038108
2.3657959
7.1948047
0.7059509
0.8834884
3.4511116
1.1823775
4.687475
0.90630114
0.57237345
4.4268
8.578138
1.418629
1.9445782
1.4387125
4.0810533
0.7489052
4.7038956
3.8438394
4.065426
2.2521641
5.2083526
0.81552696
0.11623297
6.9033465
1.4769487
0.8501483
3.7050378
4.956273
1.957985
5.6193204
6.888788
1.8232883
4.1446753
1.154443
7.8206997
4.6774726
1.0060664
2.44073
5.8877745
3.2079446
5.150813
2.9086668
1.6272981
2.89312
1.7624221
3.3487716
2.833735
11.220105
2.6284108
2.641147
1.156953
4.0774994
1.7186306
2.768716
3.9918365
2.6210334
2.2159195
1.9173548
2.463554
4.796866
4.034829
1.3630444
3.9137373
4.253459
1.237928
2.8913054
2.8671296
6.184616
0.93055964
4.3831162
4.546479
3.367351
1.9348437
1.2423041
1.8919955
5.2511053
3.5067604
2.0738065
2.0263908
1.966211
6.5080175
1.1322093
4.654661
1.1713603
2.3496647
1.3129678
2.0824926
5.516757
3.0374491
0.61483186
3.3020327
7.951084
0.881378
1.5431038
3.312845
1.3418946
0.76467663
2.000183
0.7374206
2.264486
2.5324416
2.8169198
4.0043907
1.3094474
3.0437996
4.137173
2.822842
44.659737
2.8415341
6.4674
6.7754107
3.7030993
5.816202
2.0413723
0.78593457
1.4420341
1.5085758
1.6539881
3.9304643
0.7638815
7.259111
2.0182714
2.5088687
8.14481
2.2098846
2.461145
1.0682406
0.597603
1.5462135
2.8849423
0.6063026
5.3708253
1.1377702
1.4864243
4.21559
4.369107
0.25752094
2.0313869
1.0461522
2.0108786
1.5186049
2.29484
4.019875
0.8513211
0.81750154
1.7515318
1.615
3.004606
2.6689074
8.859849
3.6446187
0.9744435
5.0689306
2.989586
0.8674593
2.0014076
4.2856975
0.75261563
4.4848614
2.599148
5.5830626
6.7089324
2.6043508
0.009552029
4.620498
4.142371
3.2880175
1.4591088
2.7451558
1.2038591
1.4165676
1.7565047
2.1889694
3.0263186
3.1363254
1.7094737
1.5983961
1.1163081
1.4819599
3.6352465
4.249057
1.4472383
0.81232184
5.9905725
7.202368
1.1327273
2.797539
2.8923757
4.3526154
1.2163821
11.159246
2.8640306
3.785992
5.519608
5.468374
3.1253405
0.9892549
2.7336476
0.48817855
2.7007468
3.8450375
2.3316638
5.39274
3.0291924
1.9414812
53.665466
1.2234106
4.0116134
4.171611
17.684252
1.7501098
0.778719
0.61858374
0.6323975
4.1208553
4.9636955
2.1088135
1.1322803
3.4914417
3.7785158
5.7833815
3.089184
5.4856887
1.5760162
5.2063675
0.44985715
3.0140886
2.3711734
0.5132099
3.6051514
6.854727
4.3986945
1.6403061
4.3030334
2.988048
3.5906403
0.529682
4.59018
1.4129767
7.768001
4.925318
0.8359508
3.5992084
3.2255213
1.8332543
2.4143276
0.9317205
2.1810427
5.677178
3.181244
2.4862492
2.1474512
0.6487185
1.2446277
1.0004905
0.73247874
2.1671255
1.4302398
1.6033294
3.4963708
3.8257306
56.60854
4.653432
1.6692042
2.1537766
18.651932
1.5370846
3.0940533
1.0904876
3.9822555
3.1674905
1.8996588
2.2397602
2.7573879
1.9220216
5.620822
1.4621907
0.56051654
2.8094387
2.0674376
1.7762262
2.6671708
6.2108107
2.2649195
2.2168436
2.2611907
0.87733185
8.54635
4.034454
0.929273
2.3115785
3.5269
0.12703295
2.7695427
1.5473542
4.5021334
2.04333
1.1211603
0.26994076
4.9095387
1.9456345
2.9199288
9.500683
3.195641
0.62025285
4.1272416
1.3352696
2.2642682
1.5511135
3.1688576
62.987804
1.6257833
4.2430577
1.2301582
4.016249
5.0869355
1.5473903
3.88925
2.9678528
4.8881993
0.8916251
2.5671494
3.3040886
5.0160785
5.220651
5.5688496
1.7587838
5.1810827
4.0610847
5.1214375
3.3501945
2.826373
3.3622625
3.3194163
4.5105424
0.97360533
2.7623026
1.1440314
0.83932656
2.4914784
1.1135461
4.3183746
2.972434
1.5606843
5.1901913
3.1505477
4.194791
2.4097373
1.0618298
4.2729816
0.7664455
5.58334
0.99209917
2.062417
2.8485966
3.4697578
1.3919005
6.210311
2.883033
4.8966694
7.4802847
2.3165202
5.7360506
7.0396047
4.70175
4.674469
0.48802313
3.5155525
3.7649782
1.0045896
0.35821152
2.2049093
1.4389151
2.409123
1.1145545
3.0776117
3.0806098
3.3009846
2.152553
1.8314203
1.2087612
1.3943655
3.772055
4.3346925
1.7982274
4.797635
2.5638697
3.0071354
4.8680167
2.341457
2.8218987
3.1942596
1.4346415
3.0322287
2.657266
0.43803126
4.9164147
3.0515676
2.0139148
3.1886184
2.8615859
3.1140897
5.1497307
1.2243904
3.6821947
2.2698526
6.1318164
1.441596
2.687822
2.0269232
2.7289257
2.6100998
1.2059443
1.4666722
4.860725
1.3280865
1.6918042
1.4221275
5.6089025
3.3280978
1.4687923
2.7920682
1.4446973
0.6594345
1.4304141
1.9016913
2.627875
4.6400137
7.221013
1.8698552
3.894185
3.459673
1.1331621
2.7349021
6.3187737
1.6740488
0.39999723
2.4408538
3.437802
1.5553697
1.7214196
6.0225406
1.634225
3.241525
2.7380362
1.8271594
3.415387
73.868645
3.1809945
4.4170623
2.8966846
3.0632637
8.181983
2.2768092
0.70480436
3.6056426
1.3982403
4.980524
0.84651846
0.79155964
3.7495759
3.6589527
2.358241
3.2087917
3.6377501
1.5638635
4.163198
3.2486064
2.2309968
0.60736936
0.86460984
2.4103813
6.518271
1.7338299
0.7505089
3.1887798
1.6578736
1.0135835
0.6685618
2.6869285
2.0180357
1.1618639
1.555153
6.94383
5.632362
0.9329831
4.0811877
2.191781
2.5856514
2.604762
2.9300117
3.010192
2.2743092
3.989717
7.1718364
2.2055075
11.601831
1.0397043
1.5563828
3.596135
2.942956
4.663146
4.022702
4.2575426
2.434379
4.21226
2.1485066
1.1673609
2.623326
4.176646
5.645954
3.6385403
0.7836794
7.6641955
4.7164125
1.179432
4.233082
32.484985
2.5561438
0.5807119
3.3756547
2.9376104
3.4130695
4.0779543
0.93548506
4.305955
3.1752927
2.0505433
5.511146
3.050218
3.182241
2.317797
0.8489084
3.6379414
4.451877
1.3262992
3.6486304
9.634413
3.9465303
1.3942074
1.5781746
1.9236814
3.608969
2.3367558
1.2243146
3.9594705
1.2459216
6.9282074
2.2323132
3.4697394
1.8834153
8.707177
11.52046
1.2385517
1.8953444
3.1788213
3.9197276
1.9314806
1.4500699
2.0902395
0.96839714
5.0665154
10.816916
2.6992567
10.690269
1.6832175
1.9098083
3.0578802
3.3232286
4.789563
2.005645
1.5400889
5.2574153
4.0930033
2.080263
5.600015
2.3387935
5.3343625
1.872605
0.8080906
1.6434021
3.8454525
0.84460616
4.398028
5.8012037
5.438139
2.9879036
2.533845
1.6314937
1.8842621
1.7893765
4.1254406
0.5222276
1.0033363
3.42704
2.2725916
2.9127374
1.6152977
2.958013
2.3269053
2.5074503
0.45531872
3.4665174
0.1391827
2.264527
7.4349394
3.4508612
2.7491558
0.64025646
3.2651405
2.5896072
9.840229
2.425276
14.01191
2.3606992
2.6245763
1.21133
3.0442615
3.5097196
6.802143
2.7704558
4.646758
3.5500104
3.8033621
3.7797418
1.7210639
5.258181
2.0414543
4.4049153
1.7725406
0.8889019
5.045763
5.4448385
4.1646557
0.72859937
4.391034
3.942607
3.6199267
0.81217915
1.9255582
2.463582
3.0371397
1.6365206
7.1422276
4.6730537
2.2176356
5.136415
4.262971
0.54064524
0.42034996
2.9194586
2.9150436
2.7003899
6.0947776
1.7786455
3.5756202
0.84718645
2.0671666
4.9419518
0.43640128
2.3012114
2.3932216
0.88460344
3.547419
1.5276749
3.202232
3.7349443
1.2591302
4.715146
8.018582
2.1662433
3.2737932
4.351054
1.4646763
0.4341404
3.2810462
2.5979207
1.9321761
1.4355125
3.7327144
5.5694957
2.5632963
2.9460495
2.3852768
1.457139
0.715968
4.5479155
2.6902165
3.6057837
1.9646766
3.9461172
2.386562
2.1497371
4.047442
2.4721334
2.9824162
4.6289206
3.0250635
2.2782025
1.2189695
1.4735432
2.4766772
2.3093293
2.5114467
1.4575379
0.64949095
1.4992359
3.1193357
4.0607767
8.555468
24.46513
2.1545763
1.4432516
2.9937158
3.9511642
5.84544
1.2656454
5.571681
4.4659033
1.4737535
4.050739
1.7937452
4.874106
3.7901592
0.7023657
10.30534
3.1397889
2.9929106
4.524289
6.9152527
3.9181664
5.336318
1.5407305
8.325495
1.7645769
1.359325
2.290247
2.426568
1.9511774
4.522097
0.9975298
0.41956702
4.025922
4.1455374
3.7447262
2.339391
2.6252162
2.5976367
4.4588447
6.0605397
4.380277
1.5702513
3.1390076
6.059848
0.8255442
4.906257
2.3459187
2.294976
0.9766744
3.0605307
44.54322
0.9288826
1.9177142
2.3086765
4.349833
4.9346256
1.6218848
4.9750876
3.698265
1.8288275
5.608722
2.794803
2.2930834
1.8880801
3.4805763
1.575336
6.31416
4.146108
2.5799453
1.9005654
1.9491364
3.14481
2.1051466
3.3670137
1.1789435
2.3479328
1.9425117
2.9228492
2.1260283
3.1729543
3.7246132
3.1071074
3.2652442
8.278013
9.346299
3.9538558
4.685305
1.5836735
3.7862976
0.9808909
2.5121014
5.642786
4.4181623
1.4906174
0.6501093
3.0372171
1.7624015
1.6704371
1.4568471
4.4487963
4.432215
0.590086
1.4557941
7.24165
1.269897
1.6689831
1.4510411
2.6184185
0.76727885
2.704063
2.023238
2.2798176
1.2569112
3.9463234
1.8891093
2.524855
0.93502754
3.5330405
1.6792116
1.7601534
8.30512
3.1862996
0.43226278
0.9503078
3.8632576
3.402306
9.86162
2.2047873
2.8259287
2.3474298
5.530194
3.547228
3.5868025
18.770575
7.775348
1.3494025
6.8807263
5.876608
3.5204537
2.2470596
3.152539
4.358966
0.50385433
0.4928267
1.0830568
1.8731611
5.4446774
3.1103652
5.313254
1.0916058
3.4467728
0.27688918
7.9786725
2.6553156
3.7048185
2.7094955
1.7639883
3.0951483
2.5646796
3.6313872
4.3576813
2.6040056
2.0961215
4.8051596
1.4643711
5.0408273
5.2240114
3.6523428
3.5051036
2.1952102
2.749914
1.8177168
6.268204
2.6684797
3.3236332
2.7419903
1.2668256
4.2158494
2.016175
2.1107461
3.50322
1.2652217
3.5333612
4.0579834
1.589165
3.3257205
1.2919515
4.8998275
2.4112825
2.676171
0.8152667
2.5708115
2.3289435
4.2676597
3.4234455
5.0090466
4.8404174
2.287178
3.4530559
3.914092
44.585636
2.4188294
0.859079
1.5169796
7.239437
3.2514622
0.4590672
1.9344215
4.404816
8.446101
1.3045424
37.107872
3.9676807
2.4086196
1.3686093
2.373726
2.716025
4.355833
2.8520474
1.7721026
0.6635469
3.5165493
3.408741
5.1616945
2.406463
9.438166
0.48119804
2.882364
4.7002325
3.4953966
6.718379
7.7769785
2.721719
4.174274
1.6516302
2.8056145
0.91642696
4.4349165
2.121628
3.3573215
3.9907575
2.0078907
1.9240165
1.6758868
3.8965454
4.031074
10.49094
4.281363
2.3393254
0.9551161
4.3936877
1.6321527
2.2938843
0.4340267
3.1198244
3.5927687
4.123694
5.1367736
0.96456814
0.20048794
0.8547342
5.123661
5.1770973
11.051104
3.595144
9.849698
1.1322957
4.8456097
2.9938085
1.5561606
6.087543
4.1125526
5.8260407
0.5278434
3.2204204
0.90137833
2.970805
3.5783055
2.157876
3.354507
3.671465
4.0605865
3.1796072
0.9387893
3.9888566
3.2815652
0.8563132
1.7391816
3.244777
3.4386299
1.4055172
13.760183
2.0001514
2.7999167
2.6261754
0.6999134
4.184251
1.7872552
1.9315181
1.5449331
1.9133278
2.0625606
1.2158012
5.23899
7.7575855
5.127672
1.7957435
0.52445495
5.311645
0.08734714
0.8947721
1.2428653
4.4202147
8.536936
8.118375
2.6275299
1.8598393
4.482932
2.7063534
5.1044817
7.438195
2.7994356
0.95440793
2.0471303
2.6401265
3.3022978
2.0564048
2.6057975
3.4672275
2.7360096
3.6940572
3.1087713
1.6425633
0.7750131
1.2889333
2.6980321
1.8715942
3.6846495
5.89152
5.055296
1.1989523
0.24787562
4.843863
3.8735192
2.9736469
0.7256931
4.441815
1.9723065
4.147457
2.3686187
1.5717822
2.8740532
1.8101957
6.4221725
8.5945215
2.31759
4.911534
1.4162
1.9325472
4.4850535
7.4553084
2.602634
1.4835738
45.253883
1.4912356
1.7806569
6.676949
2.7362468
5.269955
1.1461538
4.1602755
5.2918634
2.735588
2.0426562
1.2850587
3.0850728
3.2798247
2.2826288
4.106708
5.8817368
0.4334806
3.5633988
1.9523668
3.5311413
1.109506
4.8826504
4.1754193
6.2291236
3.3331454
1.726509
2.1132796
3.92782
4.4026413
16.952002
4.0031924
3.325634
1.6533527
1.8720937
3.8500457
2.1283243
3.5572543
3.057238
1.5593846
2.2480404
2.1710713
0.3151235
3.6193516
3.2993045
2.5877857
1.6999782
18.76589
4.1184745
2.7020931
2.6699185
3.0199518
2.5315418
0.3889527
2.2848077
4.4153986
1.3969513
1.8967786
1.7463787
3.7519774
3.1883829
3.1114197
3.3585372
3.892603
2.0782619
2.042124
1.0416555
7.8726816
2.0452197
6.3184257
2.1692584
4.5921755
4.225603
4.1242604
1.7710215
1.0455253
10.42326
1.3013606
1.729982
2.1036558
2.2477987
2.6051652
3.3898077
6.8707986
5.8543143
2.779591
6.1792965
4.365101
3.209978
2.4880056
1.0480719
2.6909492
6.599508
2.5766575
4.3105893
0.9181193
3.708138
1.9237323
2.3529687
4.662125
0.67013067
1.5638341
0.8681143
2.0630074
2.5020416
2.3237305
1.5265402
1.5178264
4.405921
0.74063677
1.4772506
0.69425696
10.953201
2.317798
1.0541133
1.2307403
0.5753406
5.350352
2.7368865
1.4575783
1.5505891
2.7006593
3.4644442
2.7312462
4.0645833
3.3815632
6.0742574
5.293334
1.9681644
2.3893845
2.1774564
0.8271846
2.0293972
0.41918564
3.4545956
2.2544801
1.7914208
1.1117804
1.809597
1.1423615
4.4264436
4.0828414
7.285506
1.5869735
3.7145324
3.1663742
2.070109
0.83951813
7.5209246
1.162924
4.796033
2.459803
5.6834497
7.10479
2.6348927
7.8586717
4.134544
2.2646892
1.9735134
2.6307948
3.8212383
1.3314904
4.449775
7.3333015
2.1402667
0.33343717
1.951647
0.92398506
7.941404
1.1075857
10.5705185
6.015153
1.523831
0.8414657
2.751578
0.9631676
5.4798393
7.33984
1.828009
4.051038
2.2578619
3.4106226
2.138505
3.5667608
3.4628422
1.443609
1.8560209
1.0868243
1.8556755
16.931492
1.2211528
4.63056
5.775346
3.9268246
4.663949
3.367902
0.74545926
5.334912
7.066946
2.3469853
2.4225192
4.9977527
2.2927372
2.431782
4.835398
0.10961429
3.9350443
1.2326286
4.6370387
2.7460601
3.4085412
5.437199
4.8873777
0.1946558
3.4040208
4.276025
3.9719641
1.5649952
3.5441663
3.3225453
2.592887
2.0470064
0.8915978
4.611464
3.0194259
3.4316423
4.236838
1.39697
1.9439092
3.6919146
3.775717
2.1770315
2.7134423
2.5081186
0.76469004
2.1149511
1.7546312
4.7920303
3.1203241
3.4597638
1.1564958
0.8977871
1.6787155
5.1601243
2.65874
1.4743879
4.3512583
3.275499
6.0011578
9.132034
5.6621833
3.0446396
8.859743
3.9269893
1.396246
1.1439661
1.7348877
1.3324417
1.0269735
2.3508022
5.093533
5.105951
1.6335692
1.8697146
1.9771461
2.5545673
2.2433026
2.1320736
7.1583843
2.0652134
0.7993612
4.0704823
2.9743817
5.0485854
4.4802756
5.66457
4.6132336
5.4422617
2.796385
2.0892725
2.3610647
5.3985868
2.3726192
3.1834118
9.7947035
0.6056899
2.6742675
1.4965221
8.095614
1.6355958
2.9611993
0.8646153
2.1349113
4.5035896
4.075507
2.147576
2.309551
3.0407662
2.277071
3.1401448
1.4163766
5.678899
2.7522922
1.4248816
0.61608326
6.4863563
2.6503465
6.65415
0.4454164
0.52247095
3.1987371
4.0735826
1.9082556
5.630691
2.7995298
2.3194385
0.40470597
2.590446
7.342747
2.5872462
1.5239772
3.284899
0.58729327
2.9763093
2.6817074
2.3166351
5.488605
3.4649215
1.3954238
1.775639
2.9500058
2.5047483
3.2851226
1.0519284
3.9011693
2.29621
2.9274776
2.516022
5.9569187
2.693322
3.7012587
1.8161275
4.2677555
1.8067781
2.7159674
1.9915987
2.6477869
4.125899
3.8348482
5.0142593
1.4831687
3.6321652
4.0542417
1.0526212
2.79015
0.40509182
6.422289
0.05318709
2.7007172
7.975713
0.8601514
0.42297307
1.8033907
3.5607836
5.329563
5.9246078
8.954971
2.8959546
9.490235
4.782482
0.8866738
1.8228269
6.841725
1.5796682
1.7688787
0.3717949
2.1732516
8.803014
1.9892902
0.21705495
4.020246
1.5659839
6.5602374
1.2546338
1.7324482
4.088568
4.4406705
3.5938208
3.5381393
4.71021
4.329352
3.0717182
1.2620935
3.2454052
3.4918733
3.8797724
1.2525065
2.082257
5.2393355
5.5345063
1.4451656
2.557931
0.7860311
2.3624606
2.3842828
1.4556696
1.5687406
2.3354185
1.7092452
0.4028658
6.2987638
1.4162272
2.1081827
2.7860947
7.6012807
0.06617921
2.8530781
1.0519111
2.076458
1.9485812
1.8999363
1.7777104
2.0094926
2.8497937
4.7013445
1.9717243
6.8470745
1.7841451
0.13307899
5.7047424
5.3667026
4.4369893
0.39893407
1.4747845
4.5017333
4.0644
1.6175543
1.9267937
1.4669232
4.055655
2.0231886
4.0629835
3.007071
7.730755
2.3588393
3.2075853
1.6440921
2.6508107
5.11871
2.4841526
1.243818
3.9071155
0.3944826
2.429086
3.642002
3.879545
1.6593387
1.674488
6.6171002
2.5916035
5.0673604
25.174913
5.173504
4.6372313
1.352676
5.3017917
1.8981253
0.97632986
2.4164197
2.3514087
5.381034
2.42606
5.326535
1.3888919
1.7069933
1.9329127
0.65380365
3.1770084
0.9272416
4.519197
0.2608905
1.8064789
2.0316603
2.0784662
1.616642
5.025287
0.5686731
2.7445133
6.253271
2.3937895
1.5999988
3.070144
3.3080935
6.881349
2.9117355
11.083278
4.88953
1.0151058
3.383098
0.3909782
2.6387043
4.071111
1.956174
3.6078527
1.5468516
3.5675526
1.3963964
1.4303552
4.724595
6.157131
0.35395765
2.2423472
4.9779415
6.484672
5.09003
5.0713234
3.7159994
1.4899122
5.969874
2.5989969
0.7257002
4.125737
3.3959227
0.7021436
1.2530411
3.5951412
0.6367899
2.3622913
3.5942593
1.3794153
2.3065948
2.578246
0.80584663
3.5052364
5.493907
2.6736114
5.023091
1.835322
3.2678022
2.0467384
1.749317
2.630513
1.3907123
3.6829853
1.6494601
1.4722686
2.1675606
1.675175
4.0949063
1.3984209
1.233161
1.3080685
2.658508
1.9409343
3.4081035
1.6061672
4.848858
2.131315
3.3511312
2.2347546
0.23549077
4.673941
1.0225382
36.578526
1.1168511
4.654315
2.830708
37.440014
4.456497
3.393474
2.7392042
2.1971948
3.5895822
3.9373648
0.95524305
0.94015497
7.3625793
2.1046789
3.4898498
4.791577
1.4839468
2.8861208
1.3158882
44.292507
1.7571474
4.413977
0.523613
0.8937885
35.919178
2.5898995
4.318371
0.9873375
1.9203446
1.8480787
3.459302
2.302731
1.7224473
0.5539644
1.4665202
1.9025843
0.25491363
1.3362594
1.0881562
6.174192
3.66742
5.7679477
5.532571
0.5680209
2.2292817
5.0904493
3.3878572
9.984719
4.226586
1.921201
1.8940091
2.4698198
6.870917
4.226861
3.1895943
0.34219375
1.4125046
7.795089
2.6438372
3.2724776
3.4315102
2.0540612
2.4230611
3.403848
2.4307566
0.91692644
1.9825675
0.42464587
3.8734689
1.8788546
3.9157054
1.7033412
1.0174327
7.238479
0.8535325
2.9625776
2.5990179
1.7896007
3.604293
3.091098
2.3069484
1.8033607
3.6437333
3.879104
2.9739838
2.0946434
4.0839095
1.9696043
1.8201725
1.6253381
3.4337258
1.1502872
2.8493261
1.9571545
1.1202567
2.9215438
4.80249
5.2270594
2.717223
6.990227
2.7822802
2.310736
1.8836344
2.6871274
1.618495
2.3898985
6.6778555
1.4801108
3.5827827
1.4122194
6.2724075
4.3988714
1.1423628
5.757477
3.6660385
0.6588429
2.1058223
1.6349597
1.1464733
2.4741485
1.4733942
2.6214213
2.650374
2.9992163
0.68500704
1.5801947
0.79108214
5.1377053
1.6710231
11.328641
0.85424995
1.6356124
2.167717
2.6781666
2.3650718
2.9518511
4.208956
4.545379
3.0747921
2.899788
0.064278446
2.100482
1.5007648
75.533005
2.097315
0.46085855
2.4767442
6.0117464
3.2209387
3.6132658
3.3393345
1.7671908
2.0018463
3.1934888
2.1146889
0.32507315
3.2406514
1.8304299
7.552582
2.3324807
2.3720024
3.04269
4.716018
2.25423
3.8689106
0.83855426
7.044023
0.7217267
1.7264135
7.898807
2.3108447
1.3614872
4.232016
3.870906
0.45360938
2.9161043
0.82258654
5.5622044
1.6700914
3.469232
10.114719
2.6428459
3.384383
1.5214049
1.5753998
2.4504719
3.4406774
2.1224926
1.9165981
2.4424698
3.6292925
0.8280195
2.6131353
1.7913792
0.97149074
1.6456386
3.3150907
5.8758698
1.8756394
7.0544705
0.43620655
2.2332518
1.391079
1.2894921
1.6456685
0.8218694
3.1376686
5.452909
2.6195447
2.7384772
0.3018022
7.173591
5.7906036
2.002392
1.2026691
3.9288402
0.6471609
4.5422277
1.3094538
4.6304054
8.985425
0.33503577
5.7398095
4.0944653
38.67948
1.9848039
0.96113914
1.8798404
6.376577
4.8847637
7.9345207
3.3626082
0.63867605
1.2011656
2.6390173
3.9593458
5.1548834
3.4231207
1.5713983
1.3933254
2.1210155
2.038539
1.2453651
2.391719
2.4893196
3.862867
1.685783
1.0719384
1.5880653
0.9979568
2.1952798
1.756311
4.090286
1.4124837
1.7780378
1.6151631
0.5868256
2.468752
1.5928819
6.23206
1.1906189
3.185813
2.9097867
2.0839546
0.9200572
3.7831109
5.4689445
1.9193795
1.397955
1.5760859
1.0517032
1.6327176
4.6142473
4.182693
3.3236477
0.98534465
1.4909977
6.5806994
2.4696515
2.5190248
2.2828708
3.3062785
1.9009721
1.9839407
0.31052256
5.616539
1.0871353
1.2063044
2.1698923
1.9273951
2.9019248
1.7364311
0.9305537
2.4295745
10.384693
2.932739
4.230124
2.9730046
0.8087935
3.570461
1.5753019
3.536457
1.0910518
3.7549343
4.2093034
2.5292747
1.287921
1.2487813
2.496403
6.731493
2.2924874
5.061001
2.46372
4.001894
3.5860872
0.34998846
8.433934
3.774925
4.1683273
3.6555321
0.6916814
2.0945294
4.5756664
4.7307944
2.0744817
8.919325
3.259143
2.1578171
2.3257606
1.2509274
2.15753
2.3351295
4.312087
2.6868956
2.109052
2.285497
7.5077605
6.0990567
5.3556504
2.1154242
1.4314264
0.36628127
2.3469217
1.7717472
3.9104886
3.4331863
1.6518044
10.934689
0.6180057
6.1814494
1.5776569
1.7666506
2.1864197
6.0126305
1.4526725
4.148458
1.9067281
32.494724
3.8163035
0.48714086
2.6859896
6.1171365
3.4576201
2.2688541
2.6611319
3.185
1.540468
6.0485697
1.8245957
4.980036
0.9749593
3.8743608
3.9339056
4.532255
6.7308965
0.41695854
3.4709187
9.063966
4.3540974
1.3072883
4.3833222
3.1821039
4.533831
31.761908
2.850155
4.4970255
3.1401424
1.9887466
0.6142959
1.6420867
5.756362
1.3752645
1.5398215
1.6512897
1.9968282
2.8740253
3.0460012
1.7028652
1.1063308
5.0422206
0.5387069
3.2367494
6.8592043
4.1322565
2.0833917
37.3771
3.5391166
4.423114
2.2652159
8.391557
0.6058338
2.7583044
2.102495
2.875343
1.4320858
3.13638
3.3476734
1.3787647
2.3898118
2.7611127
2.7823198
1.8266071
1.8794402
0.61106694
2.0553424
6.3829265
3.3907585
4.734882
1.6300238
1.5686526
3.3776128
3.1125236
3.851632
1.6261462
4.1528673
1.5600045
1.1577587
2.410031
2.6098802
5.667364
3.003006
5.192791
2.0987957
3.7074845
2.4051766
2.2369626
2.6085057
2.2185326
12.006476
2.921824
3.796847
5.576101
2.439069
0.56522465
5.4421906
3.2194695
4.0921474
0.71272415
4.131689
4.4328947
2.4780052
1.5022731
0.93785256
9.166804
3.5811763
5.209361
1.7609217
5.5635743
2.362866
6.3885784
6.273583
3.1773973
5.1209483
2.553191
4.0934467
2.162596
1.9130968
1.1159811
3.3036668
3.0967033
1.7634741
1.9099226
1.83651
5.59889
3.8294237
4.965822
7.7457976
1.6724511
1.0868505
2.6906035
4.618101
3.7280116
4.1625304
1.139062
2.2088804
7.541011
4.7178707
4.2657633
0.8015562
2.3626847
3.218776
2.5642316
2.822133
2.8322384
3.0121672
6.0235934
1.6887459
1.9526919
2.8474092
1.6987902
3.5512328
1.8304309
4.3214626
2.8183067
3.589877
1.9961175
1.3453679
2.962194
2.6902814
3.6779432
1.042387
3.2776008
9.823069
0.6721912
1.6497506
1.8835492
4.206563
8.399339
3.2245364
1.5180491
5.1462502
2.3771026
1.7214358
13.763166
2.8935204
3.06521
3.4245713
2.377051
1.843429
0.14072625
1.9725884
3.2372892
1.9453636
2.353854
2.9484622
1.3161386
1.7318163
4.840418
2.9710398
4.2370725
4.579471
2.8296213
2.0565314
3.290671
2.4226253
1.996978
1.4241865
2.5584803
5.7429214
7.3660026
0.3650782
1.3965455
1.4511919
4.7748528
2.0364492
3.6901083
1.7904395
7.9350677
0.696677
8.022259
3.2119734
0.88503075
3.4355743
1.1087927
5.226318
3.6429524
1.0924262
0.24521828
5.093991
2.427739
9.726568
3.3587072
4.021576
1.325868
1.7579705
3.4481585
8.032422
1.6874444
7.354849
4.538397
3.924238
3.040069
3.5614705
1.7011856
2.3293297
0.495967
2.0795374
3.4887536
3.162377
6.496027
4.092202
1.6095185
1.3363365
8.343428
2.385903
0.7498614
8.711768
2.426055
2.9862204
2.7208087
0.20024477
3.2420902
1.6932694
1.6963015
1.751072
1.5241878
2.3446934
2.4603763
5.1143203
7.2136464
1.8548752
3.7002666
0.86185163
0.73029107
1.140369
5.1870694
6.334609
2.843747
2.3707387
3.076713
2.6575832
4.5219135
2.3061273
1.9542859
3.3968396
1.195736
2.1619134
0.6097939
3.3912861
3.428924
5.0306325
2.754631
1.3294749
8.909523
5.0344725
2.0513537
1.759957
2.0727232
1.0914505
4.2436447
4.9263988
6.201143
6.26021
3.4154868
1.6102054
1.4482304
2.1539195
2.2355008
2.4357288
2.6875148
3.6989386
2.273557
4.8055105
4.2336025
2.506867
3.8115733
2.3437264
3.0655077
2.4275906
2.4894176
2.7914467
1.6652383
3.4587097
1.1891729
3.205193
4.8436384
1.3692148
1.25703
5.5018687
3.6638255
2.6701045
2.021786
4.4184437
3.5372157
3.9127703
2.4522917
2.5544562
1.6036586
1.765144
3.1713498
10.391782
21.351994
4.409043
4.155503
2.3796737
4.31601
1.9980307
0.33044726
1.9358634
1.9102309
0.67904884
1.8028103
1.6306391
2.1297448
2.7606015
2.035321
2.3844092
4.213478
2.1135616
5.2498956
1.7721672
2.2579374
7.319887
2.9013984
3.3734
1.2501944
1.3308755
2.69666
2.5243964
3.0095212
1.0559713
2.9793282
1.7068897
1.1899623
3.720069
5.788454
2.5031192
2.091139
1.12566
3.9274068
6.341444
3.4095848
1.5535377
5.918782
2.936476
3.7105348
1.5460719
0.1900758
2.6115303
1.2995924
3.778741
1.8813473
0.5958058
1.2700993
7.496867
1.8797534
6.9514627
2.6496336
0.59961677
3.1391025
2.5671508
0.111611284
2.2434928
2.417267
2.0529304
1.8552984
0.66865396
0.5616964
2.5214462
0.26888654
2.3512502
1.9981263
5.2155585
0.5740445
23.733562
2.7198465
3.9331527
3.3991086
2.1066735
3.6503403
4.251172
1.8407075
4.231039
1.2188331
1.6921833
3.8506029
0.55490816
3.9164498
4.2044487
5.4107337
6.753948
2.082276
4.768052
7.819188
0.4597029
3.869789
2.89286
0.51355535
1.097423
3.0354903
2.9150567
3.2373633
5.88794
1.9635648
4.4541397
5.929785
1.4011316
3.5987635
1.3058647
0.6783928
0.7818432
5.11623
6.9263043
3.2741108
6.8197556
1.4686866
0.72542447
3.7818167
2.5961733
2.4905918
3.2039301
2.0903952
6.019325
5.0575438
4.2886004
2.3205302
1.9804281
1.6022985
1.1904206
4.1954556
1.9227988
7.0182276
4.6856036
7.4719887
0.8421517
1.0967664
3.3672585
3.1152596
3.3559868
3.4574542
2.5571241
3.7838755
0.41199118
1.7920519
3.754407
2.4522607
1.2859399
1.2902727
2.407807
0.6297757
4.2449346
4.810655
8.301798
2.3957465
1.9755882
0.6663409
1.1277304
1.8781158
5.0244503
2.5354226
35.184998
3.00451
1.7884349
2.8118098
1.0237033
1.8653722
4.562351
3.9453783
4.2897577
0.7678549
4.889969
4.5073757
6.234859
2.3106813
2.2439504
5.9947186
1.8879151
3.2758195
1.8822507
3.6417246
4.0355864
27.466963
2.1727653
4.495029
3.1630769
2.8448925
4.169646
3.0092158
3.5405881
1.3046408
0.44407478
1.5834863
5.046297
1.7629231
2.0100923
1.2073117
2.011356
2.6883376
0.5902202
2.509721
3.5697994
2.3399482
1.8307922
6.4071064
0.17420499
4.6291437
3.2332776
4.37019
3.5401838
3.634769
1.2229538
4.902795
1.1868215
1.000121
1.3605171
1.1299328
1.4607424
4.7425194
4.2979403
3.7046912
5.816025
1.9815093
4.0489025
3.2397096
0.9104065
2.8978808
6.485745
0.768122
3.1976345
2.2668536
3.26428
2.704374
3.2346146
3.056105
1.732654
5.57665
1.8578545
2.7001374
3.4009256
2.7684443
0.79344124
2.4488354
2.0649023
1.8819349
2.5952117
4.603339
3.966667
2.812101
0.6363243
1.1995287
0.8678025
2.1396134
0.9727374
1.9103794
5.624803
1.2328649
3.4386806
1.7023998
1.4506255
2.7921247
1.6219482
3.7508006
4.4543257
2.7251906
5.081248
5.7611666
2.3216066
1.1459956
5.959112
2.4535637
38.833878
3.0345712
2.7666728
3.817173
2.3995256
3.4723072
4.637726
2.071122
4.415138
2.0017123
2.3013656
2.159573
3.9594321
1.6453303
2.902293
3.9085045
1.5468315
5.9649477
3.4511435
0.7622854
6.2257833
2.2171757
2.4582787
2.3386152
1.6595954
1.3102319
1.5917763
2.4089375
0.7101469
7.1321473
3.9784868
3.2279758
1.8002712
4.2603884
1.8278725
6.386922
5.4444537
6.1091084
2.963503
4.2669067
2.8057296
6.876973
1.8069254
4.639032
3.7791076
2.710343
3.8625143
3.0719326
1.7236433
1.1062429
2.4008799
3.527602
4.491722
3.6404178
3.1308165
1.0971998
2.674765
2.1658592
1.6421366
2.734101
2.2382302
4.358565
2.132114
3.5457277
1.7084312
8.402295
3.958825
1.7890725
2.597967
0.31707227
0.78773385
3.6663845
3.5449655
0.8769803
1.4388086
3.3202434
2.034827
3.9118056
5.8272095
2.5826645
5.846737
4.1309166
0.37125838
3.847425
3.1128166
1.3250428
1.890385
2.8765805
2.3186424
1.2624917
16.34247
2.3773072
0.42262164
4.668751
1.6302805
1.0867099
0.14640063
0.35733792
2.698465
3.1854918
4.7669444
5.049657
6.92987
3.4488654
2.906709
1.6592379
2.144107
3.7677183
3.9607925
1.2684433
6.7785625
0.11935267
4.890107
2.1903322
2.5347583
2.610268
2.8983033
0.30933857
5.109791
2.630629
0.75196785
4.396087
4.5733047
2.9499032
1.1747496
24.455574
3.7794433
2.0057707
1.8255955
5.665058
1.982174
8.360644
3.166084
1.9068142
2.8750615
3.9202433
1.073971
4.1140747
1.9633992
1.4008527
1.010732
2.933745
2.3254137
2.305973
2.8891122
0.5530795
3.6950898
5.0517406
0.34908873
3.041886
0.6521337
0.54959273
0.84643286
2.2953806
4.618043
3.1168213
1.9968386
6.0982485
5.221654
4.7410326
2.1767006
2.7711756
0.8238158
1.5087667
12.673543
1.8686632
6.308634
1.8198065
3.7583172
1.3497862
2.3844962
4.3725967
1.455735
0.14884761
0.2556737
5.676657
1.877827
2.9747303
9.425265
2.7656496
4.6209064
4.4588246
1.2895783
5.614375
0.6314831
18.655767
0.4135447
7.7006598
1.2216041
3.5011547
3.1872864
2.5963511
4.2003913
2.6909633
4.7287493
2.4954307
0.9848291
5.4670434
2.4900658
3.6135688
2.885123
3.154383
4.4279437
3.3915126
1.8850353
1.5970968
3.4582858
1.9174308
2.256441
3.834167
3.8967927
0.9294049
5.0225716
4.8206143
3.378569
1.2714348
1.9845349
0.7663132
1.8668466
4.025549
1.5855877
3.5074065
8.071479
1.4378061
4.1714754
2.2736087
1.3691149
1.6818758
0.89465564
3.123859
8.240548
0.3679459
0.7988338
2.3667576
5.659389
8.47419
1.0831126
8.383103
2.7864769
3.965585
6.4168234
2.7676332
1.0133243
4.111593
4.6535344
1.5103949
2.7908723
1.4778649
1.8854654
2.0229778
2.3792987
1.9973451
2.039366
2.9688683
2.2381334
4.080707
3.9712598
5.2032075
8.619433
3.9767275
6.383779
6.7123632
1.6311128
2.8517723
2.8405848
2.231005
1.4018383
5.9749646
2.6762536
6.7943788
3.4434867
2.4946623
3.937013
2.9983752
9.134061
7.032236
5.4492846
0.8685608
2.4590638
7.3199496
1.8785793
3.320142
3.4850178
3.3654218
3.642036
0.49326706
0.84512603
0.5952269
5.9732804
4.660608
3.6559076
4.1671453
1.3402033
3.3244286
0.82298195
1.9790323
2.5822346
1.8027372
1.084504
2.8699317
3.5326169
1.0802759
2.5671513
2.0607312
0.969158
1.787887
1.9851905
2.6644375
2.521669
5.4785185
2.7547026
4.328564
2.2624645
10.637132
3.9292576
1.2532471
3.7316554
5.668766
2.0257895
2.1833837
0.7348211
1.6474674
1.710349
3.9873028
2.8564034
1.4983768
2.1138122
1.6117958
1.8101273
4.06353
0.35698128
4.5877624
2.0835829
7.798124
1.0518394
2.9169884
0.43004474
0.6782593
1.0926541
3.1765072
1.1850876
1.7892201
3.0786607
1.5434185
5.847949
1.734247
4.412387
4.074709
3.4515865
1.7884077
2.625313
1.4995388
1.2585953
3.3191795
4.477584
4.7371225
4.287248
2.9094186
6.1615233
2.452042
3.3447034
6.6310396
4.6922092
1.8310053
4.809747
2.7213917
0.60207266
4.1896167
1.6902425
3.850413
4.2134104
1.8167362
2.296677
2.2499132
8.330943
0.23029213
4.7055817
1.8529396
3.8226404
5.9859023
2.5250382
1.7640562
0.8238271
2.0801578
4.899265
0.86018676
1.4457494
2.3855307
3.3120463
5.111207
2.4447393
1.3727099
1.0654235
2.2617936
4.6764507
4.849025
2.0652602
2.4151013
0.92445165
1.2787632
3.3641684
4.530519
5.5077925
10.098149
1.6789576
0.2675566
3.9143798
7.6531386
4.4549
2.0055752
2.614547
0.9745351
4.7673693
2.1818626
1.3645027
6.49349
3.397659
5.430532
2.8063293
0.6992553
3.6787045
0.9953146
16.381151
4.0370636
2.4815924
35.167736
1.8373091
1.939797
1.8611746
58.92209
1.4912277
3.042821
2.3003209
1.3520311
5.070217
3.5968711
5.2515845
0.52559566
5.363471
1.4237038
7.61316
2.2199247
2.3169842
0.85710275
5.638365
5.0043006
1.1800382
1.6358272
1.849243
3.606967
1.249971
6.4871364
2.8621578
1.9400121
1.7469298
2.465099
1.0863322
4.396016
1.9697338
4.9582057
3.761838
1.9671152
2.5244536
2.3991294
1.8788856
1.7137585
1.7270844
1.6776685
2.6790042
3.4245603
3.4226396
4.2105575
3.2884412
3.6559365
2.4003994
5.83398
5.6907887
4.0380235
2.8376667
3.110755
2.2357268
7.217738
2.3166046
7.9265876
1.8147011
3.6441655
2.3262923
1.8808544
4.390493
1.5160632
2.1703956
3.8811114
3.3993587
5.9424167
0.9592912
1.5887377
3.1258337
2.9778748
2.660184
3.6397982
4.175448
6.717639
0.5649822
20.006447
1.8937703
3.2120314
1.6728382
13.29911
3.0993764
3.2154055
1.4374628
3.835823
6.924006
2.2924347
2.4969244
3.3500507
4.1096935
2.1339543
4.4845476
2.130615
3.8002808
2.1307824
2.4759002
1.4176316
4.8553047
4.0444417
1.5477388
2.536329
1.1390685
2.8641546
1.9152569
1.2381335
4.0966825
2.1686375
1.8784667
1.4439956
0.9792379
2.0694418
0.504896
5.5904536
3.533155
2.1822834
3.762696
2.9545534
1.4935755
6.4494534
3.5089092
3.167845
1.9262494
2.014258
2.8579524
1.0875609
5.0924
0.6325428
5.58687
4.6863627
1.0397011
2.037162
0.265285
2.0323153
0.6319759
3.6825757
2.33104
2.1635633
2.0178216
3.5596945
2.4748745
2.8263266
3.9780805
0.8275051
2.7158608
0.79747236
2.7779222
7.2285585
2.3195243
3.0114174
1.5530858
3.3191612
3.00721
3.533688
3.4726186
2.6313188
2.701216
5.6659026
8.241791
2.6133723
4.097493
0.33514392
4.0282063
3.6355278
2.3711903
2.6168635
1.4614985
3.6664464
2.776758
3.7594671
0.8346722
1.3473401
3.2331755
3.266415
2.467532
8.121614
3.9778428
2.1429803
1.872783
0.04520389
1.858643
1.8580899
1.8087105
3.390967
2.7117949
5.477863
0.5855747
3.8499885
6.312226
4.8044567
0.5006985
2.4076939
4.919566
0.7409457
2.6624355
1.8286803
3.073082
0.80795157
4.8031845
0.8405554
6.5281444
3.3207743
0.16427808
9.59929
3.2538548
2.4405668
3.2977314
2.00471
3.1351845
2.8617668
0.50271547
2.0290496
4.5584955
4.992802
2.3809614
0.64510924
1.7018404
4.5348206
0.5327245
5.044761
2.9760015
2.578058
5.7177052
3.3641129
2.3679698
8.23761
0.8148701
0.39542764
6.1680284
0.8189583
2.2009256
9.347337
3.4010274
3.5695417
2.1918244
1.4237866
1.5136019
2.0610607
4.2319503
2.1650403
0.42154583
2.028193
2.896848
6.707017
1.6921088
3.8582346
3.8100917
1.8337622
1.9579883
3.1181183
3.1787736
0.9373612
1.6065197
1.2354099
6.1525965
1.9885334
1.2249173
1.767761
1.3218988
2.1292055
1.8981797
3.3903885
1.6690727
1.2274286
1.1250675
3.1220803
0.6449135
2.356108
0.77514124
1.7867593
6.3272347
0.8295241
1.6593167
3.4268413
0.3807667
3.7580676
1.3602098
3.937863
5.4590163
6.0628
2.6042416
5.171998
2.8075402
7.42932
5.1472845
2.8853817
6.3528404
3.9172642
2.7828662
3.028574
4.380768
3.1412048
2.4579813
3.1237416
1.3923911
2.9632301
3.3452501
1.4100002
3.6870189
2.811698
1.6616781
3.0107896
3.0235438
3.0794544
3.6433902
4.1537933
8.041063
5.4839954
0.6149018
25.395176
3.4224021
1.9299728
5.1915493
2.2210824
1.9549179
2.1616552
4.5432296
1.3069295
3.434265
2.277128
5.15198
0.21102436
2.162085
0.8977637
0.68823916
3.5180144
5.7202816
3.2605112
0.8992745
1.633247
1.4924515
4.589691
3.6745996
2.2565491
2.3631153
2.6427305
2.2792702
2.1272318
0.9416219
1.1306012
1.2373888
3.2282977
1.3278202
2.0617032
2.4256144
1.2107532
3.4118392
3.6889994
3.0804248
2.5343301
12.2979965
3.7935116
2.7557604
1.4882311
3.0449617
0.16230367
5.228394
4.1632485
2.7965279
9.499667
2.6393745
2.8032413
2.6849632
9.976115
0.08310997
5.8006744
2.049335
7.5571327
0.8688693
5.7912226
1.9334399
2.130934
7.7678733
2.4313765
0.6562652
2.636484
1.1780934
2.8229573
4.9256015
1.7888868
2.5873826
1.5525018
0.40688
7.407145
1.078058
6.0657263
1.781882
5.572893
1.0159754
2.9421756
3.1328363
4.574294
4.2383823
10.523479
3.7992241
4.464508
3.2683332
4.133367
6.303436
5.6929564
2.8327954
2.693548
1.9518838
1.6035573
1.3473535
3.4572947
1.713632
1.0755289
3.354018
4.6777306
1.5877494
2.289529
0.88351357
0.8791961
1.8793626
3.2367964
1.9982921
5.376648
4.4730744
1.9477537
8.271879
1.0779103
3.0774162
3.7564538
3.7180307
2.1579266
2.923415
1.8970846
2.145509
0.6136333
0.58552027
1.2143935
2.2745383
0.22922665
3.6100404
3.5148404
5.721674
2.0999653
0.05750471
18.412483
2.40674
4.1840477
3.607269
6.71156
3.9226124
2.164993
1.1314496
0.440723
7.885263
3.626949
1.8383896
8.903387
1.6053704
2.7797809
2.8449254
2.0251367
2.170654
2.941922
5.932873
5.0660934
4.3228745
13.118221
2.227477
3.1322832
2.869851
4.8256664
0.44468698
0.9109526
14.240391
2.1469219
1.5671881
4.868054
4.6864877
1.3585817
1.2569817
4.5144825
6.0452003
1.3803412
6.0627475
0.74003994
2.3757598
0.19661298
2.7905135
3.980093
2.1515388
5.691175
0.70585495
3.6763582
3.594456
2.9008815
5.4046006
1.418904
4.122793
1.2404301
2.4328544
1.4902778
2.7334375
2.2677343
1.8074858
2.359971
3.4072983
7.8718276
1.8732588
5.78146
1.3832914
4.2297974
4.5629478
1.8330574
2.824446
7.316323
3.8684256
2.7832766
1.0973705
2.6649892
1.7650188
2.262597
4.216296
5.8908715
1.7117122
2.334825
2.8548467
2.6131196
4.002515
4.5220246
2.159391
1.5888522
2.2071514
1.8127686
1.8504325
3.7886198
2.5412536
2.044249
5.4820247
4.366412
3.2252908
1.6813672
2.741361
1.8588047
2.0579784
4.3021665
0.9025206
5.644149
2.0987618
14.266317
2.2042687
1.9589298
0.50059956
5.542227
1.5380675
4.636172
1.9029514
2.7264073
5.0502386
2.1352956
3.5868454
10.096179
2.9732602
3.4723907
3.4140944
32.52141
3.0898774
3.6098797
6.77144
1.6717602
4.527455
3.3488405
0.8943838
1.7844148
1.7653326
0.81523687
1.680864
0.97239506
2.4040074
4.5149093
3.9844668
3.201246
0.267265
3.8837063
7.4707294
3.7925243
1.7351663
2.92939
2.0090034
3.5903552
1.5766206
2.654916
2.4813848
1.7125945
1.87177
29.389778
1.1680131
2.8344283
1.9237214
1.5879526
3.3398752
3.2038934
2.0099337
5.9750705
2.3346598
2.612146
1.6163454
2.989242
2.0125499
3.218239
1.0212069
1.1961175
4.6093764
0.90131116
6.2729583
3.0949786
1.4885685
4.014802
0.52984464
1.0117196
2.1344063
3.4656396
3.7775683
0.92477393
1.5464462
2.9590073
8.731307
2.647605
3.4260418
2.6376789
4.857553
1.1058078
2.8088913
3.0214272
3.361144
7.5967827
2.6795366
0.97611874
0.59101313
4.3438606
7.084555
2.8195114
3.2228029
1.0080068
1.3751281
3.2480764
3.8613398
2.9131963
4.2253294
1.675681
1.5489668
1.0446535
4.3037314
0.62454647
0.90078354
1.0187469
0.3708008
5.9450207
0.8251598
2.0038407
4.085717
3.2963881
3.7078648
7.469234
2.9317806
1.3130469
4.0921664
6.277837
1.7701052
2.341936
1.1812987
0.53496724
2.0937304
1.8159693
4.370037
4.7975807
1.0669976
3.1806228
4.176392
1.3056941
2.7823818
3.0840778
1.9624181
0.27535918
3.1552522
3.8351202
2.0765078
1.3559953
1.2779315
3.7309988
1.9156284
1.3965971
0.89444894
0.6073476
2.775283
4.0958385
0.8280838
4.5881805
2.0434334
2.660843
1.9127351
3.9642804
2.0770988
2.1684315
4.940542
4.5418196
3.8952527
1.8476809
1.3453134
4.697765
4.1021996
1.5717682
4.963036
2.3767016
2.2674417
2.1346216
3.7628462
2.3641036
1.7084262
0.5399032
2.817504
1.8290261
1.7739459
2.2452388
2.7122812
2.0846686
2.1643624
2.7264602
1.0213661
2.7290146
2.8659315
2.9459496
5.2944064
1.073919
0.8123266
1.6548355
2.60179
4.3363585
3.132169
3.7943497
0.42290896
0.94998956
3.1934836
3.7789726
1.7688136
1.0064963
2.525633
2.0132205
3.5282571
4.207423
3.877579
0.19572619
1.2604468
3.3008423
1.4282527
3.2651968
5.683051
1.584188
5.8244596
1.7691361
2.9663725
1.2114553
1.4497241
3.0194976
1.0464015
5.484088
3.3195639
1.5176545
1.8168651
2.9162858
3.4707859
2.2590883
2.013866
10.491848
1.2526276
0.7772456
3.9380572
3.720246
1.534176
0.6012185
2.8741324
6.820475
1.2526326
2.0820348
2.2621822
3.9863772
1.3418156
2.0925064
2.936544
7.0633483
2.108237
2.8623755
3.9812899
1.6760149
1.5333107
3.313947
0.2918917
3.7925494
4.4483857
1.1451854
3.3342533
0.70637673
5.1818852
2.5632412
1.1497697
4.1534576
2.6109693
2.9349232
3.124565
4.8621073
5.4577923
4.3332133
3.2753692
3.9549096
5.2342787
2.798871
1.2947782
3.607995
2.5462773
3.2308524
3.1235628
0.90568477
1.47763
4.631936
6.446286
5.2267294
2.493832
3.1703658
1.6294085
4.5412087
3.2568176
7.14717
2.6482956
5.222706
0.6651845
3.226006
4.353529
3.978573
2.6406038
2.146488
1.1416173
4.5323877
7.491169
1.9811575
1.6980605
2.4193094
4.4240212
1.5010839
2.9017718
1.0373458
1.1594439
1.4358686
3.7470744
1.455189
2.833703
2.6626933
2.3717344
9.579633
2.1460528
10.648029
3.0430408
0.61525196
1.4889348
1.8611581
0.31761715
1.6346964
3.1288354
2.4547837
1.9172896
3.313927
2.9563284
1.5914222
3.2703454
4.861687
7.1889586
3.1721509
2.843695
3.6496751
1.8897702
10.534378
9.2380705
0.7008327
2.4489439
2.8194337
4.8817444
2.0693908
2.2812443
3.0613678
2.846373
2.7143931
4.007617
3.4548547
5.759489
6.84496
2.6990023
4.2464213
1.5848414
3.7056184
9.441143
0.24335425
2.6441774
5.77188
4.846356
8.038699
1.2651075
3.9285934
2.358508
29.355999
0.84722966
5.362798
5.54001
2.109496
1.2170829
2.066063
1.5779562
1.7173306
1.713781
3.0992062
3.9756448
1.409269
2.767603
4.1173596
0.90645325
11.223708
5.962507
2.3432474
5.359475
3.4204428
0.84958553
4.1406164
1.3965155
2.0627277
0.9811387
2.9314036
1.8157612
5.711876
3.1076007
4.2718515
6.2031713
1.079246
3.7664828
5.033955
0.7033428
2.6522183
2.3705645
3.5485086
1.1460975
1.3096516
2.847327
3.0412493
3.850059
2.1318467
1.5519342
1.4420373
1.1319191
2.726888
0.5191845
0.78628045
1.8733569
2.9577518
4.2327094
4.451066
4.5443597
2.472717
2.008088
0.4290058
0.99146175
3.7886598
1.6752676
2.6719594
5.3023686
5.945861
0.87885165
1.2240256
3.5689085
3.3921742
1.4820248
0.3825712
3.343978
3.398475
1.1710676
2.7921114
3.5709386
7.553459
8.254442
0.7176639
1.7184219
1.0193986
5.106301
3.2523475
1.6491868
0.53265285
3.9476812
4.627241
3.9616766
2.7186477
1.9492153
6.4980702
2.5673807
6.91689
2.656987
1.6098652
1.3334596
2.007204
2.2974079
1.2436613
1.1946882
7.041854
2.7989767
4.5863724
2.7887595
3.348134
2.1707602
3.5892522
0.7056313
3.6362038
2.2526271
2.6709266
4.6262193
5.9005256
2.0574708
3.5902174
4.118988
3.6334956
7.685869
21.47095
3.65792
2.3088531
2.3287866
1.1496321
3.40152
1.8878767
3.1098547
5.0048833
1.4095417
3.0418546
0.6716552
2.1258707
0.8369481
1.5084978
0.5575956
3.3369687
2.1781862
1.7606962
1.6655917
0.76381737
1.7880287
5.3971047
2.6881056
3.8389072
0.69660383
5.6627736
1.7949924
2.3623767
2.7871377
1.885031
4.6536503
4.0552235
2.5426953
2.0433898
2.8994806
1.3178887
2.0157769
3.1306036
4.133435
0.8220763
2.3477368
1.571961
1.4439441
5.259852
2.0588796
5.249141
2.7755527
1.6809683
0.4106494
2.3755774
4.9602537
4.3786383
1.5670328
2.6844454
2.2342367
2.246734
1.9771289
1.8119969
2.0549898
3.3435934
0.6323455
1.8638533
5.5909905
4.397789
2.325881
1.7159383
3.0059967
4.949973
2.5311446
7.0667386
4.918227
4.015865
3.3977563
4.5847864
3.773082
2.1941018
1.2874862
4.538884
2.2461512
2.854976
1.8783612
1.4440362
2.519218
5.5141397
3.7815247
2.6770515
5.7693496
5.4117117
4.7655325
1.750869
0.68460613
1.9335285
3.6260626
2.2020292
6.5156426
1.8010119
1.8247831
2.5808294
4.5066175
1.2491175
2.4165096
0.7328985
1.9968468
0.815033
3.1551733
4.6394825
2.7255757
3.5736291
2.7087812
3.270256
0.31852996
4.4783483
1.7853261
0.7629691
6.9506106
7.052677
3.044147
0.4424801
5.4166017
4.614378
1.6481261
2.583961
3.9237435
2.2962778
0.27707288
1.7300639
2.5153725
2.499848
1.7463753
76.64423
3.1128545
2.4665673
6.845052
7.698057
2.134915
2.9346485
3.2439322
1.4422798
1.6754225
1.4391702
5.7476926
3.5150523
3.377917
0.18708484
1.8054744
1.507228
0.8218905
2.997594
0.8595422
2.346748
1.0647328
3.2748082
1.8969142
2.3638918
2.5193756
0.3274275
4.780302
3.3552241
2.866591
4.490496
1.1314613
1.1542233
4.0030556
4.286937
2.9822807
3.466235
0.855997
1.0287724
3.8726573
2.101289
1.0805407
2.650761
2.2593606
2.2699528
1.1623045
4.9993186
0.53918284
3.9484115
2.6662014
1.2406482
2.462963
3.1455154
1.3734932
1.2938994
0.18914832
3.013846
1.057147
1.1923041
2.9618735
2.2020283
2.7537882
2.03387
2.532248
6.691448
0.7673819
2.4838223
0.5528008
0.85630643
1.4301382
1.6467563
1.5016385
5.046085
6.287452
2.8518713
4.136217
2.877791
2.4741285
10.406276
1.3567249
1.2627977
1.4845191
6.9222302
4.953091
4.8101296
3.8265047
0.4410294
2.4695046
2.9916666
2.2925725
2.0199924
6.340058
3.8497071
2.52215
1.6744666
2.49448
6.7891927
1.3669741
2.7555707
3.2502449
0.5932911
5.953885
0.43198213
4.306023
1.9501948
1.3112044
2.0696783
3.2976081
2.6137946
3.8084354
4.3514066
11.611648
2.7564294
3.5701525
4.235246
4.060437
1.9134065
0.7698144
1.5572059
1.2077593
1.37844
0.6512504
2.770846
1.5399655
2.5714126
2.15935
1.2895398
2.2584105
2.0663671
2.904937
0.9072864
4.271377
2.8198526
3.4319701
3.6683729
2.3396409
1.5489442
2.906493
0.9965562
2.5583227
3.125135
2.058272
2.0555294
3.1856155
2.5176373
7.125291
3.1832745
2.2966318
4.025269
1.8080354
3.8387516
4.088121
2.684937
16.014305
8.221775
3.0907922
1.1752703
2.4301498
2.0608523
4.4388146
6.0126486
3.4668834
3.067515
1.5703673
5.9115496
5.2537856
2.9875946
3.2068975
2.9040685
2.9181874
3.8722436
1.3713012
5.5476646
1.7213935
1.4730688
0.7771268
3.885576
2.6346464
5.0086637
3.4123206
5.1750855
1.702953
2.7651274
2.241691
4.936211
3.1994233
1.1462861
1.0020163
2.3824332
0.8135358
1.322123
3.7720325
0.5838034
2.2702136
1.59046
2.9990892
1.1895914
1.3845803
2.3477077
1.8346192
5.8415265
2.2880037
1.1572498
3.4623282
1.5600274
0.6694543
2.304708
1.8943325
1.5267471
3.8808463
1.5221431
3.9277046
2.5994053
4.2897778
2.1541207
2.374209
2.5353541
1.7240756
2.336051
1.7009507
2.9875367
1.4857308
0.6130353
3.48135
3.140269
3.3259175
0.69947886
6.630593
4.240214
2.2940993
1.6732588
0.80337906
1.0656881
2.886491
2.6428885
3.2539356
5.997589
5.8266516
1.7298205
0.8962837
0.7928525
2.4969783
3.008045
2.3956175
1.8152196
0.2539251
3.2010744
3.8286302
3.4764569
1.6920503
1.9407938
2.9282603
0.81472164
2.1711266
4.1904693
3.4133263
0.7157404
2.794613
2.1996136
2.7705917
1.7314953
14.030662
0.40670672
1.5087719
6.5865445
5.8109336
1.2079887
1.1034724
2.4957778
1.0010511
1.2918398
3.5439398
2.084854
2.258566
4.0364885
0.8953806
2.0701084
0.23468255
7.105258
1.257269
3.1649256
2.3085444
3.5721862
2.3831449
6.7536764
11.265676
3.7937324
4.3828077
3.0938911
2.378588
2.3372447
2.5096328
1.3656658
1.0403812
1.3394277
6.444523
1.1778117
8.167155
5.3020105
3.9435925
1.5696411
0.89206135
3.6653771
1.6064818
1.5833389
7.2126565
7.958613
1.7979126
7.229017
2.5913637
2.0891979
1.3774228
1.6555637
3.9164195
1.2578086
1.0888671
2.2071311
0.5489003
3.9409583
9.490579
6.5945334
2.0126824
1.9233356
1.2756653
1.6421595
3.1492429
1.6597562
1.2128739
2.9822388
5.1353984
3.4899404
1.4981891
1.9311352
1.8100067
1.0184216
1.0289342
2.9318051
4.852347
3.0176396
4.3778043
0.5681681
1.505324
2.2328298
0.7339637
7.453101
1.4457177
6.331375
5.5120287
2.9777873
2.9146125
2.839973
2.6154087
1.1666502
2.9258542
2.7295017
1.2981389
1.2803676
3.2322521
6.998813
12.1905
0.034917686
0.6937153
2.7091875
1.0151209
2.0598524
3.8793766
1.6470153
3.4319968
0.9697088
3.025074
0.7798803
1.5806993
6.8093596
1.4022429
6.4970026
3.3820386
1.5453079
3.241851
0.8854674
1.7445232
1.0932025
6.1860213
1.9568924
1.397741
1.9329813
1.7042212
5.3151703
3.317297
2.6289413
1.6802437
4.3827624
2.2902343
1.2551932
2.1418495
3.948492
7.775675
5.181396
2.3506722
0.5920033
1.4437665
1.2637283
0.9150371
5.9510894
3.3124676
2.4585614
1.0855619
2.1556675
2.6804726
4.7261963
1.6739902
1.4402891
3.238535
0.82228833
4.118986
5.6478257
6.2733793
1.4623377
1.5493333
2.8979185
2.133644
1.3788074
1.9871048
1.7458861
3.676055
2.0850055
1.7007799
1.7421339
4.474302
0.3098573
2.8592093
3.4428303
3.4802625
0.83447015
5.718931
3.707518
1.8307861
0.22872198
6.75824
1.8057202
3.0668135
0.73182285
1.3222797
2.2316954
1.1015178
1.4490919
2.901632
2.5571632
3.4303296
1.8550028
2.4543376
16.317436
4.301551
6.2169156
3.2987418
2.2715821
0.2586517
3.3200195
3.081536
3.802831
2.2556372
3.1815004
0.71920776
2.3717914
3.9391956
1.8869728
2.031786
2.5882595
3.264761
4.4863205
3.0324295
1.2201369
2.8863685
4.080009
3.239771
6.1858644
3.2432742
5.804134
2.3312361
1.9199779
5.592883
2.3382037
2.1319282
2.1405523
4.635927
4.288913
2.2081275
1.28152
7.0562754
4.2976737
2.4112616
4.1726365
2.752939
5.624462
5.522056
1.8136482
2.9045708
1.0857756
6.0182176
3.6793044
2.0768569
0.5468907
3.4647076
2.607705
2.5474896
2.0661747
1.5572493
2.3540964
1.6046184
3.292718
1.7596933
5.3970056
2.8401415
0.9925432
3.8716192
2.889897
5.0472226
5.635586
1.0950722
3.4183028
2.143309
2.4959128
3.2751179
6.7067575
3.2758076
2.5697465
2.158465
3.4144323
0.24501956
2.9730575
1.7171228
4.9093437
3.538663
1.7613028
1.3888547
2.7289946
1.2083098
0.7599908
4.1920133
3.416932
2.9640386
0.2625218
1.0474759
1.9619068
3.7752724
1.5438907
1.8172913
5.1696997
3.9193735
9.183617
4.0790935
2.1174824
1.837878
0.91242623
4.539052
1.4743786
1.6799147
0.4202361
3.7749908
4.526644
3.4751928
3.990224
2.6450415
10.713587
1.4720409
2.328682
1.4562514
3.0639799
0.7035526
2.214055
1.508978
4.194254
1.136005
2.4074187
1.616715
1.951153
1.0541977
2.7299552
3.9917333
3.9943209
2.9665012
0.536352
7.8399286
0.61823344
3.304583
1.8425831
3.9248483
4.050838
0.89897615
3.1977901
2.1470177
2.2158186
4.7893577
2.376024
2.2125764
2.0610745
0.70168537
1.2375497
2.5205715
0.9800767
4.59564
4.5937557
4.4167094
2.869704
1.6621776
3.2585948
8.325207
2.6937096
4.589926
4.7145033
5.6804333
4.4353156
4.348482
2.1445086
0.63651276
2.2734797
1.69604
5.211236
1.1477993
2.7368033
1.6066368
2.2576385
2.6128676
3.0087476
5.1366587
2.5734725
2.5559616
7.211048
1.0829597
3.7049522
2.9583697
1.479317
0.95180994
3.9428926
3.0752852
1.7083292
3.066002
1.5162746
1.8423107
4.7749777
1.7313919
4.831015
3.5532436
0.7553959
1.402925
1.0122885
0.97366405
0.73667806
2.7458904
1.7238778
1.5294225
92.54138
2.9122915
1.1573864
2.2180865
2.902658
2.333202
2.9669595
7.1571803
5.9402003
1.7253249
3.64059
2.3176491
2.4371068
3.982335
2.990512
8.357273
0.6940341
3.5772684
3.0611844
1.1697432
3.7961307
1.0881963
1.939008
2.3265562
1.22723
2.5093772
2.9284909
2.1800885
4.73791
3.2225957
0.61968625
5.415074
2.1841264
4.350864
4.857624
3.8358557
3.0748389
4.9697933
3.3110497
3.1438246
1.9845765
3.4722645
1.8479143
6.753976
2.2462223
1.6149075
3.4036424
3.0118072
1.3984919
2.146885
5.129922
2.5060296
8.774616
1.7995718
3.98141
1.8668965
2.2851608
3.963313
0.2804104
4.9334683
3.143043
0.57334113
2.2479603
2.1527534
22.104113
3.2075446
2.7627037
2.1422825
3.0204515
2.3005035
2.1223962
1.2752303
1.3759766
2.709876
4.3316216
5.0380917
4.4108057
5.776419
3.3305001
1.4697013
1.03262
1.2732872
8.880091
3.5657196
2.259654
1.7115059
3.8014886
7.3567386
3.2736728
2.460758
4.6569953
5.691815
0.3312053
0.68358403
1.893563
0.9569778
2.466167
1.6896042
5.341559
0.1861732
3.4834795
7.1020427
3.1481652
1.6932585
5.7013783
5.3201604
3.5098317
3.5302408
2.2300322
1.8640965
1.213643
5.248407
2.8439355
1.3235316
0.22577828
0.35495058
1.5392267
0.31654647
6.359263
0.1421463
3.033178
1.0926234
6.2463846
5.815662
1.0365484
3.2919617
1.6069809
2.1122613
4.266478
2.384175
3.3069596
4.831008
8.98098
1.7009369
1.6015451
5.5702343
3.3512576
7.2421966
0.38175744
0.56950116
1.566098
2.85345
3.3313568
3.3387356
7.818447
2.6754336
4.431727
1.2299985
25.394793
0.8721712
4.2021017
4.092153
3.2868087
2.7387316
2.5318744
1.4101661
5.74118
4.362296
2.9134138
4.033745
3.5383434
1.5047762
2.713859
2.7517207
1.3838347
2.5586371
3.8032
2.5083625
1.1823106
1.4571673
2.4685216
1.0485172
3.4843147
4.77149
1.6028997
0.39871854
2.4094632
2.9807434
10.424449
4.1770315
2.0485678
4.123933
2.6747584
2.5806777
2.6664584
2.1189322
6.567614
1.9063679
2.3704755
4.64619
1.0223575
2.046694
4.3334203
5.3514304
1.4417549
0.45614192
3.8055604
1.4224848
4.9482026
4.187451
2.5520434
5.3218255
5.7803817
1.9590024
9.026416
5.4145107
5.839243
1.2638886
2.7409227
2.530772
2.9647145
1.60874
2.7299936
2.6157215
2.5535617
0.8008166
1.9023165
2.3163707
1.5194743
3.1168532
2.1892476
3.740257
4.6473255
6.6326594
3.642543
1.9787322
3.0203815
4.3596015
0.6610316
1.7607346
2.9030502
3.207261
9.166901
1.2398692
6.675025
2.0462356
20.316969
2.918659
5.1194286
1.2568415
1.1632191
1.7116221
2.2051616
0.11401408
4.2352023
2.48136
3.5543103
2.4158623
5.9338417
1.5700462
2.61172
3.4909377
8.144921
1.076993
4.758451
6.2956953
0.6747763
2.0827432
3.7704918
2.4003432
4.172119
2.6071222
1.5054891
2.8654702
0.23053482
6.6099815
7.032007
3.7378652
4.7997518
4.9697
4.8201475
1.2927754
5.794389
1.8399843
0.8410794
3.2653682
2.828774
0.38069007
2.1420832
1.2020019
1.2371522
7.1124344
1.4532847
0.37572446
0.85571665
3.5643802
4.575668
6.555547
2.2414818
1.3029246
5.980739
6.078949
5.885585
2.9191282
1.5368177
3.4527805
3.7428377
1.6173525
4.3872566
2.258286
0.85178804
2.5415092
1.6897103
4.9878416
4.299698
3.156753
3.549568
3.3725417
0.4972709
0.84861696
1.7639129
0.7288282
0.9561634
0.87225866
13.043689
3.5134606
1.1175034
0.59772664
0.80397654
2.3777125
2.0469768
1.9568214
3.6870103
1.1390058
4.328074
0.8104311
1.9652747
1.9100275
1.3027825
1.7218419
4.9750004
1.3210301
2.9103758
1.8755841
5.0991235
11.982208
2.9610856
2.485104
6.217676
4.0268464
1.5145695
3.9781723
4.63315
3.2709503
5.7160916
2.4603662
0.8027866
1.4640094
4.159121
3.968549
3.05563
1.50673
2.1173644
2.5125723
6.1776843
3.0553117
1.7067826
2.2838252
7.9826465
2.3891757
1.447093
0.88600224
7.365918
4.4407883
0.70629436
3.102856
0.6417218
2.2844262
3.4618063
3.222547
4.8156757
2.9877498
2.658811
3.137978
0.7710672
1.6613768
4.921514
3.116938
1.2495397
1.8241466
4.0267067
1.1726302
4.2588835
1.6899931
2.7769756
2.76407
3.6281445
3.4506407
4.0105276
3.8116076
0.75906736
1.1693459
0.89472795
3.1904013
3.9551892
1.4509239
2.350871
2.9012272
2.4954705
18.610083
4.0659766
6.149789
1.9618596
2.5387156
4.5313683
11.811255
1.4482466
1.700156
2.0314949
3.7365737
2.4175227
1.0175433
1.5882908
5.409222
4.26734
9.097225
4.9717493
4.027328
1.4633086
5.3970094
2.0948997
2.0301275
2.5562475
49.357708
0.6427872
7.4090257
5.3718967
3.531755
2.0831223
2.5521734
0.47003663
3.289603
3.6727035
3.2160745
0.97135663
3.178566
2.0840502
3.7935185
3.7063181
6.0837526
0.69308984
1.4202288
1.1702741
3.8850126
2.5612147
0.9180241
5.2945957
4.859706
2.0976539
2.8042765
2.055233
9.086108
2.9613092
2.4423912
4.982778
1.6915196
3.4146166
4.4250045
2.0727067
0.63517165
3.3501296
0.61098814
0.8657765
2.7634003
1.9013445
1.6452029
1.7814102
2.6604395
4.454737
5.245776
3.7142916
5.5614004
2.6489599
9.15919
5.171368
0.90705514
1.9853296
3.7689266
1.2589248
2.5432696
4.042407
3.4118998
0.19923353
6.264688
2.737444
3.1463192
1.8916446
3.4915729
3.1180046
1.6004459
1.6216245
3.5888586
1.6812277
1.2913781
0.8663762
3.0316832
1.5628742
1.0084646
1.7944098
2.8380604
3.154916
2.2450047
3.6727579
3.5678723
7.3505816
2.4138725
4.7690597
1.1348355
4.6942773
1.7610886
1.7537197
1.5539988
2.361291
4.074789
6.753421
