5.630542
3.7345932
4.101027
3.6644351
2.8422723
4.7566414
2.6513944
2.2581174
0.5001624
4.4127803
2.6325276
2.3136141
4.4533253
7.034067
2.78215
7.125449
3.914136
3.696481
7.1894646
2.504467
5.2530746
4.036211
1.2639447
8.236126
3.593404
2.3663568
3.1738832
3.8455353
0.39601877
3.5111132
7.0953565
3.411866
5.7210727
4.0778217
2.5106676
2.8027105
4.1908975
5.409701
6.064325
3.264243
3.7037828
1.9305363
1.1806434
0.8577214
2.8037179
0.9324694
5.6835594
8.696942
2.602153
1.0716063
4.5891237
2.1569998
3.8524024
6.2804174
1.7130476
2.6460528
2.627372
3.161205
2.4847853
1.4451777
2.3068745
71.14985
2.4003906
0.5869793
3.7785418
0.5618185
5.8353386
9.1868305
2.3572936
2.5105598
4.6171055
4.7937665
2.0506504
1.0098209
5.702823
3.7416096
4.9239297
2.9677558
1.804249
73.10231
3.6697311
3.4464898
3.1506019
3.9158916
1.5364242
3.0310895
2.6775239
2.9940822
2.0132568
5.3379364
1.5438783
1.7742028
3.781936
2.53814
2.1109538
2.2067049
1.8238616
1.6504177
3.063462
1.3853087
2.1137347
2.3811243
1.104412
0.50398517
0.92353487
2.373376
2.881547
1.9785781
11.017197
4.45122
4.5659814
9.201831
3.2587295
5.619836
1.1830872
5.4971986
1.3460015
1.2777349
2.3740635
1.9445144
5.2348895
3.9320407
3.096973
4.52848
6.765086
5.344548
1.3222139
1.0359733
1.2538867
2.0016415
5.8327484
2.3342035
2.895515
1.549667
5.7559247
4.80425
5.786604
1.4779443
1.7249608
4.167304
1.935199
5.410231
2.7139695
3.2800002
4.3038034
6.020057
5.4519615
4.149071
4.19423
1.4492092
5.2340775
8.981394
1.2499524
2.1175158
7.3920264
4.1643424
8.325587
7.217922
2.5405345
3.183534
3.2269833
4.267063
3.386597
3.6334388
4.338016
2.8624675
3.9503908
2.1917176
1.1088805
2.097132
4.105532
2.477947
4.342515
2.0842237
2.8458
5.751458
6.6204767
4.1214547
3.8573544
2.192218
4.639562
5.4014525
2.1668756
4.1338496
1.0878441
1.7878246
2.326303
3.1823492
6.889474
3.4266317
3.7324138
1.348588
4.557106
12.577957
3.0464318
1.0010325
7.0359154
2.1598785
5.1358714
3.077193
2.916069
1.0780641
3.7751691
2.0956178
1.421427
5.498243
5.0937066
0.36196494
1.0826021
3.5547378
2.0315099
3.5920765
4.0186963
4.627705
0.9715625
3.7477028
2.4196339
2.5039082
3.9026196
0.6688219
1.6966975
3.7436612
2.7955322
2.7293558
1.0266212
4.3025637
0.279067
1.2440512
2.072981
1.3452355
3.938534
7.80196
1.805299
2.0054328
2.9699953
1.7456086
2.3103342
3.906804
5.1175694
7.952708
1.7479409
26.359314
5.487307
7.655248
4.5307097
4.0058284
4.7008085
3.9603312
0.86036354
4.747542
1.423505
2.989715
3.5381382
1.57095
4.3688293
5.777235
2.3461723
6.137216
5.4113884
1.7043881
0.9366135
3.4045255
4.0609508
3.7732224
3.1936226
9.614983
2.2160614
1.3779435
1.9315596
1.017899
2.5728335
4.0051847
2.3273404
4.9494977
5.1831203
3.301221
0.4216678
4.072625
4.106409
2.2615929
3.5078418
2.4223993
2.6647708
2.1736493
4.3702884
5.3882995
2.0507836
3.3919792
0.34479558
5.479054
4.7246423
2.7765687
2.654703
2.7073467
1.9384435
2.593412
5.889564
5.2838287
8.942499
2.9112659
3.9803817
2.3080533
1.4767975
2.1895132
3.5355766
2.2036152
1.6027629
5.33035
1.6650841
5.7448797
5.404799
5.480098
0.6030139
3.5770352
0.7969795
6.6235657
0.51941365
3.4518166
7.144237
0.88792163
8.540968
2.0230982
0.40146753
5.0315847
8.544578
1.8005879
4.551702
3.8782983
2.194085
4.735181
4.092154
1.599237
1.257083
1.695899
0.6264554
4.197485
2.0299966
1.3033419
8.594598
2.6803482
1.9526657
4.2225833
8.989251
4.1999164
3.476614
4.482661
0.4903049
3.8413272
0.65537775
0.3758482
3.585966
3.2932708
1.9544586
0.43798658
1.5567764
0.89608043
3.1518502
3.151689
5.9078026
2.135489
1.2076815
2.5396318
7.6783495
3.054595
3.8910296
1.0419014
0.22310679
1.573507
4.1559167
2.951891
6.5781775
6.432257
2.307705
0.85957456
7.4292064
6.2905807
4.1357913
8.02896
2.9356313
2.9762738
3.0972445
6.975897
2.825253
4.0268683
1.4016774
2.3503895
10.866522
5.4537086
1.472878
6.268374
4.951506
1.1596426
3.1838143
2.050544
1.5270842
5.297764
4.2157927
4.7916822
3.2886112
2.277747
1.5239252
2.4501514
1.9295905
0.5730475
5.314146
0.7129111
1.8728998
3.7743552
5.4325514
1.2133029
5.716149
4.963425
3.6784892
3.5679584
3.64453
1.055359
3.659895
2.8365102
6.2772036
5.406803
2.5621104
2.055086
4.282166
0.767496
1.3895638
5.4010234
3.0640423
0.86300945
64.11804
1.9878604
13.43938
2.779502
4.4509363
11.249204
2.6016936
3.3917205
3.0030932
8.60736
1.3061469
3.3411293
4.498548
5.975916
3.3956738
4.445672
3.363768
1.94671
6.8661876
0.071257874
2.8252592
10.569196
9.285815
5.625787
1.7677158
4.6618423
3.2620068
1.49388
3.9167662
5.8758945
2.401016
3.3215675
5.760162
2.5579212
3.5757587
0.74116164
2.8452199
5.8371587
2.4553826
3.215542
4.9599905
0.88593286
1.4367422
2.2888033
3.7951167
3.83854
2.6286285
0.80339444
3.0154154
3.818534
3.9333642
2.1995454
0.3462209
4.056482
1.7468547
6.5077786
1.8205659
1.647865
6.4508333
0.9754125
6.040916
2.8506417
6.192047
0.96278036
0.8926596
3.974183
3.447113
8.373902
2.3911088
0.8098581
3.2399642
2.194081
2.8286116
2.5662684
2.3735738
7.2851467
8.6825905
3.028138
5.5017962
3.4092877
2.6678302
8.93085
4.2426624
3.1677682
1.7956917
4.1044655
1.421422
2.3800416
1.5881065
2.23634
1.8091881
5.261816
2.238417
8.087826
0.9022067
3.1405509
2.515198
0.2997394
1.0217882
4.3717523
2.4002886
3.0846741
5.1385255
6.548849
7.6551433
3.2137506
4.8468204
3.083636
1.4537166
2.3729877
2.5155253
1.4675163
1.8118461
2.8295712
3.5839942
1.3559849
3.1346688
2.1347995
3.301516
0.9767802
3.2908719
6.362653
0.41918343
9.170877
3.6138904
9.47225
7.8695717
2.2667243
0.5762501
1.7858201
5.499746
2.460583
2.4103572
0.40680274
2.5638642
6.2325916
3.145427
1.1606528
5.062892
1.405851
6.3170676
1.5986582
8.0560055
5.856614
0.7222469
7.4401197
2.2526493
12.170465
2.167161
0.50027585
3.9595885
4.754965
1.1991976
6.9072866
2.4113193
2.3993478
3.8970637
1.5375382
1.5849866
1.3854473
56.85679
6.3286304
4.210822
1.7223743
3.198353
0.65296555
2.7816806
2.6978583
9.267141
1.9708596
2.8933308
5.3510113
3.4590464
2.8199663
3.7853541
2.08824
2.1043758
3.4948752
5.4758477
2.1365113
0.9900855
4.2522745
1.6442758
2.039841
38.46992
10.225703
3.6005945
5.1254315
1.4455144
6.21085
2.000449
4.555755
4.830595
0.067269914
2.4715476
0.96108115
2.9982603
2.7779837
1.3867996
1.2319123
3.5127113
2.1442628
1.581817
3.6882558
1.3672062
3.8820639
4.9426594
27.577335
1.0806717
6.2184286
1.8518877
2.1821818
5.7266393
80.2066
8.900095
10.402495
0.7592482
5.16287
4.999642
1.9947993
1.4209722
6.5028524
8.03708
4.286871
1.9565048
3.382986
1.2054583
1.0772094
1.9106292
6.8639026
1.0888422
7.1144514
1.4658585
1.4694326
4.8063107
2.3786414
1.6654562
3.0033953
2.7613356
1.8580849
2.7684128
20.088812
10.515264
8.174791
1.41479
1.9475038
3.1895094
0.45622417
4.7247562
4.4075713
3.6484337
0.74528664
4.249557
6.196315
4.824959
0.9962085
1.8628396
2.4725523
5.197417
3.0175343
4.013005
2.6973643
0.8153381
1.4863921
0.7057844
3.9306295
1.0073987
2.0198772
5.3296485
1.9350339
3.6530209
4.9915547
2.4598155
7.116472
1.3250246
8.059515
5.8635
3.6674845
5.0477905
3.7625225
4.767504
1.9212241
1.7910689
3.9066534
2.608867
5.642101
2.5243902
6.6211877
1.9070868
2.633058
8.880263
5.8679667
4.447611
4.410763
3.1375725
3.2326808
3.4169922
0.7657319
0.97347325
4.2683535
0.7214464
2.4044917
2.3293364
3.9582129
8.8335285
2.7490087
4.744934
6.3854904
7.3455286
5.5949063
4.475825
2.7369525
1.4344397
11.369646
2.759175
6.8316407
3.1624696
6.5278463
3.2546365
4.7057676
5.1547627
1.4674712
0.49399796
1.7358111
4.5579653
5.809321
1.8368555
3.7046554
3.5148776
2.0475495
5.600946
6.8838162
3.5550296
1.0291506
8.888373
3.599633
2.1308224
1.4384702
3.6856513
2.3125076
5.2306905
3.2406752
1.9996884
0.99579275
3.3362067
0.6186859
7.1088705
1.1043804
5.092168
4.403685
0.57974035
2.079099
0.8788246
2.4983068
0.4517451
6.013265
1.853795
1.8353304
3.0874717
4.1640954
2.2348526
1.6139708
5.0934443
4.481754
3.086645
4.2088037
4.431628
3.9865143
4.241591
4.535507
3.59101
3.5951192
1.9553813
2.9004478
3.2088249
7.7532706
3.2598877
1.0143532
7.00313
0.83191776
5.0193496
14.982864
1.6916493
3.0062966
1.8528007
2.7150528
1.7919585
5.282219
3.9529114
2.0119169
3.9440591
3.4194202
2.5853007
4.4151917
3.4996285
3.2844896
3.311402
5.557564
1.4773548
4.5334473
2.9085317
4.1455398
4.58011
3.7484431
3.1132202
2.4569616
3.205965
0.2137785
4.264404
4.340119
0.68995607
2.0367737
2.5921497
2.7804024
0.2934372
2.5999382
1.7411329
2.0822134
2.3060603
4.360765
3.6095002
0.9613493
2.940585
8.490521
1.1167465
0.4329127
3.9190366
1.0643522
2.9554207
0.34801367
5.771265
3.0817318
2.3595884
4.609739
7.705415
3.7658498
4.3612914
4.453522
2.4644167
3.6373487
3.8048544
2.390121
2.5864284
1.3317983
3.3111207
2.6763802
1.266769
4.0602894
2.99955
3.1743503
2.8176916
8.400713
5.9419875
3.4218035
3.2202582
7.003267
2.2093112
2.8295398
3.8248527
5.3717537
3.090831
6.059372
0.20121908
2.5948796
2.582791
3.8122628
1.6454732
4.402216
2.0479736
2.8409386
4.222116
2.9294443
5.030647
5.9358253
2.5609984
2.5500293
4.8042846
4.9684153
5.0452194
7.055197
4.9433236
2.9949105
2.1759162
3.917703
2.3545446
3.964169
3.2965498
3.2258234
1.8366936
2.3744802
3.138971
3.0669558
2.3004866
3.1518884
2.300176
1.9158546
6.738146
4.310109
1.9275067
4.3225975
2.9078887
1.1962557
6.353234
3.3145194
0.48430425
1.0761892
2.9581597
2.9268088
3.1939569
1.4197428
0.9483803
3.3014224
7.447557
4.0093017
5.718652
1.5296943
5.3055024
5.6953616
4.0890293
2.0688355
3.2233105
5.311138
10.24897
3.1620705
2.847455
1.4099742
5.2568197
7.4817076
1.3983438
1.2589859
0.27345616
5.0755916
3.0475368
0.9564475
3.999194
9.654767
2.158259
1.2664042
4.930186
2.9942172
0.25160378
0.055692393
5.240253
3.0470526
7.7600703
3.1442358
1.5119145
3.741737
4.94699
2.1650572
4.439774
1.6472137
11.356337
1.3007587
3.732555
1.5713557
4.1424737
1.5393568
2.9588184
5.9973297
4.6386266
6.5321455
10.394295
3.6132023
2.5187643
7.58552
4.6212993
2.0002463
5.824207
0.8861355
4.779281
1.209953
2.4039369
4.6459856
7.6236796
2.1783686
0.52941006
5.530004
3.308383
3.1980498
0.19390008
4.2923326
2.5526648
3.9255905
3.3993556
3.1830318
1.4897829
2.387009
0.7676872
1.6273764
3.2926922
4.119069
12.326712
1.1083921
1.2290112
0.3115123
0.23076013
3.0518074
4.1228886
2.6854692
4.3339653
1.5455625
2.5317478
0.45613977
4.5076847
2.7262616
2.447595
4.373981
3.2584705
1.267581
3.8653746
1.6860265
7.3053637
3.9047825
4.494031
3.2733011
2.1187963
3.6572905
2.36534
3.5759091
2.6794403
5.00959
0.23723778
0.29429787
1.9343209
2.737225
4.160662
8.229314
2.9198086
6.348972
3.2700565
0.6828909
1.6821811
2.3333638
5.8607717
4.4247813
2.4075832
3.158872
0.5377988
3.0044255
1.1215472
2.0062485
2.5262692
3.000426
1.4099387
1.2926887
4.4852333
0.9235714
1.2177631
3.4074113
1.949299
3.7956734
5.289831
1.1776376
2.4236655
2.4532754
2.1913807
2.5359473
3.8925817
1.951178
5.0722246
2.3832128
2.9557655
5.7726808
1.5607575
3.5629852
3.6969917
2.8338823
4.173734
4.5625486
2.9185693
7.6542706
5.5035715
9.612133
9.052012
1.727004
7.7671843
3.9870548
3.8787298
12.938978
1.979441
2.873377
1.2735178
5.0221806
2.0692801
5.070356
2.122336
4.413698
2.4915476
2.3952546
0.98574096
3.3534482
0.8238453
5.0579715
1.1350961
3.7498143
5.307015
2.0802586
2.1406949
5.4335427
1.1804817
4.160767
2.8900476
3.7903497
8.303859
2.0115602
0.16214482
2.556483
3.4917908
1.1456107
2.8403604
3.9532442
1.1623497
5.1047726
1.7370144
0.5759787
3.0200448
0.5374254
4.490598
3.098824
6.3014026
60.198833
2.8308854
1.9810005
6.5157814
1.656405
4.01731
6.938338
8.376667
1.4667717
3.857421
3.1376104
3.708007
10.3052845
2.9949484
2.4693491
1.0466595
0.43988577
4.1520553
2.513274
0.93488586
0.41957125
1.4254912
1.9899561
1.554175
3.2156954
10.7370825
5.20651
3.1002538
3.4445024
4.2746367
3.279402
4.091626
3.2194612
1.6894016
3.4246435
1.285715
5.071771
5.47333
2.815723
3.7143443
8.628494
1.163036
0.50565785
5.2490644
4.005973
0.70751745
0.45310077
1.0795922
1.3627905
1.2513102
3.053153
0.5201705
2.8086119
4.763819
0.7081101
4.62799
5.4228754
2.334098
4.9942994
2.261017
5.849969
5.6022315
4.218517
2.4392352
2.6344104
2.1507256
3.0322762
4.0151553
2.269634
0.2210485
4.6655045
1.0776434
4.1591587
0.87825674
2.3532445
3.7394514
3.695775
0.8589916
2.4589684
2.3543172
3.384323
3.9803884
3.9991002
3.1672394
4.431865
5.2479076
6.620146
1.2856991
3.888402
1.9689983
2.8735902
4.840651
4.142675
2.3924615
2.4273221
5.0922675
1.677454
2.0638218
3.8446617
5.781534
3.020302
1.6463233
3.4299495
1.651096
0.84547096
1.8451906
5.700295
3.5452948
2.2670012
4.9824224
12.048781
1.3263974
1.1885772
2.5331798
3.2825854
0.606334
0.39493194
4.8882422
1.1901537
1.1338273
8.656001
3.1001818
7.743313
0.18695663
5.765537
1.9707203
0.22288541
4.1118836
2.556311
3.0170107
6.9394984
8.360546
1.7132403
2.60405
1.7911325
2.9231422
5.981011
2.2851148
2.8879292
1.1345818
2.8751357
1.6094701
1.4286438
2.72556
1.7787764
2.7002501
4.105017
2.9156413
4.3075576
2.2221909
1.8446838
5.704875
6.2616735
3.5892267
3.182705
3.90107
1.469257
0.5589132
2.504877
0.35095948
1.1790749
1.2525091
3.6934662
6.224913
2.7813678
3.1009123
2.2679162
2.440806
3.8196998
2.509055
1.3402749
2.42325
7.780594
1.1161373
5.409412
2.5662882
3.6121938
5.073315
2.0494976
2.1744866
1.9095507
1.9317989
1.4049861
11.110066
7.5206447
0.34088895
2.6125402
2.7284067
2.2760441
2.6774151
2.5761433
14.841504
6.1661644
5.239075
1.8455504
3.3707983
3.9738111
3.2120395
3.299231
3.0155642
3.7839065
3.6441398
3.3700151
6.282158
2.0162199
5.5977073
4.9957
5.527031
1.4079857
1.9355803
2.7759507
7.8672533
2.8471859
2.7495632
2.470537
2.3791392
2.084661
18.824497
4.0146184
3.8223922
4.0255194
4.211042
3.0311732
6.135328
3.057203
4.5762534
3.889266
2.9045458
3.086004
5.860597
5.199416
3.4473455
0.3589646
3.4839602
5.6630554
6.0332108
3.0442507
3.2752628
10.475107
3.1960578
3.7182646
2.3982322
3.1176822
0.9180477
3.8279345
2.6855724
1.0832015
2.7289007
4.6734376
1.9537183
3.4751883
2.212211
1.9636704
1.4683901
2.0827603
1.3015685
6.901115
2.4349453
2.8459444
0.24307308
0.97796977
1.6050853
10.515336
1.1999661
4.0170813
1.3889601
5.9464345
0.92028546
5.8289313
4.280668
0.9717057
7.141193
1.9353256
4.4614277
6.1407456
0.11019844
1.8799669
5.28184
1.6205955
4.7071376
3.0831246
5.9277782
1.6905777
1.8389682
2.536587
3.4405503
3.9034543
6.933776
8.014732
4.043278
3.6462445
5.2858014
5.3241715
4.2204695
0.9244072
2.5692396
2.422107
5.309467
18.091139
2.463685
4.8665867
1.323074
1.6953819
2.7429006
3.9097836
3.3930452
0.30425236
2.4744046
1.135739
1.0424153
1.0575747
6.7251287
5.1151443
5.9507117
0.8226123
6.455286
2.0346737
4.4749465
7.243243
3.9609747
4.888815
0.887883
3.0434413
1.8936335
0.8417497
2.3044336
2.070954
1.8039646
3.5420346
8.397833
2.105414
1.638027
4.935938
1.1519128
6.4683194
2.3968801
7.3280315
1.6962265
2.704515
2.260273
0.8741542
2.837114
3.7688766
1.1809298
0.07931117
3.2828553
3.1855998
1.529149
4.4637146
4.6520367
0.89756614
4.1319304
2.8095448
1.162858
5.3716516
2.1707149
0.7527089
1.1842396
4.7640247
4.666684
1.1143515
4.34114
3.2488027
3.5257356
3.7543802
3.3927722
2.8243575
4.789466
3.3039625
0.14206159
4.8844986
3.8739545
2.28102
0.32665154
3.5613112
2.428824
1.5766526
1.9239618
3.6767616
6.155708
3.6896684
3.8665123
4.3245044
3.600951
2.2899494
1.4979398
4.3851347
2.089646
6.3590536
6.7100964
2.6581933
9.090627
3.586822
4.856271
4.5184546
2.3862953
6.7796435
2.3619235
5.6173735
1.5839816
1.7817024
3.5272026
4.0346885
0.61046493
4.097829
5.2438755
1.1498252
3.248627
3.0158036
3.869538
2.428372
1.1331563
6.4193773
1.7023928
1.6507372
6.015432
5.833033
6.6711044
2.4589593
1.530678
1.3135037
1.4270762
9.845126
1.7186852
4.780678
3.377399
6.027448
3.7371893
0.48819187
2.376071
6.7765427
3.6265426
2.9397988
2.9367123
5.8925443
1.5042523
7.392343
2.4936082
1.6216222
1.4819225
1.537032
2.1198158
3.3530235
8.404239
3.4645646
2.6321886
2.437134
4.3483086
3.0965745
2.7392306
2.3175294
5.9585114
2.422733
2.7993038
1.5078957
2.2016842
3.9503586
1.7405926
28.989428
2.457646
4.4557443
1.9892921
5.4994764
1.5495474
2.6701415
7.0772877
4.304738
3.4539711
1.6195687
3.0197222
5.862078
5.707207
5.2674375
1.8450619
4.0936365
4.1111083
4.2392235
6.2754803
2.1896443
2.5270836
1.9496893
3.2298448
7.3148475
4.068347
11.106409
1.0225965
3.6744416
1.3339992
2.0850573
3.6915703
6.166788
6.1651564
1.3259795
3.1812406
1.4971467
8.438774
1.8551091
1.2195472
4.2797165
7.8511686
2.57705
6.547471
3.4932106
4.2867126
6.0309763
3.7407885
74.09795
1.4690315
4.892243
1.4569088
4.5993266
3.331896
3.3325312
3.8113537
3.9705946
3.8749287
3.08021
1.8347055
3.8988657
2.520828
2.2827919
3.512191
2.225771
0.897319
1.5531926
1.8832946
3.5685165
8.872578
3.4054592
2.252323
1.0239009
5.822395
4.884328
9.008299
3.5968966
0.5796632
0.10377116
46.75096
4.2384386
0.8735501
1.5276804
4.675611
5.350713
0.27614447
3.1648607
5.12288
0.37069738
2.2284458
3.6769185
3.6502752
4.0549245
3.5412233
0.11417286
1.8611125
0.47061917
3.8233619
3.7573369
8.498948
2.8408864
2.5363157
2.350582
1.3012708
2.3097246
3.0014045
2.0727127
4.211813
3.2604384
8.346477
3.1896048
2.2638175
7.9990473
3.238267
2.8624372
2.0973747
2.3184998
3.3185663
4.430195
1.0493284
4.4942217
3.429352
2.7510562
3.04949
6.321484
3.8303006
2.5764737
1.8177295
2.4651465
1.9502391
1.2950773
3.7975416
1.5812727
1.7369066
7.156458
3.8698277
3.571026
1.0834125
4.609984
5.942197
3.095466
4.9926815
2.0159836
2.2540846
2.6136513
0.19053458
2.600456
9.072844
2.6642323
2.234668
4.289567
4.9538918
2.897238
5.5357265
6.252302
2.8285847
1.73234
4.411523
8.213071
8.77701
0.6789808
3.4743652
2.7339423
0.47843552
5.3624225
2.1961703
1.4895861
6.799905
50.68902
3.1181905
0.7511401
4.133122
3.9904335
6.427552
9.360378
1.9254918
2.1177099
3.0403643
2.1691055
2.5138822
0.79591894
4.342776
3.5561824
1.3267165
5.982112
7.0071235
1.3016658
1.2777771
6.599776
0.8097452
1.4545434
4.369792
3.6668015
2.1992843
3.1961932
3.0258563
1.8874261
0.24243318
1.8870808
1.0672926
6.9753633
2.527694
3.9004679
2.6510346
3.7935834
1.796486
5.6511025
10.647475
5.1249323
5.3778734
3.92595
3.595617
2.0037298
3.0958161
8.484731
1.5002416
2.108668
1.2583797
1.1562978
1.4480388
3.851808
3.2957823
1.250087
0.8685372
3.7320275
5.2386804
3.926199
11.305257
3.530839
0.3721054
1.4124892
2.803352
0.5511443
5.687319
1.7869208
1.2618454
0.99933463
3.8387933
1.6122879
4.2066154
1.3000487
2.3999963
4.881064
4.266963
2.0125034
3.3751352
3.528238
2.35092
3.3003945
5.9666505
3.76934
2.7601771
3.0826337
1.3662326
1.4254696
5.3548603
1.1300881
4.015514
2.3182392
0.64201564
3.9932337
4.2437973
2.8960655
1.2454596
2.885057
2.27946
3.1367269
1.2190597
3.7207806
5.8602586
2.0822973
4.3145256
4.4720693
6.559382
1.7707161
6.395371
4.655018
3.7600834
5.6350107
4.2242584
1.5504862
0.26920867
2.1183178
10.856288
5.009781
2.0974796
2.0453873
3.224444
1.6992784
4.4020777
5.7775064
3.0633605
2.2104688
2.8592033
1.6800151
2.6123502
4.497731
0.63142705
1.5859342
5.312525
3.079317
3.4487836
2.053663
3.2575545
4.9046984
2.1610825
2.9405305
2.1658006
2.5034194
2.8026097
10.845873
7.154777
4.935734
2.6063783
4.72042
0.99136
1.3343903
1.8203142
1.4009253
2.8190656
9.200859
3.4892635
1.0132248
8.552984
4.152674
2.3334138
4.8201165
1.5028914
3.2777674
1.6289326
2.3596513
4.262954
3.68671
4.4388685
2.6562681
2.8026018
53.735764
2.4119067
3.0480666
4.7435007
3.268375
1.4814583
1.1586336
1.3890834
0.29525724
2.1045182
4.1164947
4.611317
4.462693
2.782739
6.55546
1.9479537
1.5105177
7.0471983
2.777315
0.63778025
3.2298808
4.4089766
5.890098
4.768317
2.515974
2.9446702
4.266951
4.4236007
6.928315
0.9811544
0.6520383
1.5186565
4.9258323
5.735531
2.9109986
6.604105
4.71434
1.4569438
3.7158701
3.3454893
5.0779457
2.9053102
4.079778
4.2914195
7.6021748
1.5477339
0.70380896
4.9269323
4.06933
6.80414
3.356527
1.8977609
1.0634941
2.169746
5.8872247
9.06344
0.5734594
1.3506639
2.0098073
6.551526
1.4392259
5.2909408
9.446133
7.048544
0.715341
1.8949062
3.242605
2.9830532
3.6900432
1.5062602
2.1390774
2.2134535
1.1525196
3.6013002
9.152676
5.690711
3.8763182
1.8083785
3.2097359
1.2875503
5.7263184
0.80122447
3.1286235
3.5455902
3.6152987
2.8891087
5.5741477
5.036175
4.5336742
5.52951
3.38504
0.60173416
2.9407213
10.402748
7.2915025
17.502089
1.3476726
0.9448247
1.6335815
1.7260207
7.3441653
8.5357895
2.453142
7.674229
1.557194
0.35634562
1.3206004
6.245407
2.9480808
0.64977884
0.6405656
4.566436
2.3671694
5.0284853
2.3051696
2.0207806
2.0468094
39.31875
2.6126585
1.4453803
2.1828213
1.487288
3.3278067
2.14688
1.4857762
12.5146475
14.828233
3.3205562
4.8823166
5.3105316
1.5802145
2.2752564
6.363282
8.665589
1.5865406
1.3587211
7.684974
4.5563335
3.021408
4.0170493
4.43115
2.534458
2.120813
6.6264615
1.3161709
3.7097857
19.278765
2.8608162
2.2238607
4.638967
1.0227612
2.5938647
0.90559006
6.1531324
3.8210864
3.4684093
0.83669627
6.2472973
8.582591
6.9434505
1.5436003
2.5522528
6.1068945
5.6980224
3.8989403
4.1044173
5.6423035
1.0558327
3.8646603
3.4681056
5.200115
3.7468832
2.9301226
3.5875742
9.093756
4.754986
1.7113428
5.6359982
6.387124
4.7633743
2.3849587
4.4392295
6.8177414
2.4128036
6.040423
4.2223883
3.0201554
5.9811854
4.8474145
3.3584778
4.044478
2.680177
5.46116
4.7334123
1.3948487
2.8289688
3.5554774
3.0429087
1.6510272
5.6058292
2.469867
2.8396199
3.9530451
0.68673533
3.0446897
3.936262
3.5305812
3.3832607
4.6595244
3.4566455
1.185306
3.2558608
5.9377995
5.58281
3.4809732
2.5725446
38.554054
3.2225583
5.894743
4.8074665
2.9932716
2.147937
32.484985
3.4764657
4.456463
6.2672067
1.3929935
14.203898
2.0456653
8.075047
1.1503673
0.7358441
1.9295312
2.7612128
1.7465138
3.6204057
3.66958
4.9203014
2.6621249
3.2973082
3.3222718
5.157055
5.4202447
3.0322707
7.083919
4.2394485
3.0040343
2.6095967
1.3000015
3.6338053
4.8388157
2.4929779
4.943113
2.5424504
2.5424945
3.5071511
2.6010673
3.3482823
3.9611566
1.8862933
6.9168425
1.598399
2.7242248
2.9526901
7.094756
3.3099196
0.7327264
0.62778705
2.3403206
1.3140596
5.2674
2.918251
7.3907776
5.3804517
0.6237758
2.4535894
2.6138206
4.708402
2.5344594
5.0039997
6.2929773
2.7241793
6.725765
2.6215236
1.4010338
5.0723414
2.3498147
1.4737022
2.3782506
1.8572984
1.3797343
3.488456
8.870718
4.1671777
2.7370887
3.7396894
2.63024
2.0649102
2.700876
2.8258662
4.7156734
3.9561768
0.48959664
5.130624
1.2822566
1.2537376
3.5568044
6.0539427
2.639244
1.5023814
2.708805
7.9408154
3.998526
1.1948205
6.087416
5.4693613
1.9791555
1.9679983
1.9200714
0.7163624
7.4239616
47.343468
6.5949445
4.016849
2.3766887
1.790515
1.8412488
3.3599184
2.3875282
3.523767
2.9017825
5.280411
1.5305645
0.7982333
3.3786764
2.5960517
31.815237
6.236278
5.943449
3.9257257
6.568827
0.5402385
9.170451
1.8224252
5.272657
5.654373
4.5029907
7.0040164
2.870516
1.9107819
2.7485323
1.9674209
3.0654414
2.1818535
8.302249
3.0440943
5.765344
2.7014654
4.7128706
4.8447566
3.8253005
4.3148656
2.395309
2.5147665
4.664912
2.9462476
1.5956955
5.442606
2.3691556
6.277686
2.9331152
4.6619453
0.9700544
6.3441305
1.6443168
3.0706136
3.423157
1.1645752
0.95930487
7.710204
1.3385613
6.708145
7.3647203
2.049886
9.007849
1.7001423
1.3436441
1.2135684
1.8649614
2.8131683
0.75871676
0.80797166
4.6100464
3.4813318
9.758235
4.933463
2.6789846
3.4572148
0.8152583
9.652756
1.3168397
6.5491366
4.1403093
4.5602627
2.1360338
2.7629192
2.3381705
2.2218788
2.9928436
4.6935487
2.5551128
3.8430445
2.152728
5.58351
5.8376617
7.376011
1.91979
1.417979
58.78928
2.3368125
0.37897447
3.6212592
3.6576097
2.7800899
9.721524
39.250107
7.2884355
0.88197124
1.5742447
1.0635712
1.5183083
4.008576
0.8002072
6.6112666
3.715176
4.2206993
2.9412494
3.5139213
0.9721615
6.4184556
3.7446234
1.5526558
3.5508313
4.4590955
0.47112843
6.536117
2.5743384
3.2165678
0.71148616
2.558469
2.283443
1.7048182
1.1288942
4.289315
1.903629
2.2833323
4.944005
4.5279865
3.5862088
4.128989
3.6843984
2.2715774
2.424917
1.645073
2.1510792
1.9792397
1.7027135
3.909385
4.4049554
2.7184272
3.2574282
7.8941307
5.1593237
1.4424744
4.520346
1.1814697
1.8824799
4.227688
1.8548872
4.6092887
2.2171433
4.779553
2.7150123
4.021342
5.997954
5.86382
3.0910625
1.9504333
2.7737534
0.2513012
0.86508304
0.9369615
3.6936429
1.6808776
1.5179473
1.7774028
2.7406936
1.7260658
1.3395236
3.9883819
11.803072
4.9213376
4.326058
2.839955
8.885834
2.7247462
1.5166377
5.331081
4.993482
5.069306
2.1474912
5.4930787
4.30292
2.2109258
5.5900116
4.4147606
4.8767424
4.8921366
5.653524
4.3957853
3.3411303
2.3690066
2.0689456
7.604557
3.0788636
7.243654
2.9412308
2.705531
1.3929384
1.1523253
2.286613
5.784147
3.664335
1.9737273
1.9826041
2.950431
3.4999304
3.6422782
6.0398307
5.8775854
0.5344831
8.466541
1.2206211
3.2203307
1.7467874
8.366391
7.595158
4.231409
4.3913264
3.403766
1.6656315
1.7017627
5.077778
1.9991956
3.6747422
8.059899
6.196141
1.5133916
0.28004056
2.9014335
6.075751
1.1297978
0.655984
3.8729074
2.4342053
8.317231
1.6717321
2.7880132
2.5507174
1.6622394
2.1886451
1.9316455
2.783351
2.1157694
0.7370522
4.2474313
1.3507984
3.4556787
2.141582
2.6689675
3.7202194
5.358946
1.9050562
1.1998386
3.0120592
3.316799
1.0695177
0.99629813
4.3158627
1.8173199
6.6814723
2.2816753
2.9418602
4.9314938
6.388141
3.5268333
4.8668222
2.9046636
5.05902
5.4818287
1.0687128
2.8419964
5.4739804
7.4578104
2.979747
7.6295295
1.7109405
3.3376868
4.540275
2.2375178
3.255355
2.0143104
4.656705
3.014514
8.781723
3.5134656
0.9838256
2.7710612
3.1721683
2.8011947
1.6619834
5.7751217
0.9007754
3.0457144
6.5549364
4.99038
0.49527672
1.228986
3.4215279
1.7148257
22.81325
9.591022
2.069547
4.219305
4.556083
7.1346097
6.1451087
2.1834226
1.8853303
2.883984
4.038947
1.8896874
2.1665404
4.5331073
13.997697
2.2034001
6.185338
3.129498
1.0488012
2.2114937
2.6996737
0.57149315
5.5883274
7.4467087
8.586381
2.7377505
3.4146826
0.8015921
0.5431085
2.0625312
1.2280729
2.1011434
8.392072
7.029475
1.9338233
1.2463003
5.870403
3.9493182
2.656432
1.2297757
6.6064487
2.2596557
2.1431267
1.696065
2.3503387
7.7201195
1.690367
3.9333355
3.0268857
16.17472
6.715177
1.9964048
2.0901773
2.3844805
9.078548
7.759831
7.060137
1.6576093
9.478215
0.4274236
3.3910623
1.2296233
3.6132627
3.5961065
2.9316583
1.7452203
3.935944
3.8203127
4.5155354
6.1114607
2.6425114
44.64682
2.2700226
2.0873015
2.9501314
6.433874
1.1101816
4.104392
5.052649
1.2103338
3.574807
2.8733284
1.325719
4.3923955
3.9054766
4.627816
4.1982856
1.4256271
3.3392868
4.0390415
3.9708743
0.5434099
3.485422
0.7266943
3.1877198
1.9356785
4.0337996
4.8110504
4.231328
0.4661092
1.5083929
4.9529204
1.3156137
2.2220755
3.624295
2.5261393
2.4873545
3.9622412
5.9932384
3.0891042
3.6908925
0.47100613
2.1954846
3.370894
2.2109997
2.2774441
1.9591994
3.2301476
4.127763
1.444458
5.31967
2.148826
7.3052835
2.9561512
0.94575214
3.676717
3.6236548
1.2790774
4.2663836
4.53884
1.1510538
3.6259906
3.8811982
3.066609
4.3970084
8.699854
5.4720716
3.3828611
4.1517534
1.473977
2.4138942
1.4627719
2.7958777
2.099572
1.6670732
4.3327837
1.9369181
2.835406
2.380881
1.8877258
0.4861339
6.258055
1.8031405
2.066368
2.5796452
4.3070164
1.1088434
9.7867775
4.0553284
2.7620862
1.3762188
2.0892959
2.3408425
4.251961
3.8587663
3.1562395
0.9501908
3.383446
0.7462388
6.0519094
2.5265255
61.285828
2.7717292
2.0246017
20.884068
8.18269
1.9223413
39.294456
4.6910305
3.3331788
9.793525
1.5990852
1.0345063
4.5335646
4.9282155
5.67184
2.9648697
1.1549133
4.637157
4.82291
2.037751
2.394157
6.0135303
4.3576097
2.2639534
4.6278
4.0239167
2.666185
1.3609909
2.767582
5.1334057
6.649692
0.53646374
1.5252999
7.061616
1.7848296
5.7837386
2.9574182
3.2543583
3.5113523
1.4398434
2.4997854
3.6038756
3.6955116
1.2387384
8.589534
1.6076967
2.0182762
2.7818356
0.27178052
2.4131224
1.5422653
4.435773
2.8488848
3.819138
3.7811255
0.5126513
0.08274427
0.733673
2.7515347
1.9244258
3.017537
3.903226
2.0474255
2.3011074
0.87025607
2.2035205
2.9421568
2.4085002
2.296824
3.3806255
6.1890745
3.3374872
1.576738
1.679411
3.5166698
0.5569903
2.3990285
2.127376
0.30639124
1.1541417
2.1333516
1.4236692
5.3262315
3.1678686
3.4857159
2.028427
3.1668043
6.4200644
4.95755
3.1202269
1.4726914
0.40262282
2.1113813
4.506596
3.1269937
3.821486
1.6502779
0.56579036
1.0633316
2.9770088
1.0095466
2.2924182
27.460041
0.5697074
4.0467625
2.927603
5.0982127
5.095525
1.4980004
7.820985
2.9039829
3.4680328
2.1216316
5.74329
3.4554925
1.5570146
2.2981412
3.247694
1.1459097
5.215044
2.843177
0.914534
2.0125809
4.23018
3.6377563
2.9305003
4.930555
4.485146
1.4655308
4.0710435
2.930131
1.5021873
2.976934
1.4466614
8.161711
1.327108
1.400317
4.5850105
4.506012
3.5304081
2.9020176
58.217373
1.207116
5.634403
2.2529905
2.3971066
5.606127
3.13391
5.437506
4.04989
3.5627127
2.3631527
5.0451517
5.9716506
2.4459581
3.5121417
6.693558
5.0727706
3.8257897
1.737931
1.4562814
4.2651267
3.180369
3.9177108
2.2922068
8.883468
5.343362
4.5224476
5.333766
4.4173546
2.399456
7.945955
2.181482
1.3619694
2.670725
4.6806912
3.0291114
1.7099469
2.182213
4.7290235
2.9708567
0.73222965
2.5145457
3.390051
2.6149437
3.407936
6.3314877
0.66596454
1.801142
2.2836046
4.85485
4.8695445
2.7607632
5.23164
0.93176264
3.7556133
2.064861
4.6587143
3.4910424
3.2916808
2.6306934
1.5848713
8.054698
3.3737311
1.5669183
2.0216835
3.4588966
0.9815942
5.9163775
3.6439936
4.393495
2.4695122
1.9089301
1.562641
3.8936784
5.8855886
3.3312256
2.2691019
1.521402
4.7841377
7.500526
3.1775525
0.5505074
2.6011844
5.568713
1.8706263
5.641917
5.2938986
2.8977342
3.324084
4.112095
2.920794
3.4589307
2.8990784
1.2954487
5.620151
2.5456655
1.6263512
0.96436775
2.2948372
2.601086
5.6878185
1.8596963
6.308736
3.161904
1.4975758
4.3202963
4.494628
2.6556487
2.8557644
3.1722386
11.426813
1.3657022
4.0687666
3.423052
0.2252463
5.055135
9.397397
7.374811
2.0609345
2.460072
2.7074933
3.5159404
2.6061366
1.9257251
4.628494
2.924302
3.3420696
6.676991
3.0174775
2.0772533
2.3894806
4.6102395
2.0904412
1.4850829
0.724651
3.8686962
3.2857006
1.7431732
2.2357678
0.98806465
9.333803
2.7224138
7.3074613
2.3489177
1.9467756
1.4328837
2.179323
3.7448614
4.5675306
2.996395
5.369029
8.37401
6.974841
2.22042
3.9084175
1.0945194
2.8629665
3.6281853
1.0526118
1.195348
1.7022928
4.269697
2.118545
3.8807702
3.744597
2.3566701
5.4058566
6.321825
2.5127494
2.8900979
3.059293
3.81462
5.1068835
1.9500577
2.7716744
6.628558
4.3891716
2.0458727
3.5180154
2.9431946
1.3730186
2.442169
3.9223342
8.383773
1.5753511
2.3188128
3.2321622
5.129368
6.3468165
3.13826
2.92152
2.8927476
2.8337188
0.28737658
2.3230913
4.2887383
3.0330532
7.1189604
4.3284016
0.35516253
2.2423065
5.7974286
1.3438923
1.9225154
6.0590525
5.136488
4.055748
1.7615044
2.0521476
1.7084662
4.0348396
1.0373514
3.9837565
13.118742
3.4029114
3.0576878
10.256968
2.1796238
2.0800903
0.2673339
3.8694372
2.4648027
5.021768
3.164863
3.9792526
3.4305503
2.5329044
2.0005133
1.7222606
2.2648962
7.55871
2.4501631
5.529933
4.057609
1.832045
3.9541342
3.2543135
1.9469367
6.3091626
3.14573
5.244523
1.0231931
2.644429
0.8794614
5.791549
2.6202354
7.8866687
6.0016537
7.405071
7.5995765
1.4320335
2.5919862
3.9199808
0.4577261
2.020247
2.8959007
3.2899468
1.7332431
6.8748994
3.1325865
4.0596952
1.7710105
1.7083099
0.53555703
1.7750671
2.4440653
1.7162919
3.8307016
7.060225
2.133191
4.1127205
0.7626419
3.9733708
8.623434
3.1804135
2.8267584
0.6462071
2.1410067
2.6653156
0.3948944
3.090857
5.2064867
3.143474
17.49027
3.5008497
7.921251
1.5529376
2.710466
18.197578
6.369486
2.0134299
5.7279143
2.2167428
1.2992064
3.3371964
0.5941975
3.5108273
0.8027723
5.502347
1.9695412
2.3001654
2.6059458
5.9415817
11.232314
5.8479376
0.22971533
1.5932075
1.7251915
0.98277014
6.0796995
3.4304943
4.031471
1.6376094
2.5083947
5.4800906
3.7691598
2.899523
3.1863976
10.226001
8.43609
6.5059075
3.465995
1.7682399
2.0343342
2.3863103
1.7021534
6.151531
4.193258
5.3294888
4.937063
4.430498
32.409286
4.45016
7.610057
11.373178
3.8994744
2.9276862
3.163348
3.512728
4.1986513
5.509598
5.085853
2.6955693
1.6470473
2.4433362
1.9236122
2.5310407
3.225248
2.4163868
1.3666399
5.7943463
4.6059875
1.2148983
1.9863504
0.5498162
1.967581
2.0828087
6.5910525
2.3593855
5.616256
3.9457116
5.576148
2.3806376
2.6337283
1.6079749
4.949768
4.819095
2.230886
4.316381
4.192133
2.7791991
7.539584
4.011718
2.5854723
4.202833
1.4738036
4.4507065
1.3665035
3.6368198
2.4633431
5.1232324
1.5644206
5.0607605
1.3882002
1.2333723
5.5579176
6.702257
4.986649
1.8623261
2.1931243
1.7206657
1.2291305
4.99581
1.1780958
5.4080176
2.3269787
0.44310653
3.5670109
4.6841736
6.471725
0.4372186
5.111089
5.8750925
5.166177
3.6650374
0.77700853
2.4131253
4.3022356
2.8021429
1.3579203
3.9876378
2.7055054
3.116646
4.9668174
2.8959095
0.9936673
1.3407856
5.241876
0.8054745
4.341003
1.8991469
4.526895
3.1725721
3.2722955
2.5404983
4.135244
0.9612495
4.745214
3.2198777
2.8258576
1.787846
1.4682215
1.8234946
1.4375021
3.0534039
2.4849355
1.5921243
6.6477804
9.87994
3.5024235
1.7384027
3.4585776
1.6124355
0.7865178
2.9401045
8.003315
10.260898
2.4240243
1.5525987
3.1400406
2.022621
3.0578027
0.30274507
3.2176397
3.4865031
61.801712
3.668128
0.921486
1.80953
5.492686
6.9088116
2.0373368
4.619848
1.5035151
3.6152132
1.4586374
8.440683
2.6163056
5.1090536
1.5786126
4.8432627
4.4385653
1.4799112
0.7860617
1.116418
0.6241578
5.6950974
1.3338344
2.9539714
12.803176
2.7274356
3.308776
1.1893046
2.0834298
4.796063
15.736665
1.0453395
7.3954735
0.80688465
3.6473076
4.9668856
8.54078
3.0776448
2.8002505
4.158484
3.9256835
1.6471887
0.41815758
5.8862815
6.4950166
2.9697921
5.852321
1.9928871
8.601024
3.2111776
2.9464183
1.4679633
3.6146717
4.608914
3.9534318
1.1306614
2.3553956
1.5936333
5.782319
2.9864995
2.9408658
4.0704727
4.503248
5.0625825
2.497529
1.4252579
1.8726815
7.6340995
2.8933158
5.1231494
1.4789722
7.181116
6.137852
3.8093965
3.0669186
1.3390907
2.8065774
1.8243701
3.4302197
2.2909825
4.7647853
17.24176
6.202772
4.6068306
1.2964936
4.312497
6.3963385
2.1050944
4.679444
3.5847387
3.088005
5.36768
21.852003
2.114054
4.137788
1.883636
5.1913815
2.827521
2.1695876
1.0106479
3.9031825
1.6495347
6.446331
3.4260893
4.6593637
2.5775385
3.2073684
2.6418278
9.234863
4.0167556
3.3839393
9.976728
7.633306
4.683485
2.6004045
2.6923702
3.7069056
2.854149
1.6237394
2.9876473
3.054076
4.657115
2.1437066
8.35046
3.5960567
4.1005197
6.907503
3.096211
4.2685523
2.9025607
3.7866864
5.2080965
3.2485127
1.683275
3.598041
7.344342
2.838394
2.885323
2.598783
5.8676047
1.6868141
3.7192
7.090809
3.3229933
2.7504268
1.6479648
1.4591006
8.339343
1.1859996
1.5214056
0.9674999
2.3633504
3.986242
1.6971847
0.71038824
4.156075
3.0068433
2.6784947
1.8180094
0.97575647
1.9962034
6.456999
5.1631765
1.7178205
3.7963645
5.046747
0.80640316
1.5500909
1.1115227
4.0734186
1.5728747
9.104547
2.8336918
1.720965
4.013022
3.4183779
1.6016408
3.652099
1.6752101
2.9307923
1.2332608
2.9598153
2.513304
2.9797187
1.4152067
3.2661233
5.972297
5.2018766
3.8846838
3.1667585
1.3901203
2.8692605
0.6406196
3.9274647
2.7346847
1.6864879
4.290967
5.1499195
3.3979626
5.6732907
4.280191
2.8889215
1.7093482
3.3814886
8.644101
0.94267404
1.4307029
4.3923364
1.8871078
1.2996546
1.5782863
0.98647684
1.6212914
4.830621
3.5380318
1.9038988
5.770977
8.592645
0.2892096
2.3563743
1.2542899
6.656261
11.412443
3.8575585
1.1414093
2.9909117
2.4228687
2.1655316
1.398083
4.046997
1.8357638
8.385922
2.6700692
5.2987194
3.1147606
5.7864175
2.3767703
1.8802806
1.7972689
4.162934
4.192399
10.228058
3.323714
3.021684
1.9957703
5.115481
5.9033976
3.5026066
3.5244153
3.8569016
6.45008
2.427662
2.9531393
3.4136255
5.406557
1.528839
1.2592732
2.4838367
3.929196
4.6520977
5.5421696
0.49457565
4.2667484
4.865663
1.2010177
1.3635924
4.7691875
3.238358
1.0014883
1.6791376
2.5370622
2.2330914
3.7839828
1.3485035
3.0492327
9.213738
1.2401084
6.778093
3.439225
3.7594419
2.661614
1.833361
2.5939677
3.4575815
0.91637075
6.3591766
3.0937448
4.5263867
1.3281215
4.156486
2.5975797
7.8983383
2.6202133
2.5973635
2.7074494
3.7246401
0.59981525
4.7997828
3.5184057
6.3897667
6.651155
5.9538684
2.0365338
3.7355404
6.1357718
1.1289778
3.0639324
1.6986184
2.4815507
0.89162946
6.8301115
1.8411782
1.7014773
1.2300413
1.0914495
2.0306919
2.348651
4.348335
67.589
1.3853486
5.775987
9.246434
5.9431715
2.7493162
3.6589546
0.17067643
2.05577
6.4797187
3.4542115
2.938906
0.90257686
3.5340626
2.435744
1.4202404
3.4258418
2.6066835
1.0891594
5.0647316
1.6307918
0.75007254
0.19881652
2.0925264
6.576813
4.150583
6.7621727
4.22649
2.4316945
2.0526314
2.1682622
1.6849099
7.0157967
7.999642
1.6493063
2.813306
1.7087841
0.09575999
4.985352
2.3746636
4.4039626
6.600153
1.2726588
1.9945452
1.4170283
1.5119059
1.7206833
1.0803795
2.0778852
5.408374
2.2309363
4.0713725
3.085172
3.8692017
6.501516
5.076912
2.541222
1.9836906
1.1295803
2.0303338
0.45067772
2.3295534
2.5685337
1.434752
5.3314342
2.2408803
3.9497745
2.1839364
1.0878601
1.5844791
4.857718
1.9718804
4.286557
6.2939825
7.5932846
4.6807055
2.1104388
3.7742705
4.09011
0.32515955
2.23809
8.509606
4.084382
1.0029303
0.81653345
5.390356
2.5443738
3.5458899
1.2098532
2.0913672
3.2472546
4.035441
10.130819
3.3420713
8.556251
4.8225284
2.1252778
1.9704175
1.5670125
2.440768
2.7008395
6.1169934
1.444477
1.8779356
2.9975588
3.430955
5.9344735
2.2616515
2.4130883
3.649611
7.4321404
1.3633276
1.136545
3.9267852
5.0568852
2.0480409
1.4932343
0.7484298
4.715205
10.17609
3.1823037
2.0757675
0.65311366
4.513587
1.3712201
2.3497303
4.0839877
2.2512147
2.095063
0.5310654
2.0762868
0.5459287
5.5576253
6.840514
6.5040483
1.7415404
3.9891787
3.8557565
3.5315974
3.8749993
3.3727133
2.9505498
2.4317622
4.348914
0.8314173
2.6492112
6.0902443
4.64349
2.4136639
2.7451167
4.149266
3.1120868
2.949695
1.713997
1.0836236
3.6881697
2.6046424
2.9132986
6.319751
6.3868594
7.679603
3.7052324
4.0175753
10.142761
4.2756824
2.4470663
2.5874298
0.40170532
3.0053833
3.0943627
0.9206646
2.645462
1.3505507
1.1441329
1.4098637
2.4307542
4.226759
3.0618389
4.5386024
3.2574723
1.3262686
4.118703
3.6109045
3.0394592
1.7300783
4.686869
3.7311761
4.272178
4.8356647
6.321887
1.3357495
2.8220847
1.1360526
3.9702997
2.2163742
2.0701432
3.455511
0.78083235
6.51898
7.0037346
6.330211
3.1165352
20.771746
3.150328
0.6289973
0.68032235
2.329185
0.7334388
1.1048727
1.4343057
1.8841747
9.733712
4.9796824
2.701364
3.3040361
3.9891982
9.171462
5.431998
3.0302176
2.8277514
3.8374505
4.9236574
5.09648
2.4090388
4.6971755
2.4557662
1.7561148
7.7816916
3.3449092
2.484445
2.6090844
6.6344185
5.449796
1.0889201
4.482513
10.594831
5.230639
3.0273244
2.6989324
1.9699252
3.1307542
4.194177
4.429426
0.28675008
4.404476
3.659815
5.052199
2.2196333
2.237756
2.609798
2.1436625
6.2637095
2.0653512
2.1813734
3.658337
0.37818155
6.9071264
7.845101
2.7389786
1.8687712
5.98808
3.5824802
0.9954361
3.4362557
5.894612
2.328023
0.7990421
4.0096526
1.4303299
9.910519
2.1949298
1.3597599
2.554014
5.4127207
3.6722646
0.46138653
1.4699079
2.1231282
1.0166831
2.7590058
4.5864387
3.7017107
4.469079
3.3053532
2.5846038
3.0463347
1.736969
1.7967639
3.850741
2.6716838
4.4064527
3.1451337
2.297614
3.6900167
2.5986705
2.4299905
3.5867567
3.473633
3.2940252
5.5541244
1.9601644
2.3322558
2.4254863
5.3899145
2.2491279
3.0278258
0.36487854
2.195498
4.67087
6.7439194
2.1820693
0.6751665
6.2152495
0.4857778
3.34257
2.1982982
3.0714872
2.1794004
4.0517726
1.9847627
2.3648696
8.732124
2.7872503
5.172573
4.0966263
1.3176295
2.8075993
1.489311
4.9099326
1.5522767
3.3181698
0.35094142
1.5994029
3.2090871
0.9401296
5.989672
3.4256516
6.681944
3.9451742
1.8107573
1.7450575
2.7261715
2.2873242
1.5400811
1.8322074
0.8571776
4.4785547
5.6616735
4.3235
6.474152
1.6670752
3.0072193
2.9831593
3.240032
5.7024627
1.1539443
1.870719
3.6968253
7.618526
5.458244
3.7281966
1.7381384
16.477364
2.362052
4.6346393
2.9146967
1.2473223
3.111469
4.2574577
6.726294
5.5742145
3.2028239
2.8335829
3.6926305
0.672632
2.1282573
2.8474698
5.5536375
9.856942
1.7759095
3.69198
1.0234272
2.5730047
4.144425
3.1528392
0.6275374
1.5007915
2.145089
1.4984509
2.941596
1.5970978
3.6688867
1.0937399
2.076832
0.83649826
3.9046009
12.021509
4.1028805
6.966095
4.340338
3.4797647
3.5465345
1.539449
4.24006
55.16714
3.0482955
5.295404
3.1732745
3.5782351
5.261057
6.122752
6.1025386
2.8984218
1.097199
1.249302
7.982635
4.904251
2.6299427
12.294663
4.2925224
1.0536166
4.8776836
7.0905457
3.79233
4.876891
7.215725
2.1006708
2.0881665
4.655712
4.5420065
2.9659593
13.232023
5.322147
3.3221107
3.6286864
2.2868426
1.0424793
2.02132
5.74709
5.5207577
3.2335153
3.523332
2.9520204
0.59938955
0.5482536
3.693355
6.0485616
6.6646504
2.479938
1.1790887
0.5461012
5.1987925
0.22871077
0.26691797
6.954184
1.9872158
6.463218
0.37730023
1.0627512
1.7242934
2.2474656
4.1400237
4.1269755
9.9533615
7.4106927
2.616975
3.2517102
5.2195945
2.4354599
3.2268384
4.7806582
2.054103
5.7424564
4.464135
2.461686
4.171108
3.834713
3.7530432
2.0414379
3.0319269
1.8853114
3.7551558
2.108205
2.5256336
4.7537646
3.1194544
3.5497923
4.0950847
3.3366196
3.1530728
1.2659053
1.8310978
6.7901697
0.7702941
2.007932
3.8358335
2.5155652
3.2832837
2.6170368
6.03314
0.85104984
2.1709785
4.4989176
0.31605193
2.197888
1.836274
6.098633
7.2877355
2.1772056
3.9349554
1.4718107
2.1165435
6.1089516
5.240606
4.2367344
1.4432454
2.782692
1.1762377
1.5350689
2.0228748
2.043081
2.2564132
1.6471717
6.60741
2.9382966
2.8151696
1.0577027
2.7756972
5.2457805
4.3313637
1.751629
3.3487976
6.1341662
2.2379835
1.3114843
7.763303
4.0488486
1.3816416
2.560306
2.3378968
1.4378306
1.2907742
3.837467
2.4968655
7.0963116
1.4165103
2.210183
2.5964587
0.33712426
2.6306844
3.7589657
1.5134742
2.046217
3.4738247
7.2527456
3.0419044
0.5429763
1.0552912
0.72650874
1.4838822
1.7336744
5.8496456
0.82133627
0.6565072
2.2809136
2.8023574
2.9015753
3.9741604
3.7917259
4.0186214
6.2934117
0.13900964
3.3510108
2.568494
6.0281315
4.3739457
20.939638
1.8196265
5.43907
1.5792999
2.2444677
8.589967
1.7588148
5.880886
4.4563107
2.149333
1.9248189
3.0650265
2.9684737
6.813119
1.623885
3.4035354
3.63281
1.7477388
1.4148289
1.9129677
1.6251814
0.8115498
2.899653
3.5239382
4.4497895
4.4059362
3.8311641
2.976396
4.012663
0.6179655
4.54024
1.154312
1.4167827
5.5235763
1.6763024
59.37001
3.4711359
2.4892786
3.98781
2.2104626
3.4515834
2.8089836
1.8680441
3.4789624
5.1970634
2.550395
4.1236935
1.7921301
3.437979
4.531836
2.8714626
2.4649656
4.178268
3.4875367
3.2607791
2.5142589
2.4586122
4.294663
3.6645525
3.6056957
2.827278
8.722994
2.1406515
4.2612286
6.140464
2.6896472
4.7916503
2.6503031
6.45707
4.0115705
1.5560548
4.891792
1.4516037
2.054707
1.6630946
3.7290692
2.5834563
3.3993847
9.476098
3.7801316
2.8621247
0.9320614
2.6933718
1.013169
2.8566625
7.8895345
4.1730638
1.8693225
5.3004994
1.6631994
7.518673
2.1873083
3.2618637
4.023657
1.8514675
2.5230496
2.0300913
3.6380649
2.5068069
5.383971
2.5106175
0.7471923
2.9869826
6.6103773
3.9134257
3.4538217
7.699388
3.9960334
3.5118136
1.8965815
0.5778895
3.1088054
3.9892542
6.9411297
5.6835365
8.09265
3.6630116
2.1844132
6.3573146
2.6733332
1.8627214
5.34358
3.2782018
2.3730283
6.757234
6.0628157
2.7414486
0.43455356
1.3080934
2.9673183
3.3865647
2.6756759
1.7916225
1.5404098
5.0043554
5.8237243
3.6239514
2.8386362
1.3360193
3.1639361
2.7317255
4.6108804
2.4075818
7.833864
8.390039
3.784758
0.6344429
2.292558
3.8095758
3.0025575
3.4514694
2.3102863
8.741324
4.938045
2.4281213
1.6733049
0.149122
7.441112
1.8066031
8.520293
6.0812063
4.6791596
5.6973605
2.2327538
5.164417
2.2723472
2.9748654
7.6304545
2.74015
0.80370766
1.7812942
4.4401436
1.6609526
7.3753657
1.6802826
3.9715748
4.072744
0.8406234
3.2044044
3.9921472
3.275691
4.5552373
1.6356527
3.1090734
3.5762558
3.0128877
10.098869
1.1082773
2.3506315
7.2437687
3.7764895
0.6659286
7.477446
2.0216696
0.46275926
4.943459
1.983319
5.1344657
3.8823683
8.567217
3.0869966
4.284716
5.241132
7.0013576
2.0462024
1.1998817
4.827791
4.299615
4.4176145
3.21948
0.6880446
1.956283
1.1681126
2.5908887
2.3994036
1.2739183
7.842985
0.71411467
4.840064
2.0588062
5.6374288
1.0704912
1.737917
1.6697819
4.251606
2.0765061
0.1832203
2.4260292
5.1761518
0.11056216
7.0591273
1.567876
2.4425843
1.8093646
2.9130268
2.773179
3.7742069
2.2506502
1.1908717
1.1554811
2.075763
4.12812
6.7082353
0.9414799
39.611877
7.473676
5.0551715
2.777758
1.001266
4.212836
2.797479
0.5630663
8.387535
3.0225053
1.087994
2.6671588
1.8516381
6.249557
2.1870756
1.061177
5.0669494
2.148161
3.471514
1.0334867
1.4228399
1.108981
2.8534243
4.806098
34.18161
4.1828794
4.749273
1.0909771
1.6318116
3.691744
4.0743
1.9504567
2.9243305
0.39665845
0.7497579
2.7411306
2.187245
1.3834758
6.5346193
1.2700273
1.3081741
1.1577232
3.7714074
0.8501137
5.6422844
5.2520185
0.8547741
4.162538
5.187818
4.1823587
1.9772621
2.6862361
4.1680503
4.6528916
1.4003851
1.8243399
3.5084102
1.9226462
3.0186532
3.4955046
10.622086
4.0408864
4.9759717
4.5961576
3.3207753
2.5466237
2.9764135
5.471652
1.9940429
4.059738
6.6305494
2.8551192
2.2469144
4.5950227
3.075616
4.0023193
2.1112196
11.649621
3.250358
4.1126266
4.373248
0.8143293
6.852539
4.7260118
1.7388724
11.741916
10.976381
4.4311895
3.956599
9.185046
2.7113142
1.1033587
4.4178443
6.6861124
7.789942
1.6963785
1.9965483
0.535636
1.6904812
3.8423526
3.727689
0.6847543
2.8765526
4.8370743
1.6048515
4.448792
5.6276054
1.4509587
2.1812205
2.4243164
9.592719
3.311931
2.6429665
2.2618654
0.9496967
5.5256505
3.368031
2.7024229
3.1177897
1.2638997
0.96374035
2.7646677
1.9771376
1.8215683
2.4789722
4.7326775
3.3763957
1.2992859
1.3313885
2.7416186
4.5009785
1.8991892
2.0276434
1.886982
6.0223527
1.1356666
2.5338535
0.9305907
1.3199011
2.733164
1.9244442
1.5362396
0.59018826
6.0940967
0.8477257
3.7373114
3.729368
3.3030996
3.105323
21.830818
2.450171
5.6246653
0.8854578
1.9409517
2.877491
8.067582
1.4434383
0.6605762
1.2001089
2.987985
4.949907
1.9343004
1.3239532
5.087114
6.776815
2.7664309
1.7542598
0.8660846
4.0856986
2.8525083
4.1426525
4.799045
4.542129
1.7956533
4.1124625
0.56978875
0.11623297
7.3383846
2.6629314
0.8501483
3.8153532
5.094216
2.463374
3.0044503
7.613999
1.1306454
3.6377017
1.7870078
8.788434
3.9904513
1.7444243
3.0390036
2.131368
3.4195373
7.2290177
3.370104
2.3693342
5.836367
2.5520463
4.681786
4.254224
25.773548
3.6371408
2.101755
2.9181712
4.395224
1.7601849
4.4926505
8.656871
2.695259
2.168696
2.344162
2.761544
9.1091
4.3600035
1.1649456
3.2619927
4.1048307
4.0391927
3.0181975
3.813351
6.3189745
0.6794731
4.5355887
3.9605792
4.143996
2.1015
1.4585662
1.5952427
5.2511053
3.2540183
4.5419726
3.2717645
2.9810612
11.602035
2.1298373
4.515629
1.4958228
2.3640723
0.87543863
5.760451
4.1824675
2.550995
1.0196563
5.835096
2.7930088
1.95115
2.1584556
3.1837745
1.7264632
0.76467663
3.0726879
3.1378372
3.2307043
2.5324416
3.2224984
4.3043094
3.227572
6.050305
4.4295263
1.9790905
44.659737
2.9809637
1.6244049
7.164515
3.2402413
3.764047
3.122124
0.9112304
1.4420341
6.00091
4.8734426
3.3986776
5.991373
5.11816
2.1006854
3.6741922
1.4449008
1.2227678
2.9224043
1.5835706
1.201709
2.6618617
3.45024
3.0283756
5.1708345
3.5639749
2.4520676
5.3848786
5.741114
5.1274633
1.818626
1.1611186
3.4761932
0.773793
1.6729728
3.725096
0.15455875
1.1924533
2.955537
2.8460152
3.1095736
3.5322335
8.063436
1.0718625
0.49988115
5.573691
4.552592
1.181812
1.5690995
5.1209908
2.133887
5.253651
2.6050522
6.9116383
6.1569777
3.5337822
2.2368221
4.7320576
2.5182338
4.1244764
1.3820536
4.4021964
1.8492008
5.611338
1.7342237
8.410008
3.2425168
3.1917918
1.905092
2.3055925
1.9506309
2.0045495
2.7357075
3.4731977
1.7065855
1.3412504
5.2926507
7.3257513
3.108002
2.2878053
3.0667353
5.380815
5.506984
10.170084
2.7037334
4.0168824
3.8576393
3.3049579
3.5890567
2.9199805
2.35644
0.48817855
2.656241
4.4267335
1.6114074
6.1661167
4.8642607
5.04247
54.162506
1.0967615
5.491656
5.66413
17.684252
2.266962
5.43115
0.61858374
1.4446195
2.728211
4.9308167
3.2289896
2.4838994
6.396819
4.1483355
7.8606076
2.697917
4.586736
2.575481
5.3110313
0.30284342
2.2664745
1.6177559
3.6845057
2.750109
6.865351
4.938858
4.778911
7.122327
5.0208254
3.5906403
2.9228926
5.0157237
3.1815946
7.502211
4.2672606
2.3820932
1.8917954
3.6836832
1.4921255
4.9943995
1.0098959
2.4909148
4.4933195
2.1287901
2.0467973
5.6821437
3.4551096
2.0392365
3.619454
1.0484458
2.1816876
2.5180643
4.281226
4.6318154
4.1540513
55.876804
4.797235
2.1155024
4.311314
18.651932
5.4668646
3.5612838
1.0904876
1.8252994
3.2672336
1.4104677
3.6212373
3.021929
2.4676337
2.18182
2.4152806
1.6740586
3.0610456
3.2931824
1.2560397
2.6671708
1.9992969
1.3532892
3.2715163
1.6408956
1.0540975
8.109835
5.2354217
0.929273
2.2567263
7.8546686
1.3378407
32.678677
1.2110027
4.21202
3.480569
2.5554795
0.28030556
1.42546
1.5823199
1.7463863
7.4951205
5.8984685
0.83928114
1.7623628
2.5459697
3.1096041
1.4956796
7.5297747
6.1613126
5.1571126
3.223093
2.679912
5.8298907
6.646571
2.1942413
5.344404
3.388499
4.5451937
0.63043314
3.5966544
2.7535589
8.698297
5.7302365
5.2893333
1.7587838
2.2972507
7.9000926
4.819518
1.0851172
3.602898
2.8960755
3.1159492
4.28877
2.2442482
3.0800867
1.6486567
1.2182678
2.6562743
7.047412
4.8297324
2.1660244
2.9433186
7.889676
3.7708492
8.466559
2.199223
1.0618298
4.370925
0.58986706
5.8311996
0.9595539
0.92745847
4.7704926
5.8658137
1.3249817
8.504554
3.2235956
1.574658
8.38462
2.6581538
5.831053
10.999767
5.418005
4.746673
1.2282774
5.286493
3.5704792
7.817132
0.9980803
1.0635563
1.7316355
3.2972088
1.6750854
2.528526
3.3701773
3.476155
2.6280096
0.76028466
1.3566909
0.784287
1.2265697
2.3335257
0.846463
2.1654506
1.1539687
3.1364257
4.002377
2.41259
2.82436
4.41861
2.582432
3.3756132
3.416083
3.1354232
5.3627872
3.0203907
1.6730481
2.7917414
5.0098414
10.307741
8.273081
6.4206133
3.6821947
2.6353865
5.3650975
1.4002078
3.53527
3.5509021
4.3214617
1.4515946
1.6458777
2.3139155
7.4175906
2.715213
3.8923411
2.627744
7.37403
5.859526
1.6233511
4.078268
1.2759253
5.7457786
1.8167542
3.0954893
3.9770923
6.562677
6.9243736
1.9505811
2.3875828
3.7243333
3.1987817
3.315736
7.53495
2.0912669
0.39999723
1.8708551
5.491515
2.7866611
1.6175972
6.9667964
2.6931505
2.7137678
2.6394465
2.4033964
3.223053
73.868645
2.3303478
4.1429343
5.466568
1.8111882
9.017772
5.0862703
2.1155255
3.2753553
2.2764833
5.68552
0.75768435
2.450391
4.4851546
4.042218
2.135325
3.3806043
5.631237
1.7974012
3.6752174
4.995819
2.1721785
1.8082464
1.714841
2.6606588
5.8440566
1.4908452
0.7505089
3.1887798
7.780747
1.8097084
2.4140208
4.9688034
3.450737
1.9363556
1.1914184
7.712801
3.474804
0.9329831
4.550114
5.99801
3.1460848
4.0229716
7.2842674
4.374905
2.9554462
2.8323975
9.130661
1.7917017
14.981831
1.6124462
1.7523025
3.5714648
4.5960155
5.83057
3.5686777
4.9576144
2.9055948
1.8745495
1.3167087
1.3696425
3.9410548
4.749097
3.563896
1.5013564
3.0125039
3.9450686
5.665114
4.2087507
5.1413097
32.484985
2.422924
1.7006726
3.0662556
2.7200086
2.362055
5.6462502
1.1930021
4.7303157
4.150852
3.1629608
7.017468
6.645703
5.839589
1.9603164
0.67157924
2.4770215
4.838324
2.9839363
3.336797
3.1209133
2.0555315
1.5513004
0.81283534
3.32238
1.8691769
3.5205688
2.6330144
5.5715485
0.92503655
6.9282074
1.3882172
3.2323961
2.457558
10.614531
8.51872
3.0427778
3.4541438
1.9686016
6.283001
2.2770636
1.143872
2.1464195
0.9657589
4.5628686
11.600583
1.569752
10.674148
3.6064386
4.4323115
4.6939287
4.155969
4.8902893
3.7657745
1.4828455
4.0289154
4.976498
2.8225524
5.402242
5.9713063
5.3343625
1.7770236
3.3537266
3.9461393
3.2514317
1.8498667
5.6961584
10.958395
6.461522
3.9521327
4.356469
3.6123054
3.4725528
3.94727
10.427
1.043829
0.572757
2.7099085
2.2038407
3.0494
0.9103338
1.7528622
9.365911
2.173489
3.138535
3.3011572
0.1391827
2.2168233
4.71873
2.2231019
3.368909
5.2419996
1.7886599
3.6223028
10.490312
3.172657
4.592601
2.0651848
1.4474341
2.0489259
4.025622
2.2098424
7.715233
4.124917
5.8410125
5.957072
3.7380946
2.022886
1.4033533
5.02689
3.2052329
5.7029686
2.5046327
1.5312003
5.174344
6.2989607
4.517756
1.5611346
5.392405
4.076561
12.914202
3.601024
3.1396253
3.35124
4.6847696
3.6814184
2.8518083
6.6016283
4.502633
0.76378757
4.868339
3.1030767
0.83489823
2.4681153
2.537943
4.9171915
6.0947776
2.229723
3.1797123
2.2158594
1.7514887
1.769572
3.8183246
1.8924346
3.375069
2.6974885
8.205422
1.2888255
4.7883077
4.2920237
0.5772682
4.6717343
8.958182
3.1194556
1.6795
4.136799
2.95824
0.4341404
4.195484
1.4914358
3.802987
2.6673245
4.9606104
6.6549697
4.827267
1.3898106
1.3512205
0.7724669
0.71294373
4.7147985
3.3230133
3.9315252
3.3394408
1.9014498
8.531856
5.4992766
4.047442
2.5047152
3.4267082
6.6052084
2.5649095
4.925359
2.0678282
2.452472
3.6126702
3.8373535
1.3651198
1.4117543
0.5061928
3.707754
4.8759317
6.813076
9.16722
0.25536728
1.6389276
1.9196308
1.6490443
3.186233
7.945252
1.5235807
3.9301376
6.010922
2.112495
5.982417
2.092761
5.099719
3.8361132
3.44723
12.117483
5.415437
5.4241457
5.3250456
7.921597
3.6711614
2.7437112
2.3363326
8.236703
3.7870708
2.6288874
2.4762332
2.623798
3.4997683
1.0415804
1.4125319
3.7302055
6.7453227
5.516825
3.7837093
2.3317146
2.5263417
3.1323516
6.7608957
6.1249776
5.932787
4.186151
2.3950593
5.9901695
1.9226837
5.6970778
3.0183265
2.0230978
1.4724181
3.650414
44.54322
2.2977388
1.4622818
5.0581937
1.5072017
3.4679053
2.3142242
5.415115
4.484071
1.502746
1.0859706
4.1525908
2.673867
1.4434354
5.459783
1.0174146
8.302784
6.4716234
1.2907411
2.552208
2.5348036
3.432257
1.8524024
1.7266299
1.336142
4.208951
3.093606
2.987701
2.9307904
3.8967803
6.547779
3.2536402
4.30066
8.74201
7.5784545
4.2135634
6.18738
1.3555067
6.411812
2.152403
2.3571122
1.9238333
5.186724
2.6692717
2.0032754
4.4404287
0.90680254
4.5645976
1.8664806
4.9680486
4.235013
0.8219028
4.787316
6.2443504
1.1257861
0.9685111
3.8076057
2.8122606
4.245578
1.8542062
2.022915
2.6293101
5.5265584
4.081137
5.2157054
4.990609
2.3508542
6.5951123
0.88435525
1.528085
5.7815466
1.0627807
0.48594803
0.9503078
0.64162546
4.8322697
9.077449
2.2424207
5.704748
2.2329128
5.4605136
4.7705383
8.2147
18.770575
6.170362
2.539438
7.61984
4.745653
3.2451837
1.9335456
4.3316665
5.6805396
2.1681788
1.2360134
3.229451
1.2188537
5.8104
3.2155113
5.3908253
1.6035262
4.8315616
1.7102479
2.491325
2.443597
6.1471066
2.8090515
1.9700537
8.169671
4.779029
3.1237876
4.5354404
3.026125
2.3679821
4.4951143
1.4643711
4.8836308
7.8258376
6.1262035
7.0977373
5.685661
3.1576414
2.62054
7.411688
3.096594
3.34925
5.479403
1.0187876
9.147854
1.5034443
2.9969592
3.348403
5.976065
3.5333612
4.8516955
1.3681467
6.936692
0.7654088
4.608526
2.1061447
2.230833
0.2758943
2.5552168
3.9159036
9.080869
4.9468966
5.171846
5.7791815
2.2522113
6.156763
5.334485
44.585636
1.4945644
0.32823431
5.8041835
4.989881
3.7381737
1.8183818
2.0902333
4.3812227
4.3169675
2.5137002
37.107872
2.2001514
3.5046344
3.5657973
3.4205956
2.9964654
4.355833
2.551724
2.7798634
2.6184695
4.3964925
1.4050195
5.110253
1.2351661
1.5508454
0.48119804
1.8147912
5.752709
6.69539
3.3738606
7.399821
2.7162368
1.3953294
1.7536417
2.934276
1.9942422
4.6106334
2.6097105
5.779933
4.106449
8.445707
3.4113836
1.9954455
4.2288895
3.0263758
6.0454044
4.8372984
2.2625973
1.50581
3.9613628
1.5846977
2.4312246
0.4340267
3.2835064
3.5927687
7.5667324
5.3966827
1.4431612
0.20048794
0.48872006
5.8106527
3.8844912
10.549155
4.947386
9.665527
2.3900564
6.507527
1.053071
1.2233024
2.953723
3.0922673
6.9408455
1.6110464
3.4665873
0.7126629
3.9238539
3.746276
6.260098
2.6030738
3.8240838
6.7254386
5.323676
0.9387893
5.7797823
3.7381837
2.220243
2.7542837
2.9807005
3.226489
2.2553658
13.339573
1.9470775
1.8159647
3.34275
1.6169863
4.4194536
2.3872857
1.5970265
1.2837598
2.626197
4.6124415
2.1187792
3.710256
11.658892
8.223411
1.542698
3.7240837
8.318264
0.35287303
1.640355
1.7983565
4.712287
7.9686794
9.304258
2.7616718
1.1160445
4.29858
1.7345711
2.9980438
7.0814776
4.630498
1.9711837
2.05473
4.3669333
4.203015
1.4975324
2.3184066
3.4672275
2.189254
1.7225801
2.4998944
2.9154747
0.7750131
1.6927937
2.4204125
3.4262404
5.1649632
5.584462
7.2110734
0.8896891
2.0894773
3.0222952
5.504012
2.5059693
1.4736495
5.480681
4.4003983
5.002996
0.9499707
1.0853943
2.836341
4.12496
3.2688973
9.599074
2.1923463
5.874815
2.2159688
3.3960884
5.28216
8.252687
3.4043002
0.95708495
10.636784
1.3986585
2.9419754
7.4608583
3.10531
8.971643
0.8411114
3.332431
7.104634
2.479152
2.5982273
1.1970478
0.63196415
2.9759007
3.3350573
1.4115609
3.5596056
1.8447917
5.927542
1.4628187
1.6686018
1.524428
3.3685288
3.4377284
6.4995623
3.723413
0.8651112
1.1473929
5.2908235
2.282641
0.8041354
3.2471042
2.8889024
2.402531
2.2060673
2.3718395
1.4634321
3.9849865
6.0608087
0.9973873
3.2040415
1.4618729
0.9142029
3.6543872
5.83696
5.0230966
0.9061442
18.76589
5.0992923
4.381705
1.5624367
2.787037
2.6472707
0.34672803
2.3451593
5.554127
2.8019779
2.4995866
1.9558353
2.7394342
1.2637312
2.2112527
7.37862
4.3844843
1.6873602
3.4586413
1.3894604
4.1489563
2.9263785
6.4194508
2.6677272
4.082003
5.372871
4.6325393
3.480264
5.2587385
10.271826
3.8704174
2.7464812
3.4217153
1.7753141
4.2728977
4.095008
6.810819
3.908677
3.9560027
6.6468773
7.3954377
3.4793832
3.6307456
2.3957918
3.0046856
8.155598
3.123807
3.2498655
1.5780891
2.1548772
6.0089097
2.7139564
5.700134
0.5531256
2.388907
4.426618
1.8089104
5.1124916
3.0010834
3.8160057
1.8549395
2.3632033
2.5726876
1.0871818
1.4363971
9.193468
1.4527237
0.9513054
1.6977412
3.6281111
5.413548
4.9476113
1.3227336
1.7690948
4.5428114
4.1604586
2.2541096
2.6119184
2.8008506
4.6760483
5.4832845
5.697244
3.9766078
2.099171
3.1842673
2.2190275
1.224733
4.48099
1.8679389
1.6134297
1.9671676
2.061999
1.3802876
5.604503
8.01883
8.017793
3.5485225
3.5820487
5.1282554
0.73119575
1.0433434
5.3837786
1.9580661
7.5250077
2.9486945
4.836539
3.2688894
2.6473074
8.572548
2.7629843
0.12548855
1.6785746
4.744182
5.6293974
5.107911
6.0782795
3.5618536
2.6877854
1.0674866
2.585715
2.007595
10.823263
1.4591634
10.5705185
7.5582724
2.1914399
2.8669481
2.227379
0.9631676
2.7676947
2.795918
2.834067
2.5745304
2.4337285
4.7382903
1.2955581
4.5310154
5.192684
2.1637354
3.4106047
2.3458235
4.600417
13.430267
1.1744655
5.5494986
5.059204
2.4462285
4.922279
3.3146865
1.039813
5.6536613
6.6784825
1.5840129
3.9546795
2.1825204
3.368086
3.9593747
4.447949
0.10961429
2.6550295
1.4763347
6.9424624
4.41799
3.513527
4.9302106
4.8873777
0.1946558
4.5127053
4.7358813
8.02597
3.2856183
4.5878024
3.3875961
2.6982045
1.5197594
1.8676628
3.7804153
2.8533244
1.8760347
1.9531121
1.452512
1.3973066
2.3894162
1.8633573
1.7883915
4.5438747
5.082244
1.1663051
3.373171
2.5117013
4.798011
4.1125517
5.787244
1.3021783
0.99367005
5.0547266
4.2914977
2.9700186
3.0226777
4.789381
2.8430927
7.324382
8.706844
2.4183097
4.636695
2.753766
4.530441
4.984192
2.1547918
3.101864
1.4247369
0.33527663
2.6102362
3.2036602
5.970355
3.0424938
2.1198158
2.4833875
3.1949112
2.4421608
2.5092227
7.1583843
1.1689212
1.4400964
4.485704
6.144514
5.081614
4.4237456
7.038907
5.7844453
5.571716
4.7157702
1.8881576
3.445955
3.8516488
1.0493274
3.922502
9.648204
1.6551021
2.670377
1.4965221
18.243761
2.4069965
2.773426
1.0379174
2.6705368
1.5353942
5.776368
3.9828434
0.5154868
3.6906369
6.4223847
1.8457685
1.6934779
5.8919334
5.8309307
2.555631
2.7688878
6.084611
1.9253607
5.417204
1.6151335
1.5019078
4.268854
4.019785
1.7503945
8.461567
3.1139922
3.0560057
0.40470597
11.288773
8.500908
2.8667057
2.139198
5.16327
0.58729327
2.3134496
2.407746
2.8379824
5.488605
3.626219
5.1328716
3.931362
3.15343
2.5047483
5.4560275
2.5631332
5.4742293
6.962986
3.2522552
1.9946721
4.1644635
4.2551336
4.1937695
4.727702
6.025145
1.8067781
3.193209
5.990139
3.1177645
3.1495678
3.55524
4.9720793
3.2655594
6.061115
4.986676
1.0526212
2.919877
0.48806182
6.6934066
0.055408303
5.0658245
8.24035
0.4251794
1.6672068
2.0900416
6.0594373
8.420989
6.888982
7.942465
3.0145838
1.8522199
5.5095286
3.2788553
0.7328785
7.350758
1.1332257
0.7226041
0.49190313
3.439263
9.144109
4.569723
0.21705495
2.9319482
1.9892308
5.8279777
5.437828
2.2014909
5.4171424
4.043704
5.0901
3.940663
0.834254
6.4689403
4.0603495
1.4516854
3.7624192
1.3781761
4.6905103
1.2274941
5.868886
6.101366
0.4759385
2.4564257
1.5703665
1.1384724
5.9780006
4.4683003
7.5356226
3.3594947
3.431315
0.8303848
0.4028658
9.193938
9.966982
5.854396
2.6819947
7.616035
0.06617921
3.1601772
0.66331583
3.801661
3.0863652
4.7377553
2.9291413
3.6797547
2.8793764
8.515325
1.9717243
6.5470247
2.0366356
0.13307899
5.238751
4.1076965
6.2212653
0.2608368
2.2629275
3.9039814
3.4054291
1.3621713
2.6786628
3.375888
5.641483
1.8253936
4.6216803
4.479395
10.89965
3.3960376
8.540519
2.3506935
2.5633686
4.973303
3.3944018
1.7357459
4.2070165
0.7680233
3.7184582
3.7444932
4.10701
2.7170234
2.0317333
5.6299357
2.2768164
5.576599
23.915598
4.1016936
7.68786
1.7925996
5.1255827
0.6074181
5.370518
3.6581717
0.6994009
3.8900464
1.7637204
4.7054834
1.6457791
3.3616102
2.425612
0.8008306
2.5658917
0.8435448
6.678875
0.2608905
0.7988475
2.5269587
4.6750956
2.1726773
6.236611
0.5686731
1.6437993
7.1050177
1.9553684
1.8500792
2.5930858
7.088651
2.1356022
2.4706635
10.01144
3.2013514
2.0117595
4.419351
0.3909782
2.9317584
6.499314
3.0771463
4.9423137
2.0643876
3.2334216
4.25253
1.7818679
3.5184166
5.9796333
0.35395765
2.4730957
4.240383
2.013213
3.1835012
5.9211917
3.2651975
1.7091935
5.8149233
0.4889446
3.9100847
1.951276
2.9379833
4.101384
1.2871892
5.8661203
0.6367899
2.3234231
4.46583
3.771009
3.4228406
2.9309568
2.4768693
5.1585536
5.7241416
4.622843
6.674382
3.586705
5.265122
2.3749082
2.7739012
2.7373347
2.5128956
5.070007
2.315112
1.4722686
3.366751
1.4699246
4.799343
4.9331646
0.7957128
2.532819
3.1229615
2.705404
3.4081035
1.8353364
4.0062146
2.131315
4.3560314
2.9770997
0.85584676
6.59138
1.0225382
34.967445
4.7617793
4.1490545
2.9116611
37.440014
4.4518642
3.5594893
2.5092134
2.1971948
2.2902665
1.741028
4.643695
2.550323
9.459264
4.211274
3.342208
5.594812
3.0393882
3.1949387
1.5844151
44.292507
6.086478
4.704546
2.2206059
1.9025658
35.797146
3.1944635
2.9217062
1.3007202
2.5702903
1.8070598
4.457443
6.225473
3.9470496
3.5334814
1.7963219
0.95595634
0.25491363
3.989199
1.198065
5.959064
3.0536997
7.4118094
5.2877245
3.5734499
1.4196371
5.787403
4.1261477
9.444698
3.494415
6.356245
3.2497985
2.5818315
2.74146
3.679807
2.5759885
0.3856408
0.817216
4.557707
2.3920987
2.036305
1.5737916
2.244901
3.1358929
5.038894
1.699677
2.0249221
7.1709514
1.023334
3.866566
1.9589854
4.542844
0.69408464
1.4808675
6.591888
1.1351358
7.2593307
3.1657114
1.5628673
3.7766445
3.4419441
3.355627
0.84866124
3.505554
2.6238117
3.9818158
2.2485125
5.4720597
2.92811
1.8591019
1.3164943
2.9527853
1.9343636
3.3567007
2.3593984
1.2399338
2.424403
4.80249
3.6591141
3.7686448
4.0467515
2.4909961
1.6948428
1.4633037
4.828081
2.0724397
2.6843908
8.038805
2.9372678
3.0074353
1.8751723
8.0154705
4.972265
2.1443224
7.781928
3.6259813
0.6588429
3.9852438
4.347105
1.6581744
3.3253365
5.5960064
3.864861
2.3206756
6.8776526
3.7683995
2.5501258
3.7533987
5.7459435
2.4909368
13.616651
0.85424995
2.3212261
2.7141197
3.0401745
6.364462
2.3001688
4.367927
3.646091
3.0346491
3.0410993
58.06163
1.087712
6.8535614
18.428934
1.8624115
1.7211523
2.9380922
9.334452
4.1236134
3.459161
2.5334642
1.653425
2.4090927
3.4831839
3.2208304
0.75099826
3.7136064
2.284034
3.7846475
4.677724
5.384322
2.589691
6.9866467
1.1543785
2.820639
1.9229429
3.4490445
0.88563937
3.812881
7.6073985
2.2563238
2.928237
4.1133575
5.024443
0.82617235
3.9077551
0.8110362
5.672983
2.4778638
3.7966099
3.3764691
5.6121807
4.584451
1.3277723
1.1896294
2.1587381
2.345314
7.69368
6.1518464
3.7697077
4.29658
1.1723282
2.5730433
1.0675603
1.2239065
2.0710564
4.1902986
7.985997
1.1369401
7.2094164
0.43620655
2.7928293
2.7272635
0.78654116
2.1269274
3.5032246
3.6507335
5.452909
4.6904645
4.7018075
0.6246648
6.727362
1.3619723
1.7737138
2.5913196
4.3473735
0.781374
3.895644
4.506754
4.9544983
9.803699
0.33503577
6.3453813
4.8730326
38.67948
2.0331001
3.9051356
3.7659535
5.890694
5.034625
3.9887662
4.8384447
1.5908753
2.1688328
4.096588
3.6832805
5.7036915
4.9523916
1.6864974
3.6386356
2.6513388
1.1072465
3.9742968
3.405234
3.114238
5.6915154
4.302524
1.0719384
1.611305
1.543491
1.9019748
1.756311
5.4222093
2.132757
1.7780378
1.0396562
6.4938993
1.9360403
2.3213136
6.917356
2.736392
2.9100866
6.579513
2.9751763
2.2430758
9.477719
4.5133467
2.6830642
2.2458205
1.8489488
1.6700128
0.48652592
4.6206126
2.6920862
3.0578928
3.5703242
1.6850731
2.3965755
5.291531
3.794153
1.9583628
1.7035825
1.711416
3.2838836
0.31052256
5.156735
2.3485305
6.156205
1.7831433
2.1393452
1.3193587
2.7023532
2.1590986
4.0386844
12.484596
2.3747733
5.3296466
2.6523092
2.0214243
1.1540711
1.6197457
2.1904626
3.2883172
3.2104998
4.8921213
3.7133431
2.4396527
1.4310894
2.0186749
5.550391
2.8972635
4.179138
3.5527108
0.5595512
2.5774775
1.2751138
6.840945
4.676937
3.411997
5.7201514
0.6916814
1.2667129
3.639526
4.5338626
3.7432144
8.351128
1.8720596
2.056976
1.5710746
3.0068848
1.947741
4.8637886
3.8176646
3.5019126
2.3926804
2.7264302
4.131712
4.306631
4.7723117
2.6525352
1.7503129
0.36628127
3.0107565
4.006375
3.6301532
3.4331863
1.463401
11.229263
2.3500538
5.954972
2.0952177
2.5318925
3.7122548
6.0126305
4.6423674
4.387325
2.328853
32.447323
3.1818523
0.48714086
2.329283
1.4893938
2.382481
2.1501245
3.99834
4.757875
1.741354
2.9622993
1.3163991
5.320204
2.1829455
1.9695904
7.909296
4.37253
10.577085
2.246326
4.795791
10.195319
6.468251
2.1782753
4.3156276
3.7052412
5.9559712
31.761908
2.9703672
3.8868563
3.0189884
2.1646063
0.6142959
1.056045
8.861459
1.66827
1.5880522
0.9831286
2.6919987
2.1969614
1.9366891
1.7156008
2.974264
3.9448922
0.42474672
1.8315903
8.116951
5.178317
2.0833917
0.6434862
5.5358014
1.737075
1.4019884
10.157672
0.6058338
3.1269236
3.3675187
3.4145482
1.4320858
2.2358916
2.0010905
1.5063534
2.9683871
2.2406723
2.7823198
4.133647
3.3740733
1.5586839
3.5068202
5.770918
2.2643917
6.004084
3.080578
1.9345269
2.795865
3.3471832
5.1538014
1.5796627
3.2494972
0.9225108
2.1600888
1.2987581
0.988334
8.86891
4.35652
6.1082034
3.459293
3.9199073
3.1496155
2.888114
1.8609608
2.3310277
12.56634
8.308987
2.8235228
7.834949
1.5161624
0.56522465
6.508834
2.6026952
3.3005793
2.7757647
5.9844055
4.3246703
2.5393434
1.1930778
1.9248406
9.166804
3.487723
5.838338
3.2425869
8.301204
3.4275126
7.836643
7.84271
2.879207
4.6525936
4.1011586
4.0416493
1.0689253
3.800935
3.1332605
3.1605806
6.043942
3.2742436
2.621927
2.171013
4.606555
3.570851
4.910287
5.450969
1.6514249
2.414957
2.3952613
5.565032
1.8851346
4.689483
1.5307218
2.3609183
12.3969145
4.876098
2.4161098
1.3825377
1.3188268
5.261859
3.3091784
4.1359987
4.8573318
4.0871243
8.482494
2.4278448
2.9427588
4.0782485
1.6987902
4.3192825
2.5999918
5.444566
3.6558814
4.394938
8.002739
2.113903
4.5272093
3.623394
2.6552112
1.443859
4.342642
9.533009
0.89575434
4.45188
2.1837866
5.0110893
7.2265396
3.6114788
1.4416419
3.5170193
2.5940044
3.9883854
5.999187
1.7168896
2.9910972
3.6244133
1.8341264
5.192744
2.0045717
3.0116851
7.3759003
3.2467535
2.3671587
2.125177
4.0149994
1.7318163
1.1757077
2.3211648
3.481757
4.391779
1.8300391
2.227225
4.069164
2.887835
3.690444
5.2626233
4.2766623
8.778262
3.787772
0.3650782
2.2068167
4.865149
5.945665
2.317943
3.114579
0.40491745
7.4714565
2.088653
8.519997
6.50662
2.4323294
3.7220902
2.5762525
4.4387393
6.307404
0.46642166
0.39853302
3.5027552
2.8999236
9.950557
2.1043916
6.093427
0.6838717
3.1051092
4.0222244
6.693861
3.0577557
6.8267756
5.4685864
3.9868214
3.7098825
3.786431
1.7014923
2.810828
0.495967
3.020247
3.1809728
25.57139
5.393526
4.682089
1.9118167
3.905587
7.5325003
2.245628
0.8680371
5.905775
5.073007
2.178488
2.266581
0.7092822
2.215209
2.9509966
2.1175137
3.5510077
1.8088895
2.7004642
0.56675845
4.942779
9.523361
3.4905577
2.7852988
2.5532484
1.3448628
1.7336401
5.7367806
6.874556
3.5566263
2.2897573
3.2416701
4.8361835
5.8798547
3.137225
2.1206183
4.5565004
1.3103743
5.190548
0.6097939
3.3912861
3.55026
4.529963
4.670211
2.34831
1.85972
6.9229565
1.7487245
2.0926957
2.086253
2.0124788
3.7885315
5.412954
5.9114165
6.0394697
8.593443
2.0477138
2.4724424
3.3543272
4.191565
3.8854353
4.8595123
0.90527993
5.4992743
5.2640953
4.619594
1.2697757
5.038456
6.7818885
4.066183
3.319223
5.6478376
3.902197
3.185116
3.9208527
1.4791942
3.205193
6.179029
1.7247331
3.847741
2.6211288
4.0319543
3.5022564
3.0670874
3.3407695
2.838566
3.8491538
2.7382495
3.060201
2.2783794
1.8725307
2.0097482
3.5106041
22.14686
2.689515
4.4703255
2.729352
2.5392344
1.6619941
0.5554218
2.753316
1.8660421
1.1483868
3.4914503
2.9394414
4.499821
4.677404
2.147477
4.092082
3.911949
2.9886024
6.296751
1.8056166
1.0135282
7.0068502
2.9632263
2.8139195
4.1798406
4.2048903
1.9165568
4.8321557
3.321726
1.5392125
3.9438455
4.037026
3.0687852
4.6549273
5.25056
2.4541504
1.2057878
1.2129647
4.6350994
4.8152103
2.9274561
2.7419064
7.822069
2.4809802
4.1431518
1.5460719
0.1900758
3.6985404
3.2856362
2.1071703
1.4650987
0.5958058
2.3007715
11.826394
2.4826884
5.547906
5.0360823
0.9772601
2.1237361
2.518004
0.111611284
4.067709
3.1042886
2.2153852
1.5288053
0.93584526
0.86085945
3.2785912
0.16083184
1.1042014
2.9257162
5.5094132
1.2721847
23.733562
3.7123716
5.1243157
3.824912
2.499075
3.832334
4.0448294
2.2853472
4.8000627
3.339755
0.6830335
3.2592683
0.75157666
3.1561913
2.1904137
6.5789804
3.4627974
2.082276
5.4141083
5.055413
1.781106
2.6724002
2.619941
4.2238297
1.448182
4.631214
5.0690928
2.4182184
7.1312737
2.4760082
5.2076774
6.025917
0.818628
3.7933846
1.3114253
0.5971446
0.798473
5.11623
4.15621
6.9149504
8.091568
2.57433
1.3362851
3.4334283
3.3901546
2.3448102
7.2460265
1.9593982
7.870326
4.787956
4.9113646
5.1115136
3.3408532
1.6516522
1.4434258
4.7730246
0.84641063
8.5805645
4.8422647
7.0932603
3.1250842
2.0860407
4.8333116
1.5179204
5.970371
4.2157164
4.267729
3.9371858
0.59680325
2.5429804
8.310289
4.3868594
5.3338294
6.2173023
2.309127
2.1561444
4.1386256
6.291344
7.758796
6.2990384
2.3175023
2.003786
4.189547
2.108787
5.115708
3.2296677
37.06892
2.9555738
2.5806422
3.738138
2.0762424
6.0032964
4.0978765
4.0416775
3.8557043
3.6199384
5.3761835
2.2014396
6.5617785
2.42549
0.7284532
3.4909801
1.3942287
4.1083937
3.7403939
3.5664968
5.7516975
27.466963
2.0642145
7.1891346
3.4514701
2.6335745
3.981077
4.4661345
6.4292474
4.96873
0.39146507
2.323096
6.8514323
2.767871
2.7948701
0.74206805
1.974969
1.8158687
0.5902202
3.0398595
3.159457
1.9472194
2.331472
9.010945
1.0193694
2.724299
1.6950464
3.800135
3.4465892
3.9649758
2.6258636
7.8784757
8.705553
1.000121
2.3766778
2.0273867
1.670115
5.104319
4.4012184
2.6995032
7.5260015
1.9815093
1.567778
6.817247
3.2377362
4.888223
5.2069283
0.65871143
4.601389
1.9732329
3.046179
2.9891841
3.8378267
2.6158526
2.1357074
5.902845
2.6764493
2.8637211
1.6048864
4.221558
4.165888
4.544251
2.3032136
2.3106627
2.6187513
4.8942204
2.159254
2.2970636
1.7721359
1.012749
3.2334673
3.073866
1.2460669
2.1020076
7.0557914
1.8054407
1.9012433
1.3718581
4.7690964
2.9453294
3.718481
3.1551225
6.1010213
3.0839243
4.1577573
6.005076
4.484443
2.6975758
9.241752
3.7765284
38.833878
5.6980186
3.1165717
7.5323577
2.0840998
4.689002
2.8196933
4.3782196
7.94085
2.0017123
2.542473
4.4949756
2.7598758
1.2697399
2.7848365
2.252408
2.4786956
6.058302
3.0819135
0.7622854
7.002858
2.487816
3.659947
2.4115856
2.3196619
3.498228
3.1079447
1.6151719
2.8883119
7.0484047
4.721432
3.6116102
2.276401
3.0301685
3.849029
6.434816
3.3146527
4.055562
3.3638391
5.5596385
4.3597417
1.8168966
5.9526515
3.5736277
3.5709672
2.771159
3.2843633
1.7570707
2.4674993
3.6782837
1.8318615
5.01388
6.8680654
3.2944984
4.168588
1.5558236
0.925365
2.4872298
1.6421366
3.4881728
4.051877
6.5150948
3.603594
3.5699317
2.7103474
8.470695
4.413755
3.2356915
3.9442627
0.6371747
1.9066843
5.2114873
4.027157
3.0440023
1.477644
2.1701534
4.1180954
0.728426
5.8272095
2.7925391
7.4794903
2.7503028
1.2008104
4.5666614
2.474725
5.1028514
3.0171847
4.2172523
8.731147
1.3495349
16.34247
3.3372068
5.479382
5.522421
3.0156271
3.9936073
0.14640063
1.7651774
7.5661273
3.0513692
4.0592513
6.176457
8.000333
2.980817
3.6274376
1.3447838
6.6148386
3.0214772
2.3345158
3.273174
9.590033
3.5093305
5.469214
2.4522812
2.2762651
4.5255594
4.089487
0.30933857
2.9034889
2.9646065
1.606816
5.116806
6.418665
4.2668433
2.0766535
18.858034
5.549778
2.733527
2.0890808
5.7568874
2.763684
8.293396
3.166084
3.2833314
3.4750268
5.087087
2.2950554
2.6953568
2.1694639
1.4338604
1.5563148
2.386778
3.2881806
3.0364585
4.212471
0.5530795
3.8538566
3.0822504
0.34908873
1.3003232
2.596853
1.2687886
0.7421739
2.9393773
4.918824
2.849889
4.7796526
6.1273007
4.189458
3.6414914
3.3565452
2.9957662
2.8907561
4.290975
11.244503
2.1927636
6.2907763
2.1390247
5.9278984
1.7686999
1.2886982
3.2361493
1.5731965
4.6766567
6.1211867
7.511487
1.5765693
3.2413225
0.9941836
3.315343
3.7877767
4.2383857
2.648714
7.054169
0.73381233
18.655767
1.6867386
3.6334176
1.4324023
3.9541159
4.787646
8.264085
5.023994
1.7669299
4.4899254
4.3892145
3.9286132
4.6139293
5.486897
4.2935696
2.761203
5.2157717
5.059909
2.085848
1.6194298
1.1514639
4.8051095
2.95208
2.8639076
0.81797624
4.5531
0.9294049
5.2348137
10.518427
4.0112467
1.3690891
1.1528457
0.47848162
2.9793766
4.025549
2.2080476
3.4209876
7.7580914
3.7456386
2.4753034
2.0497148
3.2040572
1.367644
1.4940394
3.0337288
7.629458
2.0228388
1.0508121
5.6139183
5.0933323
11.426763
0.79883987
7.9557924
6.645586
2.9816236
8.472954
4.4766684
3.0572164
3.4881768
5.0242295
1.2307284
1.6794657
2.5419514
1.0863101
2.1540782
2.825094
2.345787
2.049567
3.3358357
3.2894998
4.3535795
6.5106215
4.9821277
9.013544
1.7278906
6.544372
6.2529674
4.9500184
5.523665
4.3687725
4.030534
1.5165588
4.094846
3.2210524
7.359373
2.0596566
6.514403
4.6164703
3.746566
10.832821
7.4632087
6.2121987
1.4611572
3.0755835
7.419658
2.0429416
4.6214085
3.171436
3.3654218
3.1728687
3.32455
1.9169332
0.38514444
7.37868
5.7316017
5.538417
5.208868
0.5923699
5.541592
3.0494554
4.572706
3.8953688
2.9166217
1.084504
3.5732608
4.1319685
3.483346
5.4203773
5.4939637
2.0707934
0.91186965
2.667503
2.518586
0.59826195
5.064304
3.231292
2.8014426
1.4096007
10.637132
3.187115
2.328961
3.0647252
4.132002
2.81823
4.338232
0.7810068
2.4453156
3.8652508
6.449484
3.0345163
0.8702055
3.8418298
0.95883924
2.4499886
3.1389692
1.3586175
3.780753
4.195642
8.527185
1.1265625
3.7949896
1.0262688
0.84408236
2.224785
2.7049813
2.117339
5.590822
4.224289
1.8931614
5.0971365
4.2291718
3.5481942
3.7535615
0.8007954
1.996026
2.5730293
3.299639
1.046312
2.1968353
6.028596
5.4281263
4.128717
3.5897527
6.373752
6.76635
1.3302889
8.435797
6.7613425
2.5360935
3.3518255
2.1316428
1.5790995
4.977527
2.0395296
3.5789318
3.4111924
2.745467
1.6655844
1.2877237
6.905097
0.5328084
5.5729485
3.440258
5.114981
4.8455215
0.92846394
2.1345577
3.2463126
2.5269282
5.773483
1.5967678
2.9418666
2.2675693
2.2975147
4.123209
6.2731028
0.43542647
2.0101817
2.6088226
5.971387
5.057073
1.7111708
3.1115587
1.0674529
4.317984
3.6962614
7.4886165
3.0471535
11.722389
2.0743854
0.26697084
3.1879706
7.5972943
4.897351
2.2954109
6.1330686
1.7706658
1.3340654
2.577675
1.3645027
7.5716076
2.549039
5.9289355
1.5845963
2.2805538
3.0479734
0.9953146
10.767249
4.0332465
3.6730504
35.167736
2.350499
0.7962402
1.8611746
58.92209
1.4886924
2.1892297
3.1988242
2.8027809
6.1324954
2.7820773
6.1482825
0.9904224
7.1244764
4.407929
6.5535407
2.6675484
2.7127402
4.3608437
4.364754
3.189536
1.1201079
2.222844
1.8275034
4.5466247
1.249971
2.8872752
4.663899
2.134928
3.6870704
3.8491168
0.56734335
4.376162
2.1614416
3.7280254
3.409663
1.8049035
2.2727673
4.3872614
1.5682158
2.134749
1.1841668
2.9533308
3.485802
7.681963
3.3747485
1.4681114
4.3800745
1.9825941
3.9248478
0.58894885
6.3202863
5.0901875
2.057293
3.4829276
13.659538
7.118977
6.477382
6.8974843
1.1344049
4.0776443
4.6214695
2.7058434
5.0312366
2.9027584
1.1973828
7.4155955
5.551198
5.6259584
5.448931
1.9746754
3.7237604
2.081466
2.4900496
2.9330213
4.175448
9.984751
0.85707784
20.006447
3.0790796
6.0315256
2.138345
9.217083
3.08872
1.6798277
3.4182792
4.7774568
6.768941
4.1239157
3.1118126
2.9263082
5.018633
3.6789863
5.170669
3.016944
3.3123267
1.9148091
2.8897386
2.342318
4.8974414
3.7357874
2.252562
3.4675212
4.8788066
4.627747
2.3847556
2.5691402
2.4989269
1.7986574
1.981036
1.4734333
4.2925234
2.08752
0.504896
6.5682826
4.581069
3.4333282
3.3136358
3.9460645
2.249456
4.8060336
3.646222
1.690159
2.8209493
2.1341236
6.7386565
4.787098
5.1058903
5.878407
7.4454794
5.3959346
2.0170789
3.1142926
0.265285
2.3378096
2.4767835
3.9999535
2.3367758
3.0092018
2.0178216
5.9292192
1.6614275
3.357547
5.9068995
0.7820797
3.1820815
2.1778536
1.378537
5.061872
5.1614175
3.8866131
2.156436
3.0963376
4.172065
5.9398766
3.4726186
3.7118485
1.7984265
4.435528
8.848023
3.3973637
5.7519603
0.7520129
4.4816313
5.160408
1.8210995
2.594322
2.9691935
3.135668
6.992204
2.0188189
4.243162
4.088637
0.85791457
4.2181516
2.534065
8.052196
5.4967775
1.5473148
1.7673749
0.04520389
2.9968605
2.4516788
1.5048838
5.9150805
1.9491013
5.7280154
1.288728
5.1112423
6.4447994
4.458387
2.5030005
2.1529021
3.8955553
0.63709855
3.130308
2.7153947
2.4874735
1.8132299
4.0286555
2.0937884
5.35067
3.8471398
0.16427808
6.4207406
2.8249125
3.0211728
1.7292131
2.309501
2.9062667
4.2631965
7.729093
2.101648
2.730567
3.7058616
2.171805
0.64510924
4.0534635
1.8573344
0.54242396
6.4485083
4.159161
1.7060369
7.146061
4.488039
3.468887
6.0382023
1.8758963
0.39542764
5.26656
2.2471766
3.9372692
11.738696
4.3632026
1.4317558
3.165636
2.7896783
2.9093559
2.9466958
2.5837512
3.0831342
0.42154583
5.076391
1.5608405
6.679811
3.5382116
4.718433
3.2717013
4.7203794
4.3128185
3.6175895
1.3383954
2.3103833
1.3117015
1.7048687
5.435063
2.631487
0.15756296
1.586008
1.0557777
2.3363056
3.0437171
3.618051
1.0394031
4.151655
0.46528706
4.585902
0.83819485
2.356108
0.71857536
1.4453841
3.497857
0.34577316
3.3261964
2.5624433
0.3807667
3.7580676
2.6652415
4.4447985
5.514493
5.3110948
2.2220235
3.3645875
5.3077908
7.747004
7.199873
2.640891
6.066112
6.160249
0.5975743
5.101464
9.562702
3.9586415
4.636303
1.7066969
1.3923911
3.0879037
4.3307195
2.5769825
2.7368984
3.5722227
3.016403
5.6741304
3.5699973
3.2124908
5.251849
3.9152339
5.393366
5.4187284
1.8847557
24.989769
2.6675427
2.2523417
3.8210547
3.0642984
0.7627142
3.4668303
4.5373425
1.1015016
5.6271214
1.6814418
5.15198
4.192315
3.1353061
0.96697956
0.6561838
6.798692
5.9812803
4.413267
0.78988415
1.543088
1.2005224
5.354772
5.044563
2.4754138
2.9520571
2.2639487
3.1119838
1.8195646
6.3604937
1.9797659
1.2376221
6.0837903
1.8286668
6.2781487
3.880863
0.75212
2.485358
3.6856155
2.6279104
2.3528957
13.061413
3.6824841
4.0086317
1.0558268
5.6858644
0.16230367
1.1555783
3.9360535
4.9424458
8.512783
1.2356111
3.764388
2.2636433
9.00304
2.6254103
5.6771917
2.049335
5.0713716
0.8362498
1.976851
2.8497808
3.3099177
7.53186
2.0528355
0.6562652
1.9008867
3.0676868
4.620937
4.9256015
1.7888868
4.2255764
3.1094563
4.1726155
10.830995
3.682311
5.1071706
2.8795922
7.4710836
1.2155948
3.9879048
2.9276462
1.4555179
5.5879774
4.606403
2.3657217
8.116671
4.1057
4.6529546
4.515667
4.043939
4.8744636
0.3472944
2.7754142
1.4099171
2.4125156
7.53151
3.9500334
1.2461652
4.7696133
4.1386046
1.1719413
2.754213
0.67492205
1.182381
1.2949307
6.1016088
2.6169796
5.537574
4.5737066
3.5565255
11.941551
1.8943706
3.5636823
2.219884
5.642888
2.3170586
3.1784947
2.0177767
2.1811576
0.41202715
0.1633123
1.2344981
0.68774897
1.3028808
12.494564
4.0218515
2.1754916
3.376578
0.05750471
18.412483
2.1602197
2.559332
3.6422234
4.063448
3.3463569
2.164993
1.949761
1.3247153
7.82479
5.413899
6.11268
8.818222
1.0244844
5.9249663
2.0834215
2.3782425
2.2363272
2.818617
7.0181146
6.3265257
4.359059
13.118221
2.6362386
3.5030866
4.372356
5.388051
0.44468698
0.9109526
2.9189363
1.6663891
3.6509347
4.110716
1.4973613
1.8594487
1.4755605
1.8556491
5.4375744
1.8764908
1.9611804
1.3497816
7.145368
0.19661298
3.2089052
5.1197376
0.80175775
6.854427
2.0541112
4.1112785
3.5180748
3.6547437
4.0996304
3.0365517
7.592881
1.357267
5.6037807
1.3715571
8.214323
3.65113
5.0323896
0.9059441
3.6922274
7.8718276
2.3158493
7.0448256
0.96301687
4.9667683
1.4770917
5.4174275
3.9437015
7.998044
9.238199
2.0992208
2.2938561
5.311348
2.1571276
3.82239
6.192178
7.7490754
1.8205345
4.014353
3.4079313
4.2647524
3.5160418
4.130992
2.7080796
2.432966
3.243447
6.0414696
2.051743
4.246276
2.8493414
2.9683337
6.579996
5.0197334
3.9150991
2.1466756
1.7870384
1.7326101
3.451512
4.935937
0.8950062
7.0182133
2.3398278
14.266317
4.3243537
3.2789488
0.50059956
5.7178807
2.9085345
5.399565
8.949682
1.6802676
4.6755557
1.7465327
2.0326655
11.46925
5.025852
3.8437548
4.6029706
32.52141
7.1162953
5.27185
5.349725
2.8581614
5.288642
2.3233852
0.68943745
2.5411112
3.3445659
0.5398733
6.172963
3.9368892
4.233702
5.7945313
3.2810872
4.067654
0.19868843
2.8757746
5.270064
6.1490045
3.3477085
5.0551505
2.7400823
2.7806635
1.5777475
3.4672115
4.7402873
2.0403934
6.2067604
30.199963
3.5238042
3.0296767
1.2082925
5.5413895
4.108441
1.9244629
1.9790008
5.9750705
2.2233944
3.3727999
4.1229687
3.3276339
1.9246042
3.549629
1.189931
1.3722605
5.4291835
0.8369434
8.135078
2.2893567
2.3170567
3.7591906
4.211366
1.4504774
3.529857
5.953524
4.53931
1.1665232
1.9925654
5.513184
4.944665
5.093536
3.9656441
1.17339
2.477438
2.7552812
2.7406955
3.0214272
3.2403047
6.751563
2.0266013
1.2259476
1.3351811
5.498612
5.4751625
4.607852
4.8225746
0.8603718
2.4080496
4.9924107
4.672466
3.5036309
5.7411094
2.15318
2.8314188
2.996749
3.7325938
3.244069
3.0833902
6.514525
1.7279909
3.109848
4.5114655
3.0874748
4.6220202
3.4321134
2.4689455
7.355373
3.6304905
1.3130469
4.340157
8.349259
1.7795212
1.9698455
4.196493
2.7432294
1.6500772
1.9851339
3.0659454
1.9950595
3.27565
3.1791034
4.5028644
2.1755304
2.7036383
1.9601249
2.476278
0.27535918
3.6628616
6.3103957
4.2344766
1.6099812
1.6145414
3.9964185
2.522408
2.135735
2.8726482
4.155618
3.2397215
3.482414
3.4772255
3.6484957
2.3833306
1.678249
7.2120833
2.5824385
2.0770988
2.165563
2.4512365
4.5418196
9.3748
0.6174838
2.0634558
4.867845
6.033792
3.4087198
4.7220078
2.5559165
1.2138804
3.5414548
8.993493
5.809922
2.0441592
1.3011074
1.7994409
1.1803133
3.335406
3.1945462
1.2673227
5.7365355
3.2366986
3.5324492
1.3873318
3.6411726
3.3702478
1.663391
3.389577
3.6110964
1.110584
3.6544452
3.1849883
5.404059
3.5631301
7.702973
0.23889929
1.3693283
0.46213195
3.3068583
2.006378
5.0014153
4.7520456
1.773933
5.3566985
3.5990548
5.4177117
0.42258292
1.0799882
2.7021632
1.589471
3.488795
8.764895
2.1024435
5.9553666
2.4216475
4.3546414
0.9263305
4.3424296
5.441543
1.0075889
6.4673934
1.9574665
1.5067587
1.8484944
3.3309205
4.377867
2.5645816
3.2924206
6.3251805
1.795852
0.4953652
4.0844355
5.1119623
3.4880035
1.3448647
4.6665015
6.955813
1.2526326
7.1199527
2.0558014
5.1797256
3.718456
2.017777
2.9859123
6.2334185
2.4905298
5.466088
3.3627367
2.431851
0.80017096
3.8603122
0.5435519
3.698607
2.8548684
5.5801024
4.98468
0.70637673
6.514314
3.079208
1.0887053
1.5657182
1.4123238
3.075864
4.60053
3.9992685
4.937335
2.7961912
3.8950555
3.9961817
5.364056
3.4231067
3.3694692
1.5048176
4.3783436
3.8567014
3.9012902
0.90568477
1.3110199
6.001258
9.91993
3.36071
2.4418619
3.9881017
9.069607
3.4262872
4.14267
7.6302233
1.7855484
1.5463167
0.6571006
1.7916193
7.2276835
1.8744259
1.7932969
1.8134675
3.0859272
2.9550633
5.1731253
2.151675
3.6168075
3.2775354
9.249512
2.3975377
2.961174
0.8589845
2.7085836
3.449836
3.8949883
1.5084742
0.95250976
2.3006854
0.28835583
11.678277
2.151842
9.929462
3.497728
4.412922
0.73848075
3.0480652
2.8619828
1.7809469
2.3279846
2.2156718
5.170209
1.2931732
4.4666314
1.5495043
3.6796377
3.1700037
6.0709457
4.8743587
2.5515246
3.6978664
7.784867
10.460412
11.331752
0.9749969
5.322232
2.688962
2.9517133
1.7994137
3.4008627
5.3304534
5.504609
3.552315
4.5935574
3.918217
6.0097528
7.3861327
2.8493645
6.7347846
1.7525222
6.2089305
2.9424152
0.24335425
2.9864972
5.4521155
4.8052487
8.313292
2.2625296
4.1928434
3.613515
29.202246
0.84722966
7.259593
6.6653047
1.8280699
1.1268045
3.2261446
2.1067538
3.4749823
3.4395578
2.4397585
3.5743873
1.6138748
5.4859533
5.302778
0.6024853
10.985113
6.7727447
4.551521
6.2502875
6.955075
4.7001033
4.5089326
2.2378128
1.2327368
0.4918542
1.5536289
4.056272
1.3928052
7.6342397
3.9456296
8.472345
2.5936105
3.599892
8.24589
2.4990904
3.4646668
4.1725273
4.90479
3.0410209
1.175579
3.9658115
1.9819069
3.4887326
1.5256104
3.394716
1.6457714
1.8221599
3.8522894
0.7121503
0.1431213
5.8425264
1.5601273
7.418505
4.5143785
4.968378
2.2425983
2.3522968
0.4290058
0.99224365
4.1974354
1.173204
2.2177577
5.558837
7.782833
3.0446677
2.9086308
3.3509822
5.6141024
5.423471
3.1215768
4.7160435
4.6087704
1.2190614
3.6210084
3.7306368
8.830079
6.1884856
2.1253018
1.7184219
2.647488
5.7473645
2.7445965
1.7342701
0.35122588
3.7023911
5.1077847
4.7119627
2.5536997
2.775647
6.4676394
3.0030117
8.014015
2.8993442
0.94296694
1.3334596
0.7291774
1.3720096
0.6963313
4.860003
8.648817
2.0814278
4.14878
2.068888
3.6447537
4.0619693
3.2287006
0.5569666
3.9871764
5.0150356
3.4333484
7.7926536
6.6408224
1.5448582
2.3563256
3.145343
6.54387
4.409538
22.270477
3.9382877
2.9525447
4.522608
1.1807897
4.0337763
4.410384
6.694937
4.6508827
0.71119046
2.171538
0.38537923
2.1002145
0.4102289
1.8632326
0.83392113
0.9237118
0.6247276
1.4054815
0.69116104
1.5387007
1.654458
6.2689223
2.3609242
5.990102
1.5382307
6.2402067
1.9379766
3.1858416
2.5861242
5.1449194
4.572549
5.607802
3.6483326
3.438363
12.002361
2.0781226
2.2797372
4.684331
2.3532128
2.6648436
3.3431249
3.3078022
3.015551
6.7811046
2.404924
1.522857
3.6374834
2.7665956
1.8644768
1.5145588
7.927564
5.990719
2.1889
2.7170763
3.9657762
3.9348128
2.3471792
3.536476
3.573153
4.1824694
1.3628048
2.2065125
5.502971
4.397789
3.2019925
1.5499325
2.166407
3.4590118
9.950864
8.91026
3.099456
4.015865
3.3977563
4.3707504
5.4915533
1.4818889
0.8672136
4.9934793
1.5790627
3.461247
5.7535453
2.1045008
1.5977367
5.240097
3.3820643
3.554826
5.3392487
8.093759
5.7990026
2.1812317
1.8230014
2.760391
3.0093644
0.6585004
8.756691
3.2293615
1.7766495
3.7946033
4.2924004
0.5066819
2.7373648
6.984504
2.32416
2.7473066
3.7533634
6.3497334
2.4208972
3.4905689
5.075339
2.1644228
4.792885
5.1534204
1.8743649
0.45140317
5.4777484
5.1779604
2.5610654
1.8538836
4.734846
6.0664124
2.0406663
2.906039
1.252102
3.216748
0.27707288
2.3340638
2.9176245
3.395045
3.139213
71.25409
4.265816
2.318774
7.6937804
5.6907415
1.9682795
3.464864
4.0555468
1.0275178
3.0962815
1.2887307
5.182648
4.8439646
6.0963626
0.11786089
2.4296849
1.507228
0.83230263
4.1159334
2.2113955
2.9840918
3.0050855
3.1595652
1.8026594
2.0942311
2.325429
19.207272
4.8921256
3.2000685
2.9865937
4.880368
1.6725637
4.915906
3.814946
5.792592
2.8643553
4.189938
0.6667818
1.2905211
5.2382445
1.0782431
0.8599193
1.9900519
2.8755608
1.1636949
9.180754
4.5603466
0.6440251
4.0677476
3.3666122
4.439628
1.9866632
2.8474152
1.3734932
2.324139
0.18914832
2.6732116
2.477402
4.5259542
4.8080945
2.6786199
3.948073
2.1393995
2.6682272
7.353907
0.7934632
1.8483975
1.1297305
3.453524
2.4173725
2.4575183
1.9820024
5.408008
5.2666984
2.952948
5.8913345
3.004006
3.0597105
10.406276
1.1373569
0.5515309
1.4552978
6.7002935
3.3003542
5.268691
4.113304
0.4410294
2.173547
1.6137025
3.295973
3.4941895
2.8559728
4.9479666
2.0784433
2.7552724
6.0352464
10.123709
1.1172291
3.4585702
3.9068704
0.2668607
4.6700044
3.563857
4.1464763
2.2575023
4.4014397
1.9834093
2.57096
2.6137946
5.4595437
5.1422734
11.475653
2.5466797
4.8026757
1.112357
6.8345485
2.465488
1.3816774
2.794099
3.0754805
1.1508709
2.6416295
5.0772505
5.550773
2.734028
1.6073247
2.075928
2.505806
2.4624417
5.101212
2.113059
5.6685247
2.8676155
5.8123164
3.7258732
1.8205801
1.7244117
2.6860785
0.56882644
3.8814945
5.880474
3.0247476
3.5269048
4.081424
1.5150913
8.151886
3.3872168
3.0249774
3.7657297
4.2772517
7.24039
4.219271
3.3800502
16.014305
8.221775
2.7154248
2.864486
4.3875933
2.2370753
3.5572114
5.650298
6.0020747
2.8826454
4.3270383
2.603596
6.9171343
1.5648555
2.851327
2.7088401
1.4010553
3.2110214
0.81000364
5.5418735
1.7213935
4.96824
2.5580206
4.836475
1.396693
2.2459369
2.4957411
5.491077
2.7564676
3.7034242
3.125117
4.882069
4.642644
2.0737083
1.5507618
2.4068217
1.9935416
3.0694003
1.5187562
1.1777362
3.4963253
4.957791
5.36923
0.82296246
2.721651
3.8418443
1.1649626
5.0951676
2.3645632
1.7742788
4.420833
1.1434247
0.6694543
3.311397
3.953983
1.6514429
3.530697
3.6144044
3.6244025
3.937846
7.4998345
3.8619902
3.0720403
3.8570848
2.4324965
1.5523077
1.9868859
1.4156483
1.5053542
0.6130353
7.1781287
3.2038305
1.3273135
2.074066
8.868518
6.3259425
1.9296664
1.3205985
1.1735369
4.6759143
2.0155172
2.3523047
3.463889
5.178696
5.8266516
0.950284
1.406112
8.436651
4.8773513
2.642808
2.1592283
3.2021174
0.56421566
5.207592
3.789478
7.0486364
1.6899259
1.3394912
0.9990355
0.90914494
2.4119315
0.9113755
3.945328
2.760726
6.342171
2.9630992
0.61020344
1.759157
7.550129
0.40670672
2.8018477
7.8872213
7.4638143
2.1872785
0.98622453
7.799008
1.0010511
1.2918398
3.140357
2.6481698
0.8490077
1.9388921
10.299971
3.3589036
0.23468255
4.9592757
0.8994161
4.5093374
2.089873
2.987153
1.6899865
7.928345
10.010568
3.804614
5.0378404
2.7558455
1.7172755
4.687454
4.444233
1.471833
2.2625759
6.5717626
6.9298396
2.4807823
5.5318894
5.8243136
3.2230177
1.2962921
1.802078
4.562727
1.6064818
3.5814862
4.728731
5.7606483
2.5880198
3.9267795
14.151201
2.1686635
3.4499364
5.3824096
1.2804748
1.6235557
1.0888671
1.7568803
5.3535957
4.382966
9.064035
7.684032
4.225645
6.6655335
1.1093987
2.8113537
4.3076196
4.029396
0.47009745
3.1157424
4.0785303
4.0889316
1.8362672
2.228595
2.0248725
2.3759058
15.468798
1.5071383
2.0321603
3.2295845
4.2659655
0.63401
1.3049405
2.6894906
1.1639836
7.036989
1.5123061
7.822709
5.3116803
5.353949
5.4636955
1.4339292
1.5461171
1.3658239
4.9221277
3.0377753
1.1246927
2.235389
3.2339857
2.847007
7.4992323
55.50046
0.6937153
10.335315
1.1147348
2.0598524
4.2818446
1.8240459
2.8968344
0.87214756
3.576828
1.4584914
2.6010935
6.5100617
1.4022429
7.3889523
4.972419
2.9305534
2.788627
0.38639966
2.3307528
0.5132043
9.203555
4.113834
1.6133893
2.0017765
2.4575381
5.9746165
5.673464
3.2290478
1.8272859
1.5975175
2.3549044
1.5320778
2.0953298
4.1683693
10.858039
6.3980517
1.2720072
0.5920033
1.1712266
2.3386278
1.0794332
7.762054
1.9129759
6.1060863
1.0148209
2.0009105
2.100172
4.6071877
4.964089
3.9554992
4.0278344
1.1589518
0.6703409
4.7024574
6.2733793
1.5604317
1.5449468
3.308279
2.042655
0.4021478
8.61095
2.6958373
3.8234866
3.7816565
1.525695
2.786409
4.6163397
1.8078387
4.5134487
3.6073718
3.8234859
2.1479394
5.718931
2.2572434
4.3539367
56.692623
11.421915
3.2454538
3.139059
5.198152
3.70413
3.9494052
2.3146365
1.5742284
3.715315
2.5591958
3.7429602
3.8256888
3.103359
14.410046
7.136015
7.822802
0.9040261
4.1422253
0.6296379
3.776686
1.944383
3.7015634
2.2068944
1.3833603
0.71920776
2.086422
5.230134
2.5027742
1.996112
4.5899053
3.6103666
2.0303845
6.2252264
0.9152627
1.9058894
3.354266
0.89357907
6.5336304
3.43306
3.3016353
3.4009042
1.8700272
6.1102877
2.9102654
4.952279
3.3526578
11.506336
4.7502003
2.2449737
4.9189043
5.1937056
5.316371
3.0530694
5.8755245
2.598059
5.2605324
5.974912
1.3323613
3.685712
1.4123462
6.049652
4.7698994
2.538596
0.7580795
7.084515
2.1617956
3.3500242
1.5181326
2.7512877
3.7441926
1.6046184
2.6371481
1.2587044
5.205828
4.399557
2.482853
3.6264372
5.9763093
2.6950874
5.5612545
1.0023264
3.9623282
3.0606203
2.0482483
2.9600387
6.8656507
2.3756285
5.1045566
2.1325436
3.5529816
0.24501956
3.1905236
3.0628371
9.102513
5.4572124
1.4438481
1.5741872
2.8203359
1.7943743
0.5606855
5.3965306
1.7531086
1.956674
0.38438687
1.6870878
3.8288207
4.6139846
2.5376036
0.65233654
5.1318564
5.1548963
12.069282
2.7771926
0.8469913
3.8719912
0.91260284
5.825364
1.8596781
1.3658924
3.0878048
4.523878
2.1816313
11.082578
4.5602245
1.443104
7.4134874
2.9668088
1.7044673
2.402024
5.150278
2.339039
2.6867814
1.9545817
4.0685863
3.35936
1.9175855
3.461001
2.4885201
2.1372545
2.4902103
1.8330189
5.745525
2.3194432
1.4716674
9.160199
0.5548843
8.910492
1.6568571
5.029933
4.196975
0.93783325
3.4216423
1.929099
4.080219
2.8283358
2.0194602
3.119105
3.1929204
0.70168537
1.824658
3.0104609
1.6839885
4.784985
4.222878
5.7925973
3.2335463
1.2037284
3.6331613
6.5807953
2.2509842
4.088088
4.712095
5.867385
4.356984
1.4430958
2.1445086
1.3114896
3.279417
6.803983
5.985221
1.527644
3.0331674
1.2830503
2.6820748
4.1930223
3.2088234
8.130251
2.6672084
2.5927963
5.8541765
0.8260656
6.0534716
4.5110826
2.3793635
0.991829
6.1748943
4.913493
4.757961
2.9014683
1.1535467
2.3002305
7.5178237
1.1642414
5.7511497
6.025162
2.0522122
5.5694766
4.2268653
0.74532723
0.5299507
4.028551
2.432276
1.5409989
68.114296
4.343555
0.36968195
4.7926555
1.2394183
4.4735556
2.2118697
5.186816
4.7695436
1.6601135
4.2524867
2.6622133
2.2398512
3.982335
1.1492366
10.435445
3.3338542
3.5859618
1.9417568
1.5255735
5.278543
1.4613836
2.107504
2.7142851
2.5816252
0.842437
4.672986
1.699837
4.900942
6.4105854
1.3194312
5.170612
2.900996
5.4439635
5.7669573
5.2977505
3.1868713
4.56241
4.014347
3.7599347
1.9845765
7.698273
1.9484631
5.459698
1.7222545
3.4779193
6.8647103
3.295076
1.390185
3.8358006
4.5634975
3.678651
5.1690545
2.269435
2.043574
0.9945661
2.7363646
5.876353
1.3501655
4.2834506
3.6972764
1.0160042
2.801829
2.3189404
22.104113
2.2604437
2.9433758
3.0434713
2.9951885
3.6699429
1.2957095
2.494247
29.395859
5.7572184
4.6880116
4.181787
4.8896914
8.3843155
2.9479501
3.2534368
5.2773967
1.2315661
8.3881445
3.094929
2.9830291
2.6218882
4.471099
7.0646157
2.7685208
1.1540635
5.644515
4.644536
0.3312053
0.67242086
2.8764606
0.9540353
3.2312922
1.8136821
1.6735321
0.19358253
5.158206
7.5931015
3.5609827
2.116181
6.812869
6.1889176
6.426402
7.724212
2.0039303
2.5646293
3.6097307
4.1144657
2.0159872
5.5105834
0.22577828
2.8619597
2.581067
0.31654647
5.661971
0.117917575
2.4613972
0.99621695
8.203642
6.2772083
0.8966507
2.7992148
5.4550953
5.6272798
4.482461
2.3115044
4.400381
6.0308695
9.514862
3.0943344
6.7534804
5.5702343
3.3167787
7.5092196
0.5314912
6.934083
1.9472742
4.31118
5.5754895
6.7577114
7.818447
3.6205258
6.651412
2.4135365
25.394793
2.5799117
3.6130784
2.2845669
2.279144
3.373315
2.6964796
2.7897127
9.6753845
3.9161775
2.813245
5.8769956
1.6458694
3.7291389
1.6646013
3.3449748
2.0530634
4.0380945
4.1076813
2.1699352
0.26627582
2.3076556
3.042916
3.9829445
3.541817
2.2821712
2.3760273
2.8015404
2.5266898
4.5716805
6.504727
5.0929565
1.5288948
3.9359338
2.9916449
2.9826684
3.265715
3.2118382
2.2282898
1.8767053
3.1320772
4.9899683
1.2905887
2.6752594
4.435157
4.6202145
1.1511865
1.1339011
3.8055604
2.1998558
4.9482026
2.3125792
3.3854215
7.1304073
5.315385
0.94806826
7.7606874
5.438366
4.5497174
2.1505234
2.6499178
2.5999954
3.0884821
1.8739172
2.829367
9.793089
2.5535617
1.252935
2.5821824
3.5827255
1.9475962
2.948703
3.8682277
4.661896
1.7105129
3.03602
3.382961
2.5687535
4.497696
3.848069
9.880208
4.292469
4.2216725
3.1343312
8.924505
1.6399589
8.128289
3.7975507
20.316969
4.9303555
5.286206
2.0663695
2.8530529
3.7179165
2.7676065
0.11401408
4.525627
0.9643332
3.2525628
2.374578
6.639475
2.2892387
3.916649
8.821649
7.095323
1.2198946
5.0354333
7.13665
3.3924189
1.4348885
2.94892
3.4098747
3.826598
3.0290413
0.96463066
5.9985685
0.23053482
6.682501
5.7885346
4.879498
5.38314
3.9801612
5.0816145
1.6607386
6.092775
1.551496
2.4561179
1.523791
2.1915479
1.7891455
2.8294053
2.172352
1.4611964
9.976451
2.3111935
1.115024
1.6950201
2.5092986
3.3712106
7.9328027
1.301463
2.2376792
6.5564075
4.6041703
6.13467
3.1985557
7.0145154
3.4050949
3.955104
2.679174
6.7416854
2.803711
0.90465677
2.5415092
1.7152845
6.5680113
1.8170537
3.4328313
2.473396
4.212302
0.28475213
2.6782973
2.0019195
0.99662644
1.1882291
1.3459818
9.360294
3.2633545
1.2112266
3.7286873
0.32203907
0.40391442
1.5854254
6.0176563
1.2050587
1.9941144
5.2575364
2.686271
2.2807937
1.2860934
2.9108906
4.804608
4.8970246
0.8964
2.5428042
2.292719
4.815642
12.66782
3.342248
2.4849792
6.651245
2.5862298
3.8235435
2.0212555
3.8827314
2.2253914
4.1524296
2.9662075
2.4406934
1.335662
3.505197
4.6969314
4.712422
2.496329
2.2474349
2.7015598
7.851633
3.6058118
2.0732942
1.8583155
8.72128
3.084685
0.44980538
0.88600224
7.5717154
4.783167
5.071814
4.210826
3.887596
2.9099345
2.9534397
10.133632
3.6877182
2.9877498
3.6662974
4.8725967
1.8082937
2.5180027
3.0249877
3.1883986
1.0659196
3.9097905
4.44964
1.9278603
1.4110863
1.0444533
1.5580274
4.2800136
5.5251284
4.4674654
4.352873
4.392379
1.127993
1.7941628
3.7790315
4.124647
5.456572
1.8591918
3.479727
3.3581305
2.7282336
18.610083
4.974883
7.6606717
2.314178
2.3369946
4.5313683
13.163067
6.0079017
2.413265
2.2936428
3.5041575
2.8074553
4.0346513
2.8334122
1.1016839
4.3396196
9.626361
3.1847436
6.897386
3.238087
5.1530766
2.3226283
2.216945
8.924924
49.357708
0.5861855
3.5483243
6.548672
4.490267
2.1743155
1.8269329
1.2599546
4.6741953
3.601171
5.0892467
1.5964106
5.6995826
1.1995393
4.106415
4.480491
5.442488
0.8827711
1.7344462
1.3396082
2.547276
4.521271
0.9180241
5.5759096
4.441968
3.1922872
5.097185
1.8413346
3.7706685
3.1955516
3.2881138
7.423037
2.3901322
3.4146166
3.7598133
3.5026376
5.619748
3.5198622
1.1400406
0.83806425
2.6160328
2.0596273
5.3302
1.3726343
4.011503
6.5998926
6.3950953
2.6934803
6.0281897
3.7249393
11.32061
3.4163945
0.85484844
2.4711637
5.0271373
1.4836073
2.5512817
3.6155136
3.1697927
0.19923353
4.895565
4.3916416
2.687191
1.7761558
3.6871102
5.38053
2.7654405
2.0677783
1.9349879
1.7190645
0.8573363
1.7169088
3.205811
2.724468
1.8490367
1.6654954
6.3523254
4.448677
1.3710895
4.049137
7.5963798
2.9446356
3.1412904
2.5051308
2.43186
5.798464
1.8524834
4.409344
2.5725908
4.329192
5.458853
7.480742
