1.369639
5.2884474
2.8079906
7.795561
1.8688265
4.526044
1.5993114
1.3552912
0.5001624
5.5525236
1.1010636
2.6637118
4.620444
9.02763
0.7841022
4.219125
6.395421
8.030784
8.58911
1.0707101
6.7649755
4.767581
3.2949748
4.63495
2.3837874
3.3745718
3.5961683
8.236786
0.39601877
10.085134
3.5997484
6.585179
3.7828925
3.95249
2.3416154
4.286726
4.5266576
4.2241797
4.1789083
2.1757407
4.618235
6.217494
3.1794536
2.6256104
2.9694765
3.270706
6.2357726
9.787871
3.0930862
1.640846
1.3807813
3.1703596
9.895632
4.58057
3.7229166
5.1644526
4.083829
6.1528296
1.2913958
0.7026579
2.020586
3.5800474
2.0203178
3.5977054
2.3136294
6.334897
3.7182918
3.1172664
3.6034129
0.55648845
8.3473215
3.846209
2.9011548
1.9016181
3.9290283
6.469434
3.824048
5.8708496
2.6645865
0.24587463
2.7664926
5.743349
1.0698622
2.683531
0.6427089
1.5325263
4.751352
6.1879888
0.84092355
9.555802
3.472234
1.9537365
1.5901722
7.292053
3.2818391
2.6991894
2.5130768
4.6071754
0.9774757
2.0909383
3.775573
2.3116424
2.9347045
0.35949662
2.53742
2.373376
1.1399999
3.3931212
11.92401
4.098743
3.9913843
2.27595
2.628061
4.511822
1.0198833
2.7544746
4.0743575
1.6007906
1.7898637
3.0124724
6.013062
4.760728
3.6412575
2.3351443
3.220315
3.0170548
4.576587
1.8894655
1.2538867
3.2991056
6.609197
3.2180007
0.46450195
1.549667
4.486591
5.6042066
5.202067
1.4625002
2.555209
5.5174503
1.9004873
6.0939436
2.9906504
3.8894992
9.587065
2.7088459
2.7224295
3.5614948
4.0588617
1.7518281
3.5321321
5.676841
2.6480815
4.4686685
6.7408257
4.1643424
12.224254
0.7982328
0.8528619
2.117396
2.3568203
7.1173425
3.5261686
3.3896253
2.8143747
0.9124425
2.2411573
1.8330925
2.362218
1.0750386
3.2843306
2.8352833
7.47883
3.593371
4.0132565
5.100505
11.021637
2.9419298
1.7036105
3.0657542
2.164361
2.533749
5.2373843
5.24351
1.3214563
1.9227791
2.300113
6.6485343
7.153349
4.167429
5.1328173
2.4696066
2.2404644
8.563289
1.5291648
2.9523644
9.63259
5.5762143
5.551408
4.1698155
5.8147125
2.9015238
3.8892138
3.0857253
6.9108872
1.4517289
4.294921
2.5390306
3.0986226
4.470784
3.5618742
5.155792
1.9068999
4.5230713
2.3914876
4.6669693
1.9427013
2.7541494
1.5715827
0.88744473
0.1448243
3.6737313
5.249056
2.3802507
1.8110937
6.5944095
0.279067
1.2881923
2.4642668
2.6947255
1.752794
6.5649953
3.7808506
6.498722
4.0983906
4.987325
4.4607897
7.57891
2.2686918
10.020469
3.2347891
24.500214
3.8481877
11.924302
3.3703496
3.7212646
5.8437414
5.098268
2.6406217
0.49414822
1.1195045
2.6250606
2.726572
2.7100716
3.951051
7.60477
1.2258004
8.303982
5.687018
3.0535808
3.3851242
4.6760635
3.0751224
5.4778695
3.1936226
9.945029
6.137728
4.920215
4.0845423
1.017899
2.5728335
4.5826125
2.859198
3.605176
2.6434588
3.1290264
8.8337145
5.82157
3.521782
1.462535
1.2747976
2.4612892
0.906558
2.3584292
4.103009
4.7831593
1.0475453
1.9604685
0.34479558
4.7037263
2.0418162
0.802139
2.7999341
1.3784088
6.117361
2.1620607
3.2126431
2.6825612
8.5376425
2.9029505
2.128629
1.316123
3.4603267
2.814167
8.693752
2.566562
2.3502438
2.8375869
4.7316732
7.7321186
1.1790105
4.132822
6.162071
3.569276
6.632075
6.7848887
1.4644829
0.9049213
11.392659
3.0544074
4.2223816
3.1493628
3.4362762
3.012386
1.58836
0.7803635
4.9182186
4.850311
2.0027082
3.64689
11.32033
1.9479005
4.2467985
4.2071958
1.2729281
4.901545
2.0299966
1.6403391
3.1130967
5.7407246
4.4186554
10.473182
11.353483
2.202586
3.2067084
1.3952886
1.4217905
3.0049133
2.815413
0.3758482
2.771704
1.0749413
4.599421
0.43798658
2.2582178
2.2162983
9.128676
2.2650661
4.0614347
1.5361807
5.2488527
1.3776745
2.7160587
4.082065
6.372529
1.251761
2.1319103
2.4044988
1.5062718
3.056334
1.5320228
0.94873524
6.448424
0.85957456
7.4292064
4.8696456
3.4333482
6.13891
1.6991755
2.1034405
1.5841715
2.1416905
4.179018
5.3525558
1.4409174
4.0879326
10.866522
6.4264355
7.696105
5.005691
2.93446
2.819018
2.854589
2.9046028
0.29689083
1.9305968
7.482425
2.5444329
3.0813065
1.39697
2.7018356
2.905034
3.4862416
0.5730475
4.591679
2.2432423
4.091546
3.7840948
3.840764
1.1978931
4.7106934
7.1633687
7.7255497
3.3781478
4.384895
2.166268
4.154618
0.9011039
3.1457613
4.541234
3.135912
1.0950456
3.1529686
2.3108892
3.4688563
8.176633
2.0351622
5.0521064
6.7359066
5.5262475
9.553271
5.2494955
3.7625368
10.248129
2.5584207
1.166708
7.7882648
9.267225
1.8775532
3.6338305
10.586506
2.8229961
3.960432
4.7405863
2.1800902
2.2988813
1.3078738
0.071257874
4.103053
10.865518
1.7845397
7.2845616
2.4634852
3.933328
2.089047
3.227161
3.7098815
3.7643034
6.277361
3.0717025
4.3612957
0.9908666
5.422194
6.7965345
2.1922712
8.605312
1.4550761
2.4397697
4.8694477
1.377695
4.610524
1.4648738
5.282303
2.358429
1.252324
0.80339444
3.0031404
7.724944
3.7765903
7.2310305
0.9250483
5.9666142
1.7718917
5.3224597
3.7591841
1.6576066
6.658725
5.404789
9.900051
7.3283615
5.7981834
7.0238624
1.8934699
1.3414718
2.3830905
9.944258
1.8263111
1.615324
3.9905217
1.0369695
5.0128236
1.3258564
0.8300547
7.7748413
1.8708912
4.425988
8.246842
0.90577614
1.3958358
5.6886225
3.3423777
2.3006766
2.5766037
2.886912
1.421422
3.653173
2.6523385
0.45033306
3.090763
5.345957
2.3185475
3.196762
6.1620736
2.3501248
3.2073774
0.2997394
0.6888152
1.9847506
0.5094453
1.3666269
2.5680618
6.8838096
5.0914664
0.3607025
2.5395303
3.6824007
4.0459647
1.1096596
3.8042612
3.075309
0.6880128
2.9764278
3.9293096
3.8342261
4.231678
3.3026698
2.600756
1.703337
1.9286468
5.919742
1.5091006
2.804088
4.6910367
6.2322993
3.2891915
6.54604
1.5444809
1.4834244
0.4015618
4.8964324
2.3746603
1.3943473
4.4635653
2.9072547
1.9607143
2.5359318
6.414004
0.77061814
9.035643
1.6834078
8.612096
3.8925703
1.8947061
6.178627
4.226624
5.2700667
1.1109487
4.064631
2.243537
6.8912077
3.3563783
6.871186
2.148558
4.002918
4.0200834
5.6408153
2.9382818
1.6948678
0.19192263
3.6392999
3.3528361
2.108339
3.6613212
2.6187422
2.9335966
8.094752
2.885009
3.3700492
2.7422245
5.458496
6.732795
3.9739573
5.9348555
1.2116045
1.7424769
4.5263186
5.1798205
0.40085888
1.458581
4.9965234
6.186971
3.6131904
38.46992
8.097479
8.435797
8.665437
4.798821
3.2757497
1.9859351
5.4350805
1.7396942
24.116531
10.914228
1.739478
2.1699646
4.0741343
5.5035696
2.6114378
2.8974953
3.4163442
2.1779337
3.255337
2.710697
3.2972054
7.203286
4.4171724
1.2951753
6.5613303
2.6913624
3.2888894
3.736842
3.431289
4.6060967
5.4321494
0.7074219
5.2828465
2.4138355
1.8185312
2.419841
6.343685
7.7292075
10.109327
0.877144
3.4109147
5.7226043
4.573519
1.6919872
8.707592
2.3918803
2.3724732
3.295154
1.9865483
5.2152457
7.71546
2.879327
4.765264
2.895635
1.6425565
2.3987834
30.864613
15.040416
5.5116725
0.67142797
0.91355693
2.2590158
3.5395544
4.9464498
3.4455357
5.49409
0.74528664
6.3493595
0.9719693
2.9705446
2.5838735
2.9388435
2.7278297
3.5765662
2.181581
1.0514681
5.07437
0.8153381
1.5635909
3.6176353
2.5132153
2.0838113
3.9765358
0.8634913
0.8693493
3.4802258
2.5495245
1.7081231
5.811335
1.9301505
3.963659
0.9821948
2.1016183
5.937022
2.121964
3.8150756
4.1804676
2.5059388
6.158185
4.8587756
3.0429313
1.2548192
3.7280557
0.6558944
1.5757835
10.298002
5.3934054
5.662835
3.5757897
3.6513736
4.703593
6.0747294
0.71944237
3.1001966
4.8490987
3.6441884
0.51150584
2.327051
3.514629
13.44408
0.97863406
1.5678984
3.1847434
1.6800044
2.513266
3.12791
4.6178246
1.6686634
9.514179
6.0547233
7.226367
5.6535807
3.1352677
5.961302
2.6719172
6.188568
5.6832843
3.1205978
0.98941296
3.4081993
7.0199976
4.4151382
4.590256
8.410286
2.1273077
6.019238
6.9001894
1.7400433
3.084714
4.4094877
4.3181314
5.0394616
3.6751032
5.040579
2.1264172
8.381849
2.994827
1.6511252
0.99579275
2.9353688
2.0814073
1.9951919
3.5376244
8.357616
9.1092415
1.0799189
2.081148
2.4015026
2.4654994
2.0528004
4.7577543
3.0835292
4.074538
1.4584494
2.2927318
1.6665964
3.7016795
3.9026854
2.254668
2.443356
4.973873
10.217041
1.9162709
5.8035035
8.737489
5.2485614
2.768718
1.840184
5.301578
2.4302726
5.5114684
1.8634667
1.0143532
7.1118226
0.77894133
12.657068
7.7285657
4.8474045
1.4103165
2.9638567
2.5440013
1.141573
2.5623736
3.8100228
2.1768374
5.652155
4.2901316
1.0417854
5.190903
1.698103
2.2968788
7.6677155
12.576294
2.0071414
3.8318348
2.101549
5.3173003
3.785952
3.1308548
4.8863025
3.1665735
2.3801935
0.2137785
3.2597973
4.8530807
2.906174
5.7171493
1.9286048
1.9990969
0.2934372
2.9160028
3.5380008
1.092954
2.3254051
3.2498493
2.025703
2.1382284
9.000152
5.685605
5.2808247
1.0749502
6.3934627
2.550277
1.2178382
1.967454
4.137379
4.799666
5.840271
3.1790385
6.493382
1.1839688
3.0550268
2.7186134
1.6980537
1.9349811
8.330069
1.4017806
4.9397855
2.875143
1.9752171
0.71661395
3.2083445
4.7053795
2.566157
2.8100667
6.4534845
7.8605733
3.342691
7.752628
3.4647536
3.2952795
0.42491272
2.494904
1.623273
3.237548
2.474242
1.808238
0.20121908
5.8916826
3.1791794
1.9565078
2.897764
3.659132
6.561002
4.1398587
4.816097
2.8078644
2.0979364
9.213204
2.2477448
2.5500293
6.5558844
4.7509685
5.994927
0.60945404
7.315017
6.5151687
2.7963476
2.7077346
3.8266337
4.103017
4.4073124
3.2198925
6.7172837
3.1983767
2.335786
1.7490218
2.121318
3.377503
0.5839375
0.75594246
8.1601
4.356245
3.8983178
4.995526
1.4652002
1.8756626
3.11845
6.347901
5.26408
0.8189489
2.7768576
6.4012733
2.9370654
0.40900227
1.6057453
2.6046822
4.0501413
3.287109
6.1614575
1.4219689
6.1355247
3.7679343
3.8886719
2.4245849
4.7839613
4.5792456
10.349353
11.751267
2.3894324
2.1018414
4.727278
5.2471194
2.0473282
1.1111864
0.27345616
3.1384547
5.5924625
0.9564475
3.9978733
3.522899
4.413006
2.9909778
5.9123454
3.4299316
2.1102598
0.055692393
1.520935
3.535706
3.7364776
8.752155
5.1393347
0.5473119
6.258412
3.6572893
10.299069
7.5415664
8.360033
2.4645474
3.6256864
3.4103026
2.4834657
1.5393568
4.464108
5.110583
1.6461889
7.7680073
10.003401
3.1248956
5.7630787
3.9331944
9.544972
1.9198742
3.438386
6.8410254
2.2335634
6.3087487
0.7581042
1.8990681
6.279083
3.691218
4.0387754
3.2930393
0.95206934
2.8693264
0.19390008
3.6061018
7.0096498
6.210657
1.5140859
5.777764
6.4605875
2.0141613
6.2931156
2.6068828
2.9395094
3.199807
10.327167
3.6734743
4.5242114
1.3127244
2.2649899
5.818442
4.1446896
3.2669718
5.2408977
1.7339367
3.1894486
1.5535442
5.415592
3.4699907
2.30477
4.0345306
2.4332228
5.300178
12.277182
1.2686337
3.7884133
2.5742092
1.8529018
1.1938072
2.377924
1.3597097
2.1714861
3.7689128
20.001469
7.4940047
0.23723778
3.4081836
4.495784
4.114485
2.27734
4.4495835
0.619293
3.6055837
3.6786973
4.8153358
1.8677607
7.1295137
5.951612
1.5819561
5.7524495
4.4014025
0.6981903
2.238761
4.7966957
1.4968884
2.0659869
4.96812
2.2544775
1.6669778
1.3385935
0.9235714
2.1413949
0.5575916
2.7328765
4.414982
3.0501573
7.1599255
4.698155
3.6946816
1.6916063
1.6764374
2.4362063
3.5565186
0.4688844
3.6535108
5.4903517
3.448219
2.677638
3.0093899
1.5347768
4.3563576
7.6881466
2.7482293
4.5127864
2.5884173
5.724346
4.398636
8.231828
1.727004
6.104823
5.7177773
3.1892653
8.070394
1.9529177
1.7669388
4.396218
6.6707034
3.760234
6.2582326
2.813599
3.0467892
2.6105282
1.9665347
1.2328557
2.0685053
4.380158
4.316755
2.6473677
6.000168
3.841151
2.7099528
4.3736672
5.236787
2.482247
5.5447555
2.247854
0.70193374
3.678672
1.4047855
0.16214482
3.2414331
5.6622763
5.699384
0.86081916
3.690996
2.7634957
4.8201118
1.7495381
1.0720905
6.1880407
0.5421371
1.9375503
8.495251
3.47157
0.16783419
4.9810753
0.9731905
1.8799227
2.0170858
1.9745429
4.7921143
3.0566928
2.1004589
10.477867
3.191147
2.3889508
10.3052845
2.9949484
2.888605
0.5363865
0.43988577
4.489454
6.9285765
4.7285137
0.41957125
1.9515285
5.0182924
3.0015316
4.5323834
2.4749768
3.185868
3.600931
1.355078
3.8600147
2.8962336
6.5529513
5.8988695
4.353536
3.9772103
1.0481378
3.080758
5.541851
2.1097248
1.6477942
12.170367
3.6271567
2.7399516
4.1448097
4.2984247
4.524516
4.4069495
3.8444242
2.7895806
1.1069897
3.8593457
0.5201705
1.537979
5.3064876
0.8981502
4.238771
3.3851368
3.4458537
2.99788
3.5379324
4.9748583
2.958745
5.3217397
1.2019643
1.9881822
1.8243885
3.7342753
7.241576
3.166654
0.2210485
5.2883186
1.7784712
5.1798882
5.7748733
1.6131535
1.6062059
3.022566
2.3231096
1.7095244
5.287204
3.4515748
5.181673
1.1096785
3.0166836
6.099562
4.011507
4.1625624
2.8022435
2.767733
4.074429
3.093172
5.058511
3.8419375
3.0147905
1.6419961
2.1087382
3.2604103
2.339151
6.3095703
10.523648
5.8806252
2.0922294
4.3588705
2.350775
0.95016885
3.2313986
4.2215314
2.5375497
1.4162221
4.690523
3.5520806
1.2519151
1.261993
3.0377102
4.0731936
3.6274142
1.5342246
2.5687199
5.0030923
2.109287
15.412245
4.024262
6.0919185
0.18695663
4.59577
5.504616
0.22288541
5.102063
2.5513475
2.2605214
1.942012
6.166937
3.2949917
5.8514643
1.7323347
3.7841697
13.06017
1.9776971
5.199197
3.1872187
4.208171
3.083126
4.991056
3.9022858
3.0635734
1.1103557
6.2770786
2.8400314
2.2417924
2.2221909
2.7310107
3.6538596
2.8575408
2.4270737
3.6526997
8.677107
1.7272435
4.4255886
2.4816651
0.35095948
5.003866
1.2788744
4.4926906
3.433481
2.2442179
2.0568733
2.523598
2.3807158
4.2533875
0.9884945
1.477244
4.661738
2.5806694
2.4014907
4.296442
2.3527796
1.6892135
7.6671815
6.2345285
7.4556737
2.2410636
1.6242012
2.8628757
7.0326557
3.808626
0.34088895
3.4139547
6.530061
3.105472
2.5566578
2.8010845
5.0735044
1.3514894
4.2101064
2.7897243
3.5449715
3.8489099
4.9680853
4.0991297
2.2265298
1.859337
4.54764
2.807809
4.2845497
4.8801374
3.1533992
4.918061
4.100193
2.1375082
2.6128454
3.643393
5.719412
3.7224445
5.184811
2.8922617
2.6579876
0.96156657
18.824497
1.2462783
1.7546203
4.9643793
6.638954
1.3130112
5.5848885
2.4454205
4.2520776
2.9742885
1.8903553
3.3681273
17.619051
7.8822427
8.878493
0.3589646
3.3772895
3.076848
13.941209
3.5051003
3.7926068
10.180343
0.6203575
4.9563527
2.9921296
2.9551623
2.5915375
5.805451
3.9357173
1.0832015
5.802376
2.9831297
2.0995872
3.0606089
3.761792
1.9636704
2.1690235
3.3708272
1.3015685
7.650917
7.6765714
5.367033
3.2203417
3.8344638
3.3349392
7.6776423
2.6187952
2.4684885
1.3889601
5.981891
1.2502425
4.538772
3.6585634
0.9717057
3.9544268
3.742828
1.0101503
2.8102605
0.11019844
1.7417331
6.9855514
4.210433
3.4306233
3.670837
1.6185316
2.6602728
2.7606683
4.237258
2.8349771
7.2129083
4.1763873
8.669163
3.5151696
4.3093505
11.401665
6.0659266
3.3537776
2.3108628
1.7578063
2.7220137
5.421511
23.35735
5.9236875
8.902748
2.649496
2.9546647
8.367724
1.3024678
3.7631717
2.0248516
2.1517124
0.8253269
2.0829055
3.5865242
11.096159
4.3095927
6.560394
2.2804768
2.3568509
3.4362342
4.3870397
2.1169326
3.1625817
5.311618
4.48538
5.522889
3.526229
1.1164104
1.184054
2.5548997
2.6186755
4.712703
1.9201092
1.3241835
1.916376
6.8367844
2.7584524
2.6798575
2.551137
6.1898217
2.9185715
7.72916
5.818124
2.121064
4.727646
10.322742
0.21474037
0.31255466
3.60717
5.3442864
1.906646
1.7887547
1.4288691
1.9998881
9.607977
2.8855042
1.4675286
2.4481473
2.1707149
0.7527089
1.8536266
4.4174466
6.7893686
1.3818973
1.6483474
3.2273672
2.320898
0.9294976
2.3459141
3.8468242
5.172505
2.122645
0.14206159
3.7103102
3.3787196
1.0763965
3.2017047
1.3675399
3.067984
1.9330212
3.2038095
5.721977
2.9513772
5.5260315
3.8089044
5.395877
3.2926686
1.8501235
0.5078167
5.735514
1.1321646
9.676425
6.553953
4.7815247
8.758802
4.188276
2.3020122
1.6525155
1.7755718
3.0886345
2.887919
8.369396
2.8491027
2.0212433
1.5901064
6.082176
3.3658955
6.071972
6.204146
1.4520491
3.9576552
3.4084966
7.0036473
1.0190821
1.6510478
5.5336046
2.9589992
2.810337
4.532038
5.576753
5.768741
2.23676
5.320384
7.099478
2.0594459
1.203329
2.1876807
3.0250187
4.028871
1.9823924
1.7640369
0.48819187
2.871358
3.758348
4.1499314
4.31542
4.0313044
1.6638931
1.9185156
3.9817693
4.109138
2.1273873
0.8560042
2.7616785
5.420806
8.2989235
11.116642
2.8296983
2.1277263
2.28749
1.4917922
0.97861177
3.0613961
2.359532
4.8467555
1.360296
2.1467917
4.2375646
6.3431983
5.6116037
1.6483797
28.989428
3.5367348
7.643713
4.750383
2.0300167
3.7196736
4.6853094
8.988525
8.383996
5.962422
5.064518
2.3867176
3.3428328
1.9194149
3.047202
1.4764762
1.4196641
4.6584377
6.158885
2.4134054
2.6289587
5.361705
3.053678
1.4541427
7.001283
2.7596836
7.533751
6.8058853
5.066175
3.6729403
2.0850573
11.496956
4.667123
9.293244
6.152832
2.766756
1.869509
4.362878
1.3170805
2.0580835
2.801937
3.3202133
4.4940815
2.8270876
1.4678799
3.3912823
4.2999988
1.1753213
4.921747
3.4545763
6.454361
4.2844787
4.2952733
4.5663433
2.5732286
4.2388053
4.1832824
3.084551
2.079555
3.6021402
1.8279701
2.227839
1.5470357
5.0821786
1.3273344
2.7462535
2.2295685
1.883179
4.8964543
2.3125799
5.6377144
1.1229275
1.0239009
4.4318104
2.1283884
8.482695
3.373925
0.5796632
0.10377116
50.201324
6.681636
2.8230066
1.6843326
7.5989165
4.412737
0.27614447
2.2749705
6.706285
0.37069738
2.3322904
2.322373
7.402432
3.110984
2.241032
0.11417286
3.842068
0.55804145
5.3065624
3.4626186
3.277051
2.3966563
3.2528641
7.1732426
4.410837
2.2066808
6.412562
3.7103364
0.9465814
4.111193
1.7535594
6.8416753
1.2834127
7.2866216
2.6038394
2.2293482
4.2316866
1.5373576
5.145668
1.9568582
2.5943654
5.828256
3.5413249
1.4672215
3.0773208
5.1562543
4.0430975
3.1685693
3.109887
1.5413468
1.5640316
1.8727908
5.5873346
3.8275144
0.90009284
4.570761
6.617432
0.72421396
4.436941
3.8315115
7.282997
4.0850334
2.735418
0.7076006
6.8762374
0.3351655
5.1887937
4.4433775
4.571791
3.3661025
1.0988688
7.234804
6.0595975
1.337342
8.376177
6.673191
2.1165211
2.952256
2.023701
2.0982192
4.2351832
4.7146316
2.214129
11.492694
2.0093846
4.2771044
2.0627754
3.280781
8.462964
0.8721399
5.794308
0.7511401
4.510704
3.368516
5.052709
6.128812
1.4968598
3.339837
2.811271
4.5964284
2.478105
1.961884
3.0595355
6.6829777
0.9147418
3.1871693
8.269468
4.07704
3.4833214
2.7044287
0.69285846
1.3790911
1.5281254
3.378176
5.957781
3.2951267
1.8074899
2.1270642
0.3290427
4.0385175
2.373012
4.380912
3.6654391
2.1759808
1.5404224
4.143185
2.913401
3.542946
3.6736212
8.536899
6.589114
11.642816
1.0437073
6.3783283
13.22952
8.701242
1.5544529
3.873369
3.3365338
1.1446049
6.698639
2.638975
5.3322706
1.250087
3.0565333
1.0703892
5.916675
0.6168688
7.9182973
0.98640126
0.38810226
1.3301787
1.6911759
2.551756
8.346245
1.7869208
3.2523832
0.99933463
0.8053778
0.7660536
3.0540123
5.9867673
2.6227355
3.316102
4.5376706
5.1265707
3.1970644
5.4469147
3.713849
13.399491
3.5604136
0.9529496
2.2567008
1.2704015
0.34227806
2.689107
5.3548603
1.4150926
1.9184889
4.0778003
1.3747779
5.1980896
4.907859
1.7681731
2.5255454
2.5000155
1.0054249
3.1673262
5.167181
4.174806
6.2912917
4.51398
4.4950805
1.2651576
3.4810755
2.6874125
0.9287628
3.205285
4.709009
2.986392
4.83251
6.000586
0.3055563
1.4809902
7.090958
6.034446
2.5799885
1.7790979
4.641358
1.0139805
3.5847604
1.6382048
3.7357516
1.1460596
4.6909294
3.1256921
5.458857
8.704666
0.8900495
2.0046086
1.9768856
10.692078
6.209205
4.259625
4.9002137
3.7957203
4.1660395
1.3652438
2.1658006
1.4174709
1.0883672
8.680179
3.816027
3.1791537
0.72605807
1.4981679
1.1324283
2.206673
0.26729774
0.792282
6.5577602
4.0015607
1.2503415
1.8127367
5.3057485
2.9691665
5.6900826
0.737739
2.8936596
3.3684995
3.754375
2.3596513
3.882847
7.526421
0.7068614
3.9311976
1.1595272
0.10294598
2.2838836
2.9188075
5.038155
7.517692
3.4471512
0.58705735
4.089549
1.6140169
5.9134536
0.4629596
3.1707265
3.6065614
5.6188626
5.2255287
6.850227
1.8841833
3.448616
5.1932364
2.1568227
2.0035725
5.039229
5.234036
4.071355
2.515974
4.6003113
5.3364906
2.4883935
2.9155219
2.8820245
2.236478
1.7387199
1.7951844
4.3866076
2.603652
4.352777
7.832796
4.986213
5.485465
4.8569427
4.7419043
7.558773
5.2124195
4.9924035
7.361858
1.7155434
0.70380896
7.531449
5.3091736
9.241171
42.33184
10.340905
2.5436513
6.8041463
4.7635612
13.542856
0.56850547
2.194619
4.0752015
7.1057706
3.484098
5.66375
3.7536514
0.6053165
2.0075555
1.9532597
4.3838997
2.1668665
2.6404924
2.1626427
2.3943565
2.9342613
1.1525196
1.213959
8.252724
6.423001
3.0178735
1.2731292
3.2097359
4.560767
5.406636
2.3841226
1.8534714
4.2095942
3.6097205
4.00362
4.310566
5.117899
3.3944185
5.020121
11.450392
0.60173416
2.4043536
7.5826592
5.7731333
21.412556
2.6800818
0.9448247
4.0313993
2.4301467
9.653985
5.9798346
4.662311
6.005645
5.7752814
5.1700006
1.2179207
2.813491
6.102155
3.3896909
4.254586
2.0227458
0.78828806
2.1127243
2.8143098
3.4589157
9.211982
39.31875
1.4650915
2.702357
1.1544148
2.9184701
4.28448
11.603376
0.70407385
7.8121285
8.974936
2.67879
2.846236
2.2927938
1.3529713
4.081164
5.2872467
1.2457693
1.2536228
3.1358762
2.8195221
3.5348012
6.090183
2.792904
2.3117695
1.5055418
8.438606
2.4088464
4.605265
2.4279237
19.278765
1.280281
3.0598683
10.390775
3.7910097
1.9281034
2.5625763
2.691181
2.90804
1.3211503
0.83669627
4.136
8.624388
4.3593793
1.7163329
2.520745
9.134741
5.5753136
1.8893067
10.784034
9.540864
2.0348141
3.2875352
6.4996815
1.9538156
3.84004
4.4835835
3.671519
7.2941847
7.4423842
1.7678179
3.4847906
6.0437994
12.767907
3.970628
2.740135
4.3715873
0.78827184
3.8797774
1.3100218
2.7130187
5.5285015
3.4836016
7.77807
2.8115916
2.9089346
4.534439
5.8106823
2.8305814
2.5369382
4.4813323
4.0343204
2.612594
3.2703211
5.442538
1.7671028
1.0649093
3.3498769
2.0724945
4.7506685
6.1760283
2.0660918
1.9439313
1.9753985
1.9043086
1.1515855
2.9660432
3.7830126
4.763818
4.877415
38.554054
1.6147413
6.7686057
0.73189497
2.1249661
0.5362255
32.484985
2.907896
4.593693
1.4338199
1.4586668
14.203898
4.424819
9.556035
1.932168
2.4167452
0.773516
6.9383545
1.3961356
2.0418806
3.3180711
10.973749
5.044846
2.0750542
2.7359917
4.471675
2.132073
3.7820897
3.2689118
0.84896123
2.5599864
3.5800855
2.1509445
3.113466
10.402639
1.1305218
3.9717627
3.1804078
1.4209762
3.3580127
2.4626794
0.98459685
2.8946514
1.5045061
2.5302234
8.595603
7.6618986
2.6096544
6.514234
8.209067
2.4661844
2.7190351
4.52078
1.3140596
6.51884
2.5056968
5.26995
7.424356
2.059493
4.5142565
2.9997928
6.4949374
1.7143095
2.5026164
6.528048
0.2826595
2.0366821
0.20470035
1.4010338
6.795412
2.2829196
3.9615116
3.0817204
1.8572984
1.9586728
7.961232
5.198641
0.5477134
4.607823
6.142841
2.8006678
1.7690998
4.014919
1.5312507
8.059326
6.590836
0.48959664
0.578997
2.1737764
1.7861521
2.930265
4.265009
3.1794188
2.2730012
2.1971679
6.561746
4.0827055
2.1012363
3.5110753
3.4557188
1.9791555
2.2851083
3.3737998
3.6500556
2.2053175
49.72188
5.1219544
8.518595
3.1130755
2.1900935
3.036367
3.7339883
1.6125779
4.7331443
2.9017825
4.815146
2.1432433
1.6521472
8.280537
3.6451051
2.8156602
5.270774
4.9706125
3.3662777
6.4695296
1.8790535
6.074894
2.9299128
4.5089025
2.7637103
3.8391988
3.4463887
2.470766
2.0162468
2.4022746
2.5380373
6.3876414
1.2767749
3.0379562
5.6252356
4.3224607
3.8890991
4.4170837
6.4506717
6.091872
3.2092137
4.234007
0.7077658
9.480416
1.45409
4.0742965
2.3005345
3.9783025
1.7357332
3.0611703
2.2711575
5.007754
4.370478
2.2883508
0.26838353
5.4772053
3.15539
3.4534268
4.7327194
2.9291513
7.517659
5.9790277
2.6506872
7.3602858
4.3170857
2.7819564
4.630379
2.591824
5.0189843
6.1275554
1.7466925
1.6763849
4.4808817
4.0794897
5.191776
0.802215
3.695417
5.785222
5.900004
2.2570233
5.8104296
1.0185534
1.9900239
2.5781038
1.7336702
2.245957
3.3760824
2.958395
1.831115
1.8141625
4.3562565
1.6035438
3.5732567
9.046007
4.962182
1.9381467
11.958374
0.2286778
3.275377
0.31942287
2.6417859
3.8524482
4.5316157
9.721524
39.250107
8.271157
3.3559632
1.5742447
4.5314593
2.0180657
4.821151
1.3333545
3.4182143
0.9418301
6.1269794
2.1413648
5.9931865
0.9721615
5.1788054
4.1532316
9.377384
5.0023847
2.0863206
0.47112843
5.55827
1.6020324
3.7966828
1.4759074
1.4957932
3.7333708
3.7515435
1.1288942
3.2040796
1.903629
1.3891824
8.461406
3.28901
2.994702
2.9748025
2.6103559
1.9382138
1.9749265
1.6916801
2.5337038
1.4521775
8.052403
2.020883
4.151563
6.024154
5.192634
7.5313497
2.3586757
2.6637428
5.6079597
1.7056408
3.6241357
4.9768515
3.4386473
2.9766407
1.8493395
4.7900105
5.5465117
2.7973197
3.7154815
4.2032566
4.5844574
5.5251527
5.08719
5.3529077
1.7378522
0.7531878
2.128802
5.8883944
1.9320052
2.2913957
4.5950894
3.6905794
1.2823626
5.493927
2.959354
4.4798174
2.6273763
2.4961581
3.4707718
1.7236879
5.020519
2.8730428
3.1853726
4.798742
1.7814384
2.468934
1.9841663
0.9978204
0.06441827
2.5069492
10.118854
6.866581
3.6572733
2.2405844
3.8807786
5.636342
2.8614075
4.182704
1.3765926
4.6472316
2.3059504
3.1211114
2.8822565
2.1038992
2.9231396
3.4885395
9.173694
8.953481
1.0134244
4.269718
4.3095875
3.945814
5.8845506
10.259522
0.5344831
10.292552
3.5261676
1.1772627
1.2376113
7.017966
4.982844
4.231409
9.775146
3.2727957
7.2022963
6.125607
6.0978875
5.838759
2.8047228
6.9721417
5.832774
5.350862
0.28226703
6.455155
5.942387
3.0018592
0.8114829
4.592992
4.3215046
7.7298465
2.4194453
7.5562153
5.1421313
3.9835331
2.0513952
3.1613352
4.196115
7.097398
1.5244596
3.8636994
1.0105857
4.7843995
6.197602
3.7876687
4.536803
6.515232
1.9050562
1.1998386
6.6492023
1.6362866
5.0398846
3.1912138
6.5547028
3.3915842
5.1263585
3.6244438
2.0575452
4.255068
2.6832273
2.612707
2.5054712
4.4146996
3.7046041
8.678985
0.8167978
4.3750043
6.055208
6.3863363
3.2196999
7.3342953
2.2713606
3.9879594
5.4073963
3.7614803
4.10462
2.2976575
4.3529515
2.5668428
2.5803082
6.0858912
1.8973716
2.1537008
3.6526906
1.7209083
3.397194
6.5758557
1.3670243
5.024026
18.015106
2.0821328
3.996082
3.0622988
2.5792966
7.4392624
22.81325
9.79895
1.3520826
4.3376427
8.747659
7.795416
3.1984963
2.7158253
1.8853303
2.5227149
2.1158698
5.0025625
5.475875
7.549794
10.714952
5.69626
4.890538
3.836618
1.134607
2.2912736
1.0013713
0.57149315
1.8676205
4.4276795
7.5524716
2.7871058
3.7233996
3.8387587
0.5431085
1.9567784
10.732879
3.015463
4.725547
4.1673603
0.91587126
2.5048525
6.4757414
4.7476377
3.2726593
1.8835603
10.945988
3.842348
2.2308722
1.5666351
4.925361
7.4936523
3.6925836
3.0237513
6.7738366
16.17472
1.0760475
1.6467247
1.897331
3.0274656
5.529852
6.9834933
3.9338126
2.8898516
11.0842495
0.4274236
3.5317547
1.4911163
2.6644475
8.258182
2.3029273
3.11428
4.3562284
5.400239
4.667096
4.0447774
3.277999
44.64682
1.3316079
3.3176494
3.1753907
7.774786
3.9669225
3.9854083
6.0195885
2.3435245
3.8692174
2.4512062
4.966893
1.5068172
3.9754598
2.2559524
3.357667
3.7202387
1.9293268
1.523203
7.679396
2.6717846
4.7212505
3.6026196
1.7759085
2.0299463
3.0539954
3.5744696
1.7408538
0.4661092
2.5932517
3.5302088
1.7445782
4.3796606
5.4775
2.1858242
1.918504
4.2930665
9.84024
4.284581
4.8225474
1.3697072
1.6193837
1.168077
3.897046
2.066824
1.5075356
2.1980193
3.136437
2.8590157
1.9170474
2.0294204
0.7593814
2.2137134
6.4778633
4.0141945
3.9811554
1.997125
4.0693865
2.0354586
2.1260061
2.5493813
3.572123
2.0861042
9.484152
10.334102
2.1756039
1.7355636
4.2775745
2.9547443
3.530107
0.8461156
2.963086
5.522326
2.1026118
2.2072308
2.707072
2.2047865
3.4862897
2.4780128
3.7047777
8.444931
0.9323258
1.3837802
3.415482
8.171949
1.8095019
5.165991
2.1509283
1.6707168
1.0116514
7.7808394
10.170432
2.6333723
4.381474
3.5382597
3.1718292
5.3903513
3.9980779
4.7496862
1.3572716
12.564282
2.4464967
3.1854596
4.021809
4.512149
8.713443
39.294456
5.269758
4.703921
7.05703
4.3791037
1.2360938
4.332305
0.9155432
3.5457428
5.757077
2.4487286
4.14748
2.0581527
3.582099
4.067899
1.7104723
3.4123433
0.86922777
3.3784523
10.084086
4.2271085
4.8465595
3.3939836
2.8797958
1.0899445
1.092581
1.9012332
11.470499
0.68733037
12.052477
2.4403856
3.993554
3.7618632
2.5791316
1.2907298
5.93124
1.9848666
4.0156207
10.024521
4.4306498
1.9586229
2.4479764
3.4630303
6.7226806
3.2522762
8.838812
3.6889634
4.586878
1.9610143
3.616707
0.10801935
0.733673
2.7515347
2.105525
2.013732
7.804527
2.1593661
2.8444352
0.87025607
5.939604
2.2393813
4.1759634
4.3917136
3.0534682
6.367241
2.8713229
1.5927621
3.877907
3.9460387
0.5569903
0.7964065
2.7163117
0.30639124
3.2940679
1.87141
2.5955453
17.148455
3.360101
4.5838804
2.8737001
2.5434105
4.8554764
3.7004972
2.6012228
1.4726914
0.40262282
6.224867
4.223795
2.401896
3.4612467
2.2701888
0.56579036
1.4645122
5.4926476
7.2140465
1.1642985
27.460041
5.5748024
5.678008
3.9008784
2.3571434
2.4816644
3.1573493
9.377561
3.977647
5.7042284
2.5373223
8.897244
1.2193629
2.1396453
5.032455
1.0571371
4.8876743
5.348795
2.666211
2.68716
4.4643636
5.87736
5.924219
3.6880398
9.936344
3.6260698
2.5181928
1.2621737
0.33322284
3.9358945
22.34018
1.2821199
3.6700256
1.3283554
4.380906
4.0022693
9.739901
0.86300933
1.3339163
0.0952391
1.6151824
6.599361
4.452807
5.4745684
4.264251
2.2504025
3.3627172
3.5160787
1.7727591
7.0195193
3.863644
5.283315
1.2887456
2.0191593
5.751429
4.0477242
9.670241
3.257354
0.9682415
2.4290228
2.9282777
7.040053
1.0884385
6.499141
4.701588
0.6351372
4.5439453
5.8546705
3.3977401
6.3389087
1.4900477
2.4855242
7.1343217
13.923991
2.3759494
1.7723309
1.988855
3.3462877
3.1266944
0.99205226
1.1043844
7.9062853
6.438506
7.412951
6.834848
0.66596454
4.149887
2.8950257
1.2345474
6.861994
2.9413357
8.438179
4.571786
6.295269
2.2211213
3.8851366
4.6700835
6.514195
2.5145657
3.4831378
0.66365457
5.198966
1.9953808
1.487043
2.1067877
3.8306081
2.9181898
5.416854
1.7961717
2.427203
5.582691
6.4366817
3.9816203
8.452482
0.41728032
1.9401985
3.2738395
2.021832
2.6017709
3.7212288
0.5505074
1.8177505
4.520895
1.8706263
1.4367807
3.7668023
7.850569
3.7795613
3.234885
2.3532615
4.6100087
4.845931
4.5328517
5.237796
0.7885479
0.78138787
8.309083
1.9979161
3.4823658
3.1037054
3.992547
2.6870031
4.171282
2.478929
1.3591888
1.999644
3.709975
1.7337068
5.1057043
11.805076
2.8338766
2.8223
3.2743058
0.2252463
1.4476199
3.6580446
9.732012
45.920197
2.5585701
4.863786
2.905426
2.8720632
3.3217049
2.501881
4.5355616
2.1056619
4.658586
3.6236315
2.0772533
4.884339
2.2057424
3.5713341
2.2660582
1.9919977
1.8538423
3.2857006
14.95845
2.6111202
5.2778945
3.2937748
1.9116008
3.5677652
2.4711692
6.065603
2.7286592
5.93405
5.434267
5.148303
2.583051
11.530547
4.5875416
5.2816267
1.7934012
4.9645734
1.161279
4.923749
3.2897534
2.4093585
1.4885938
3.9071386
3.5283916
2.666337
3.5699315
0.83652854
4.6693087
5.4058566
5.1340103
2.127954
4.2241387
4.987072
5.358065
1.4422508
2.5842452
4.0124702
6.2208085
7.505156
2.536266
2.7676294
5.449815
2.3016956
1.6410929
1.9423344
9.385445
1.5104929
2.6481879
2.7567277
3.5361006
2.2766001
3.753839
2.3652344
1.3796664
2.9300704
2.310682
1.8805125
1.9385538
2.0609403
11.5528555
3.5355375
25.132114
3.2971406
4.278055
1.6848786
2.3590953
4.9879146
2.1921268
5.15049
1.0144473
3.273775
3.0791516
2.0697799
1.0373514
1.5623295
15.10795
3.9338272
1.2437629
5.716513
0.7359127
4.664896
3.3765063
7.6298375
1.9563969
2.328658
2.9888062
5.1526103
2.6555893
3.7423306
2.2643557
1.3985766
3.017858
9.071715
6.224752
2.0129883
4.057609
2.280079
1.3580648
5.688405
2.0483453
5.983449
3.1981103
3.7060382
1.0231931
3.0308447
2.874388
6.0871367
1.1549841
8.786668
7.717425
5.3635106
6.2842007
2.295712
2.537907
2.5662372
0.46781224
2.2606504
3.7693105
3.0326815
0.8380852
4.9334235
2.292121
4.608768
2.3197007
4.7383714
2.4181952
3.9035645
3.763716
0.81163675
5.4627542
6.2622595
1.7912515
2.3618402
5.784049
7.0184846
1.0925025
3.059807
0.86064017
0.6462071
2.0117536
1.5290914
0.3948944
5.020554
4.834139
2.4393473
7.6609755
6.2300754
4.752291
0.7371667
1.0777469
18.197578
7.9816427
1.4853075
6.687866
0.6950271
2.68522
0.69926125
0.5941975
6.0734606
1.7317604
3.8449805
5.652785
1.7182839
2.9971044
5.8628254
11.232314
5.820311
0.22971533
1.1164597
4.950304
2.909366
2.7872508
2.8632748
2.5745823
5.733917
2.9335127
6.0997543
6.180131
3.8544326
0.7413673
10.226001
9.595836
3.490442
2.2418365
4.1246405
1.0138868
2.0407865
1.2631217
8.811478
4.5244875
2.0420396
8.375568
1.3692665
32.409286
4.569324
3.594327
8.666543
2.4727514
3.7405865
6.442411
2.2069752
1.6215978
2.9779675
4.070311
2.0226064
3.3575416
2.0864882
1.6747472
2.5627127
2.4600806
4.235794
2.8736715
3.098104
1.9368336
0.9325935
2.2978723
1.4298103
2.227197
2.1942794
9.905307
3.3035543
3.9946473
3.3657064
4.685794
1.7266866
5.4935856
0.32651147
5.9072576
4.819095
1.5534266
1.2994707
2.9890854
19.974834
7.2035327
5.405494
3.3332326
3.33077
1.7229815
2.904567
1.316738
4.288056
1.2991173
4.5616794
4.9804115
1.7146405
6.9218793
1.4395967
10.094463
4.2994294
5.740835
5.896893
5.895002
1.6883227
1.2291305
5.423344
4.1104484
2.998361
2.7940323
0.44310653
3.4586296
7.8727903
6.2462063
0.4372186
9.100038
6.5219793
6.4397926
1.7638203
7.319218
5.072692
4.6028295
2.9722512
5.9255276
2.221151
4.7886286
1.8805436
5.7990813
2.5909119
2.2636228
1.568167
5.439961
6.9780006
9.008497
1.8991469
3.5164273
7.041344
4.242216
4.4441414
4.616889
0.9612495
1.4121138
3.3345835
2.8258576
4.8933625
1.1888059
2.576398
1.4204897
2.921055
3.619459
6.7663407
4.140491
3.5719798
3.1501288
5.430301
3.2151363
1.1755815
0.690691
2.7129729
6.9250712
10.355536
4.4221573
2.207312
7.4443994
2.0877008
4.045151
0.57971495
4.9909854
1.8671527
61.801712
3.2346108
0.70788974
1.89783
3.6079075
3.0457788
3.8214087
3.481377
2.073353
3.4084854
3.7186477
7.3910894
0.47270328
1.2106375
0.61800706
2.057611
5.5917783
2.441785
0.7860617
4.697043
4.4807434
10.485379
1.903255
0.7287232
5.3502607
1.6770719
5.8687882
2.6671727
2.0834298
4.085286
6.3546553
0.9353223
7.681233
1.6341951
3.7495172
6.6152062
3.8046613
5.532775
1.4844024
3.8877451
4.1739545
2.621225
9.362378
1.5436951
7.75413
2.2054636
6.10691
4.47873
9.133467
1.2372959
2.7060955
2.7019892
7.1198406
4.8164916
2.610348
3.613495
2.3553956
2.501777
3.1321309
3.945637
1.9267589
0.9319486
4.503248
10.543933
1.247417
1.2845776
2.1901975
3.1142614
1.2928457
4.884959
3.2956717
6.817423
6.8804135
3.9830515
3.5816894
1.7667074
7.3520293
2.4154673
4.0217795
2.5416024
4.490678
17.24176
8.214353
4.5545425
3.5789523
2.3494792
1.4783478
2.2433536
2.7045746
5.269583
3.124022
1.5235682
1.1196501
8.868438
2.0893157
1.5007439
10.678154
3.569076
7.709053
0.9666471
3.0579345
1.9965616
3.9779296
0.18928716
2.8265786
3.3122807
6.9919996
2.1176827
7.1769733
4.0167556
3.2294245
9.365302
6.0609536
4.2410035
6.418167
4.095813
6.795191
6.0548077
7.1936674
3.3577416
4.5083804
3.134615
1.4580392
5.1084714
2.2424996
2.5099423
7.118964
4.9597816
7.026967
6.4885335
6.8471694
8.019329
1.3340433
5.578226
2.2025914
5.032394
4.3214436
3.4604063
1.5209699
6.2054133
1.8864236
5.382107
3.513393
4.049234
1.0844011
1.6479648
1.9017069
4.6063123
4.4535418
3.3325057
2.1073241
2.5326319
4.3318663
2.0004349
0.89242536
1.541703
1.5620747
1.2318214
2.7838566
7.465012
4.3045382
4.910262
5.275933
4.326624
2.6159675
4.4273286
1.9564978
8.216824
1.7742504
6.0675955
2.3237154
10.197249
3.1286962
7.046521
3.846389
5.4798775
0.5615789
5.5456233
3.1237276
2.1751912
0.464592
4.468096
1.9890535
2.2324471
2.0538006
4.865912
6.971874
2.8764174
2.2109194
2.8020728
1.6735585
3.504291
0.6406196
4.6133833
1.5205982
2.6962779
2.2980766
2.9225862
5.329272
5.3791633
2.1324275
10.170204
2.9252179
18.071241
5.5503206
0.94267404
0.5725096
6.9894304
6.1031623
9.601934
3.4079704
4.632768
3.4812102
2.873798
3.0231419
1.9038988
6.4654703
12.868928
1.715771
2.0092328
3.2596507
8.695565
6.3472457
4.854379
2.2280314
3.7383692
0.7608683
1.2575006
2.5934374
3.3999472
0.95458734
4.0128045
2.5947702
4.079913
4.7197814
3.368414
2.184596
3.7339804
4.781769
2.2076492
3.2539833
13.132494
2.4472475
2.2463825
0.9083945
2.8352141
4.5316577
7.002584
2.902205
7.473567
7.6200094
4.2947226
1.6952022
0.52057177
10.363547
5.8294063
2.0593588
3.05477
2.9669895
1.3854624
3.334894
3.2338555
3.8391368
0.6115049
1.8437217
2.206028
2.1280727
2.1778853
4.046956
1.1771442
0.6499359
13.136835
5.9764094
10.629815
1.1036711
6.0181065
5.0096602
0.80407107
2.505888
3.520982
3.0089905
1.8654301
4.166008
3.7786236
2.6696951
4.080617
2.7842832
1.9204239
1.3505461
7.6400056
3.021445
1.7354511
2.8821206
2.8712714
1.7978041
4.4016066
1.8770742
1.3572594
1.7286003
2.81686
2.087929
3.5667706
6.692603
3.3262315
3.538684
2.7242239
5.2982244
2.1232483
4.452852
0.47009954
3.8062787
4.439273
2.6482246
1.1680607
3.482367
2.9827049
1.6259049
4.936246
0.5202248
1.953457
7.059336
3.459335
6.137206
0.97281253
1.4840976
0.17067643
2.4522746
1.6729002
2.171529
6.399497
3.1433663
3.4530566
1.706256
2.249862
2.7726007
4.082367
1.7634833
5.017411
4.321107
1.1059579
67.46114
1.3871622
6.221866
4.5497465
3.9927819
3.191522
1.4638312
9.276251
2.829968
1.5953227
4.631268
5.0725183
3.5336113
2.6036994
2.9224932
0.09575999
5.7110057
3.646658
2.2809174
4.6476054
2.5342739
1.9945452
2.8945708
2.1639864
3.0919094
4.3170433
3.7685902
1.7360107
1.4925336
2.2366266
3.719127
2.3170485
7.0315228
5.370329
3.6405222
2.6602972
2.4491456
4.6747313
3.523682
2.949434
2.065758
3.0508227
2.2556841
1.7947904
4.4494166
4.753217
2.6923745
1.0076065
1.3545152
1.9718804
3.493104
2.9980245
7.266149
6.567699
1.817546
6.2572927
0.85456496
0.32515955
3.2070851
8.265384
6.331662
5.6732144
2.42621
5.740765
2.404031
2.9839523
1.5980515
3.2198682
2.3906133
5.7040696
1.7274352
3.3420713
8.159605
1.3510743
4.485489
1.9704175
4.0012693
5.8795805
2.075942
6.148657
1.0692471
2.3946812
2.7212327
3.4247892
4.677063
2.839693
3.7358646
4.118523
7.8645816
0.7690007
4.6993423
1.3113635
3.2320955
2.9526873
5.4062324
0.7484298
1.279626
6.2353997
3.5030608
1.1604078
2.5036793
4.048927
2.424868
3.674797
4.810373
4.115347
2.6048295
0.5310654
1.3054426
1.8116727
2.1253948
10.689885
0.48931834
3.8829465
5.569826
2.722703
5.669243
4.940149
4.7831526
6.0569324
2.5990486
2.9278424
1.4952109
1.7687855
3.6286395
3.9430375
2.5085516
4.9245343
1.939785
3.6262643
4.6503015
2.1563876
3.4233394
1.5397346
3.5458913
2.2118502
0.7578661
5.1327477
3.8414137
8.113151
8.652722
4.2614565
2.3777266
1.4007617
3.6740093
2.553745
1.955553
7.5120234
2.0499816
2.3557906
1.8491039
1.1036366
0.8509977
2.4307542
2.6391683
4.6520305
3.1534646
3.8791327
3.517287
2.7814689
3.1343768
4.453238
1.7160614
5.518426
6.75599
0.8302886
6.1398177
3.8774333
0.8397056
5.3976436
1.1091129
2.3879428
1.9106013
9.562922
5.9602714
1.4430715
4.421356
2.8702047
10.439687
6.4454346
1.7745246
2.754294
1.359338
2.7218084
3.1714463
1.2890403
2.1269333
2.8817115
3.93032
2.9020817
4.7637134
3.869712
7.188612
1.4943349
10.474683
3.2388332
3.6328309
5.498744
3.0157561
5.594064
3.1223636
7.011914
5.2949224
0.98773307
1.8495399
10.959158
4.2537246
1.3015034
3.665168
6.2786555
5.3016458
1.9156778
7.8296976
22.22516
8.635465
4.2218337
1.0297565
1.8121027
3.8560727
3.0430086
8.7635
1.5408537
2.232735
3.659815
1.9416288
5.3166656
5.045154
2.6329114
3.9903626
5.7377534
1.5375323
4.6194882
3.8128583
2.0233557
6.9840837
10.038377
4.339
3.0090759
4.614441
3.0764048
2.4266005
4.9420023
3.9847343
0.81414974
0.7990421
1.4374914
3.7304347
5.7268677
1.3899204
2.125487
1.1865637
5.2114673
0.57822216
1.5633821
2.1454413
4.774671
6.9194193
7.8129907
6.38814
4.6106668
1.5241548
2.747432
3.5502687
7.015786
2.471896
6.1527753
3.3921628
1.3763343
4.8033686
1.9305606
2.3951569
3.1647058
4.736189
4.5696964
2.1351492
4.7999153
1.1142051
0.79072386
2.3057356
1.3262115
4.1623406
1.1856718
2.4970987
3.8787243
0.36487854
1.3829793
13.155681
1.5079902
1.1925943
3.5298378
6.266118
1.4372238
9.952549
2.0438378
2.3588283
1.4605651
1.4332515
2.8337696
4.2568746
3.9508893
3.1231182
0.6971356
8.777175
3.1091
2.8401527
2.9766378
3.7358508
5.1428823
1.0558084
0.35094142
6.383257
2.888293
1.3082935
2.9672425
2.2323046
3.4462833
1.3877451
3.8173575
8.315333
2.2811172
3.9901028
4.591555
2.0781434
3.3987534
1.961092
2.736459
7.544682
2.5215209
2.9138362
1.7289253
10.007268
2.0694594
7.280464
1.1539443
4.0349007
1.1160834
3.984205
1.9951258
2.6327286
1.9750034
16.477364
2.362052
2.9434626
5.9222617
1.381179
6.1971273
5.707223
3.2425308
5.8860874
1.8195635
3.1232822
4.4110236
0.6989211
2.6304512
5.594965
5.157404
8.201385
2.19296
5.096087
2.6430233
3.290047
0.996058
1.6468405
6.749749
8.793369
4.183066
2.5181642
3.316189
2.05586
2.5672884
3.6927419
1.2452037
2.6672742
2.8784952
2.5628874
4.2186093
3.4175165
2.8989367
0.79031396
1.7596303
1.8540678
5.81425
52.826496
5.0852447
5.8575997
4.8941026
8.226003
3.3058019
5.9621778
3.137856
2.0083106
1.335525
6.2436676
8.158436
6.03894
5.3423495
5.823838
4.658359
3.7737088
4.2897954
8.362139
3.2754922
4.7758307
2.8972745
2.1335275
3.5189285
2.1499634
1.868415
2.5373263
19.416037
2.4429681
2.8149385
3.3561072
7.2261214
1.0424793
4.1387057
5.752906
3.102548
3.7748432
9.830919
6.0490313
0.59938955
3.0396314
5.849047
6.0501256
3.0616302
4.4252496
1.2902514
0.9807978
4.4160542
1.5216514
0.55436903
12.395773
2.8791592
6.373269
1.8029325
4.0374804
1.7242934
2.2576027
3.327881
3.269865
6.4125977
3.7308216
3.2997675
7.164499
1.7112159
3.2537675
3.6143122
4.1821375
3.6707702
3.3966656
3.5204742
1.6589065
3.6480393
1.1771122
1.9043577
9.2830105
3.0319269
2.5619967
3.154425
5.7932296
3.3357275
1.9901321
4.3931603
1.8292177
1.9527894
6.5264945
3.0473588
5.1945515
1.4366738
5.953524
4.3774667
2.6254401
4.4871945
0.80497164
2.457209
5.8434057
5.6267276
0.85104984
2.1457105
2.121762
0.31605193
5.5582438
6.7209954
5.2050166
0.80555403
4.3521695
3.8849952
2.7979295
4.623845
6.557706
4.426816
2.147741
2.8406749
2.782692
2.0427058
1.3171622
9.00268
11.509473
3.568138
5.7703114
5.9009643
3.3046222
2.9544466
4.7876487
1.2375956
4.357822
4.977332
3.294554
4.8695726
4.5444055
2.80076
2.1456726
4.561071
4.0184464
2.0395927
2.5704494
1.695645
1.4378306
9.165607
4.1720686
6.61307
6.2391543
1.5460957
3.7252781
3.5894756
0.33712426
1.5917237
5.8809814
5.7631793
1.346211
2.3351192
11.591099
5.025511
3.4373116
1.8678416
3.1427157
3.8041391
2.708855
7.373949
1.242413
0.7741761
4.7048535
5.972161
2.4871469
1.682422
4.9099646
0.7765158
2.6475663
0.13900964
3.6688497
4.8284354
6.8905315
3.1637816
17.663723
1.9363846
3.1236417
1.5792999
0.7021883
11.284029
1.4376866
6.375085
5.483294
2.5554445
3.902453
4.994255
1.6103121
2.880872
8.729881
6.73864
4.287276
1.2394289
6.021349
1.0215812
0.99878836
2.321962
6.323461
1.6702322
4.5700064
5.71275
3.3129714
3.6200666
6.40259
2.4542947
2.3084629
1.154312
2.460031
8.764634
1.458243
0.19414131
2.1319911
3.7325196
4.7769084
3.6567378
1.6095228
1.5346401
2.6538904
13.526756
5.0446997
3.9358752
5.8815846
2.8017242
3.4106781
1.3432897
2.9391432
1.8628621
3.8671467
3.1050835
0.71931946
6.670454
6.5814466
1.6012186
4.1016684
1.6002815
4.2205586
8.985472
2.0941916
0.77653307
5.5114965
2.846678
6.315421
3.8733284
4.6915584
1.6822753
1.5560548
6.0422373
1.6292467
3.9877682
4.46024
3.5271337
1.8051625
2.2314792
6.234228
3.91706
1.7474715
4.9430566
4.7415977
1.0286299
2.8566625
40.17066
2.6590397
1.7532449
4.8708463
3.509594
12.041721
1.5807323
2.7220337
7.7949157
2.9972634
2.3857455
2.302442
3.318497
2.237621
2.3515325
3.6514063
3.003086
4.9167337
6.6103773
2.598143
6.5483203
5.0959883
3.4185963
2.0805588
4.465463
1.1376882
3.4411666
5.9897738
3.5746257
4.062602
7.1443005
3.419053
2.3865602
5.554741
4.681864
1.8627214
1.210773
0.4346236
1.8826581
6.5092683
11.777446
3.4700067
0.43455356
9.447568
1.6663901
1.0822009
1.9735425
2.9695551
0.58567744
2.8429773
5.1894245
2.14118
3.7306612
4.026627
2.2356145
2.6905918
0.46667925
3.4952672
8.44825
4.8736353
5.823165
2.2725136
7.255814
3.7431524
5.301247
5.747691
3.407248
8.991714
1.2115525
0.6466636
3.267557
0.149122
3.58939
2.0581868
8.251886
5.883735
1.4251084
4.325041
4.6583853
3.512417
1.8704482
2.2376606
7.2862945
3.4875555
4.046581
2.2798896
3.1791084
3.2568984
1.5458302
2.8447924
2.7934263
4.391292
0.8406234
8.430149
9.747221
3.1646996
5.396641
3.3710952
6.483535
2.5912912
2.2932432
1.1111947
3.1738358
2.7857063
2.6672966
1.8941019
0.26295334
10.266263
2.0214734
1.8116981
2.5835848
1.4280585
2.4612305
2.441816
5.6426253
1.8010211
1.7483647
4.9407725
6.2109947
3.3965917
1.3666701
4.595868
8.406984
6.2785463
1.2249993
3.7603536
1.9183984
0.867341
0.9415187
1.5795553
3.406664
4.787202
2.7609615
2.0774064
4.435627
5.033052
1.7850561
2.3533823
1.4394925
3.631585
2.7681665
0.1832203
5.3424244
3.574669
0.28348237
6.520729
1.4693004
1.4176997
1.8093646
3.972205
4.1264668
2.13984
1.739003
2.7875986
0.8341003
2.1881635
3.3949912
3.9322252
2.134925
42.776825
2.0753577
4.3053617
6.672876
2.0643184
2.7658224
1.0680708
1.996234
5.1881447
4.416756
2.9013462
1.1006179
1.2279794
7.556418
3.367631
4.0521364
2.7241273
4.2839108
3.805663
2.3687267
5.19046
2.461711
4.515537
2.0322511
34.18161
9.149117
3.0584705
4.3365426
2.5218785
3.8245735
2.0742948
5.9494553
2.6197476
0.39665845
0.6685534
2.410605
2.8371584
1.3834758
4.202622
5.3412423
2.5677986
0.33501652
3.821889
3.543131
9.141728
6.2656536
3.973568
4.92509
5.2688894
3.7038145
6.1594334
3.7076662
1.2828395
1.103221
1.3217939
2.3817391
3.4735823
2.26576
3.8727977
1.4751705
8.249199
8.581226
2.189275
9.198023
2.6620169
1.2147422
6.242721
3.790038
18.815836
3.6879606
4.718723
4.5991735
3.1059191
1.7424555
4.48722
7.4214673
5.0306096
6.4461846
3.0672793
3.8462973
4.3359222
1.9225619
6.2562056
5.0342555
1.331596
14.664515
5.825176
1.8722816
3.908367
9.185046
6.66235
1.8416125
2.232433
4.743043
8.690542
1.4012825
3.2231665
0.535636
4.302404
9.3531
4.294762
0.5493138
2.473887
5.5279512
7.831235
3.8778293
5.6276054
0.92582685
3.3702762
3.9880254
7.3417916
4.840068
1.2852366
2.2618654
1.0322638
2.6882815
1.1242251
3.8363895
4.4126067
1.5297132
4.054343
4.4192114
1.9457914
3.5148742
2.8482893
2.5245214
3.1928675
2.560312
4.348577
4.6326785
3.6339417
4.6147
3.4343278
5.7368984
1.918947
1.8346655
4.2677937
2.6685085
0.90722597
3.8671331
1.3434452
1.4506044
3.670013
4.8037343
2.5103366
4.497025
10.365222
8.795092
4.061129
0.82434756
2.1536818
0.44444036
5.690229
1.2841226
3.4904377
4.510988
1.9890608
1.862266
4.772113
3.9902742
1.3041654
5.716028
1.8527908
3.9090855
7.0689363
5.0381665
3.982164
5.788393
2.525953
1.3252122
1.6943445
4.640939
3.987811
0.61042523
3.6620972
2.3152816
0.11623297
3.2284513
1.8069228
0.8501483
5.0849586
2.509162
5.6766763
6.7461886
6.7062287
2.6741188
4.1612144
3.823408
8.4535265
4.004455
1.5406647
1.9150853
2.0248654
3.465472
8.58268
6.6373277
2.7119222
4.3275995
0.56545067
4.268317
0.81669605
20.888472
2.9625728
2.1494174
1.3170854
4.285362
2.4086156
4.171024
4.5609765
2.1665113
1.7289681
5.00284
1.2276827
2.8302386
3.0530906
2.4875786
2.9641936
3.8268437
7.329075
4.473
2.2042286
3.8624325
2.9346251
3.8887079
1.7173045
3.4158566
5.2961435
3.1973286
0.7064601
5.2511053
0.5615893
4.57127
3.5965064
0.79223514
9.486668
4.0458217
4.587016
2.4057922
4.731247
2.376014
7.6178617
4.0185957
2.2915406
2.917373
4.1094847
1.6100706
0.68176657
2.9643056
2.7434232
2.2736523
0.76467663
3.603445
3.4941347
2.7909336
2.5324416
7.384814
4.538681
6.8144994
1.8585933
1.7506341
1.0677813
44.659737
2.7577555
0.50693893
8.495056
1.9493431
10.265634
4.008812
1.5871054
1.4420341
3.1308887
8.320705
3.0197675
4.9352484
2.911391
2.4335554
12.912082
0.3533491
6.646154
3.6025462
1.7021474
1.3523611
1.7039489
3.2898092
0.9350176
2.8339589
12.664611
3.620324
2.9592721
1.534465
3.223921
4.7270985
0.60555303
5.950813
1.4080681
5.2010136
3.141886
2.5510502
2.2537374
2.0687115
1.0288465
3.3400848
2.7197988
3.0763035
8.230093
7.075588
8.190796
2.5951686
4.2873745
3.640724
1.6212531
7.306592
3.0563273
2.3858194
6.0115676
2.7129412
6.247718
2.1401205
4.7705655
4.9931164
1.3791215
1.846365
3.00536
0.3245461
12.001429
4.246928
3.4841275
6.6485558
5.900405
2.487979
2.5100596
1.0068388
5.7908816
5.8004026
2.941896
2.2603319
0.85178626
2.7948327
0.91722965
1.9110324
3.2869213
3.358344
3.4977741
5.866284
8.943844
0.6848238
5.6203294
5.1118875
6.6945624
6.418658
1.2781886
3.448336
0.48817855
2.2915382
2.914621
5.080718
3.8527412
3.1624095
2.9629073
56.931404
1.0781012
5.5001984
2.8262103
17.684252
1.4131919
4.1177073
27.365147
1.7786242
1.9810431
6.17011
3.4997156
7.0005355
4.947233
5.920513
2.7572694
2.0256438
8.329588
2.1743948
0.8822489
4.29996
3.0883572
2.3821337
5.182412
7.3196454
4.873878
5.2221932
2.6746528
11.185194
1.626464
3.5906403
3.020892
3.1240773
4.4042583
0.8266072
1.6524541
2.599326
4.513382
6.5150423
1.6773016
3.8899117
2.7576048
6.67286
4.7175517
9.756383
0.9967487
6.275006
5.1300554
2.1530993
6.039391
2.2723882
2.9785028
4.997024
4.272719
3.5660815
3.1399136
55.680164
3.6787066
7.208417
2.335657
18.651932
4.5775876
5.479806
1.0904876
2.4575338
5.4358673
35.89594
1.4299209
4.302206
3.0726397
5.7483535
2.1808312
4.083118
3.6518295
8.480668
2.6310642
2.6671708
1.8195817
4.4843764
3.3294199
2.2053976
4.2558603
7.2737794
1.7970971
0.929273
0.8755541
2.021237
2.2186697
1.3876305
2.176607
4.090874
3.6710322
2.8153334
0.2817771
4.315452
4.102347
7.3335357
5.921515
3.1488695
1.7248472
5.1270123
3.0345256
3.6520422
5.3514204
2.0390263
62.987804
4.986523
1.6723795
5.946599
3.4500225
5.18062
4.3882637
3.3753333
2.2204208
6.266388
4.9266644
2.495073
4.511938
7.665886
3.348343
4.5622644
1.7587838
2.5709388
7.4566035
4.084413
0.7299981
2.5245163
3.783972
7.0672946
1.9338583
4.1135583
5.123994
0.9005428
1.2336785
2.220666
3.0583453
2.5313191
5.324113
3.887894
4.388357
6.862451
7.3356314
5.5283136
1.0618298
6.2597666
6.1924934
5.519103
2.0178196
5.31276
1.1268327
5.315728
3.2515996
3.6170678
2.739055
2.229209
9.052617
2.89831
3.3403883
6.7203503
5.5258827
1.6152941
3.504125
5.1438403
2.1131723
3.5760775
1.1364768
2.382248
1.3742546
5.8576922
1.4430424
3.679749
1.6401098
1.2354133
5.2367907
2.534497
0.9297967
2.3597
3.9109209
3.403205
6.071901
4.3956313
1.6732948
1.290168
6.4128156
0.36916968
0.924919
7.31634
1.6561769
2.3346007
9.484837
3.7795095
1.2230347
1.3213557
2.9282715
2.5175135
5.329098
12.253152
5.2119823
1.2094536
3.6821947
3.6814082
2.5844476
1.9451805
3.5739446
2.3840814
1.543205
2.2432647
2.4082305
1.4278649
4.8354435
1.4202807
2.7100594
5.282622
5.5587025
4.8021092
1.3855323
5.8601522
1.7682493
2.6580741
2.507066
2.2704213
3.83302
4.1446133
4.805725
3.425735
2.1412842
2.9525943
7.890563
1.2192407
6.8710284
6.518428
0.39999723
7.4655766
5.424141
6.609575
3.1207838
0.76054174
1.8984833
2.4792173
4.989095
2.9454446
2.0856042
73.868645
2.6527863
1.7398987
3.338536
3.0395803
9.046695
1.2966259
2.7028718
4.8774076
2.8770347
6.933927
1.9446199
5.1632657
1.4321817
3.650343
4.766077
2.7591033
2.6242006
2.0898826
4.0735497
9.609395
4.147205
3.4332037
1.110662
0.5777543
2.180365
5.9750786
0.7505089
3.1877756
6.0527844
2.338851
3.3868961
2.6560774
4.6986346
0.544876
4.383609
13.098505
2.5133705
0.9329831
4.0140276
3.9548159
1.6157657
8.3572035
3.9157817
2.1623547
2.7884939
4.8178654
3.9680545
2.5804148
7.0526924
7.552775
1.1359915
9.027516
1.4841998
4.7200446
1.7132446
5.8054733
4.584632
4.0569506
4.29401
1.4740542
4.4290667
2.438908
6.02797
3.4767287
2.9434278
4.815161
4.8866677
2.4273632
2.7173755
32.484985
2.6678102
2.0121584
4.2436113
2.9765098
2.125967
4.3852468
3.1287663
6.0550556
6.7765093
1.7733744
3.9239237
2.999962
4.1621833
3.9206834
3.1200826
0.71320224
3.1699185
4.386036
3.3444674
3.4725924
7.2934585
4.4823112
1.9946197
2.067596
3.8546145
5.22101
1.8330954
8.211341
5.110548
6.9282074
4.3161683
2.8947864
1.5058941
6.066879
11.68769
0.891122
0.87353605
2.668272
4.963041
4.146855
3.685069
0.87609947
3.608361
5.987502
5.278584
2.083859
10.31976
1.849703
6.705162
5.248434
5.2046824
3.6033926
3.6308885
5.1069803
4.253948
4.042296
0.56076604
1.3638244
1.4787087
5.3343625
10.212629
2.666073
2.7388725
2.4698768
6.3850636
2.2887626
24.78243
6.672658
2.9565823
2.5609355
6.6366944
7.0429997
9.846279
10.427
3.6083775
2.1075106
5.932252
3.59675
4.0361347
1.0696881
1.3496286
11.895359
2.1010952
5.15081
4.6350794
0.1391827
3.1294942
6.5945964
6.3070188
2.7466984
6.547436
9.043776
3.5919914
8.258032
1.2680138
2.2592516
2.6118555
3.0611665
1.950138
1.2536432
0.31057099
5.4242105
4.6962633
7.0165625
3.486592
10.345291
5.510736
0.47923654
5.59046
3.4554505
6.0231967
1.172257
1.2850072
7.032146
4.2412286
2.734349
3.5016768
6.869321
6.9569354
6.1686606
1.8381927
5.906849
4.0816374
2.380478
4.3411736
7.1151276
0.48297238
2.1395202
4.3548255
4.7392836
2.1120558
2.3501818
5.0812325
3.7352488
5.6500516
6.0947776
1.5727421
3.8369086
1.4932942
2.1804144
4.411437
4.2400746
6.677013
5.9912686
1.2276891
2.1558409
1.2602149
6.2652025
4.3265023
3.0453854
7.340084
4.3753524
0.74934274
1.6679845
4.9309034
0.78617555
0.4341404
9.813693
1.7089128
4.743755
2.9625342
4.433776
1.1014745
4.786861
1.7096022
1.9620765
2.5472226
3.4282012
3.5422113
1.8384475
3.6541474
6.2298775
4.864889
5.4586205
4.8748345
4.049388
3.1469386
3.0716336
2.8133345
4.1163754
5.2880735
4.6298966
2.066061
5.711084
3.6326857
1.2607614
1.9000973
2.5766945
4.898316
6.3333197
1.7564774
9.968042
0.25536728
2.9255462
3.0782177
4.938605
5.632562
8.057674
2.8688018
3.216385
4.593161
5.7084
5.886792
4.014512
1.4205273
1.9839947
2.933841
10.299989
4.2788863
4.691335
8.938404
8.34621
5.583852
4.227734
6.9062777
1.859864
3.7515657
0.83614093
1.0679005
4.7067194
2.9968193
2.7401645
2.6819243
1.645933
3.067025
3.37005
3.3581557
1.8315622
1.8705899
2.1496592
4.724344
5.8384037
5.4959335
1.5283023
2.9248347
6.8238926
6.4593887
7.7641625
2.7447407
3.6346955
4.0148783
0.8612593
44.54322
1.5854402
4.653657
7.5374165
0.9369711
2.193983
5.715666
7.3488193
0.69893557
1.8410679
2.2225692
3.0371652
4.766305
0.43333456
6.9028273
1.9729433
6.7947583
3.3844924
4.5702543
7.006475
3.9465437
4.49196
0.33523476
1.4045944
2.4692054
5.4950356
8.123592
7.1221075
0.9147896
2.1139326
6.744381
2.409636
0.4656256
6.055166
4.935544
2.7761734
3.6809304
0.7230635
6.0026937
2.5515463
2.6045482
2.6392965
7.4248977
5.09949
2.8840399
3.3656003
6.951182
4.2265925
4.050376
2.798001
2.9525287
4.565733
3.9112055
3.4722373
2.6604912
2.5069945
2.093363
0.7739081
2.6622262
1.0842848
1.7743275
3.2265475
0.75536203
7.7366486
6.904234
0.8536611
2.4441078
2.9001381
2.274729
1.8906797
6.5979457
1.0065786
1.6667632
0.9503078
2.122681
1.3706455
11.272968
3.5274553
4.7968946
2.018523
11.197728
4.5562043
8.563372
18.770575
1.9620878
5.6863055
6.241943
8.129671
3.7481024
0.5992215
5.181927
1.7708516
2.243175
4.049426
2.471166
2.5515814
5.997781
3.2496288
1.8494908
1.5141529
1.5685853
3.3489773
2.226942
2.5637481
4.4878964
3.7086644
0.6713786
5.078977
7.7784476
0.7747765
3.4731388
3.5532882
2.487586
4.843086
1.4643711
4.1866374
6.6202636
2.1977322
8.383204
5.7185407
1.9434958
3.6391847
3.3071716
3.0051074
3.3867185
3.646341
10.75515
5.8512793
1.812874
2.8779762
4.7975144
4.309668
3.5333612
3.404093
3.4159725
9.918197
0.20726818
5.079786
0.6278825
2.7914815
5.8523917
6.6330824
0.7835275
4.1434364
2.22849
2.9807894
3.9777396
1.4458325
6.8708186
2.9835417
44.585636
0.8523214
2.0113895
2.6045978
5.673619
3.7176447
2.9697406
3.4992192
4.8975725
2.8655598
5.726837
37.107872
1.3532753
2.6037743
5.1324334
4.9268284
3.218754
4.355833
7.9672604
4.8771987
3.6334896
1.043354
2.9108725
3.5037923
6.616385
6.1430473
0.48119804
10.702325
4.2775416
6.53137
9.199323
5.6987853
2.829706
4.5432615
1.5266521
1.9925737
5.532808
2.9461904
1.6124216
1.9781744
7.7214684
4.485581
2.7976878
1.6709014
3.9966936
5.07847
9.544435
2.4766924
2.9195824
3.3371608
2.6910303
2.249991
3.5505471
0.4340267
5.242644
3.5927687
7.545267
5.1574674
2.5620954
0.20048794
0.98317546
0.87148416
8.478488
8.34301
5.828097
5.1241393
0.63176334
7.7321305
3.612715
2.5158954
7.2094636
5.4013796
3.80999
5.33814
2.0221188
3.4804747
1.505649
2.357637
5.0815096
1.4755725
15.592914
5.5387163
3.534694
0.9387893
4.3418193
0.8918509
1.3984966
3.2573009
2.8140578
3.7377665
3.7864504
63.25806
3.6765535
4.2060294
4.9069858
0.75773
5.020343
4.916155
1.6713799
1.5952446
0.63139737
2.0503402
2.285655
1.420886
6.272807
2.0849702
1.6064374
1.9572121
4.0394526
2.2075818
3.2486076
1.7363613
5.4747105
4.944219
7.4777255
5.032264
2.4376137
4.415057
3.9795504
1.0205842
4.9648213
4.61794
3.1345754
5.5622177
3.8976836
8.047875
4.2516255
5.20074
3.4672275
5.0023966
4.5228453
2.6193273
4.638809
0.7750131
2.7512436
3.305362
3.3036463
5.0140786
1.1700853
3.5234783
2.7181091
1.4060167
4.587492
3.5199502
1.6096034
2.7843418
8.371713
2.3562088
1.7768463
0.65948015
2.243519
4.9607
2.7914925
3.1267636
12.102747
2.7457669
4.4663854
2.1230924
6.0138736
2.9455218
8.88087
4.213473
1.9090722
3.9115913
1.2136725
3.764229
10.214724
2.410514
3.8103871
1.53784
5.8961816
8.204716
2.9587522
3.4287322
2.162087
5.8682647
7.5226884
2.3301797
5.3051467
7.8640532
2.9553123
3.9672964
1.5774577
1.838369
0.4396845
3.3313398
1.5920916
4.067422
3.6945336
3.2678561
5.4637794
3.9989672
4.4496026
0.8041354
5.391504
3.0617766
2.6930337
2.6035066
7.752034
2.1728344
0.87182975
2.9257455
0.89192575
4.0308995
3.7134755
7.394712
3.369618
4.902726
2.3118362
5.0758066
18.76589
2.023902
2.7714865
0.33666548
4.1652637
1.4713649
4.815152
1.804446
2.6036186
7.9239264
1.6825465
1.1770853
1.3664457
2.706298
6.3570566
3.3224735
2.3986475
2.569449
2.46214
1.6007165
5.2255034
2.1421294
2.3513012
2.1690469
4.9533234
3.1141298
3.8123703
4.225377
6.362843
2.1499913
5.815583
5.490625
3.1977851
2.517031
3.4868755
5.642123
5.4266496
2.6805105
5.1574445
10.92231
4.784907
1.3976487
7.4169655
1.8240203
2.6974826
10.603725
1.7708023
6.347869
4.602062
3.0059547
2.4102945
1.5810002
6.684567
5.660754
3.1023486
4.140053
3.0427864
8.406377
4.7432084
2.0726838
3.103312
2.317281
0.84423816
1.444322
1.4624984
10.187901
2.7721157
2.939242
2.2639394
0.12642045
6.470161
4.0963235
3.0780632
0.5530041
0.7665065
4.7024975
5.2346354
4.29522
5.049144
4.146382
1.4990628
1.8951097
1.4198054
2.7634876
1.1055117
3.3896158
2.4040852
4.3508716
2.792953
9.185958
3.09587
1.947835
2.775215
6.6258073
3.2227194
9.231542
7.3622136
2.5554914
11.14688
1.762174
2.672792
5.0509877
1.7374955
1.1341696
0.70163494
8.577357
2.6278634
1.759185
6.462514
5.1175137
1.2086555
2.1927989
3.10289
5.335209
5.418307
6.056242
0.6217102
1.3944404
9.574277
3.38591
1.0133307
1.4091789
1.9601613
3.8714871
5.9398847
11.098443
6.6203732
3.0234158
0.9631676
4.672953
6.15928
0.5727472
2.2003717
2.8035336
4.5885434
3.703812
2.5489523
6.869516
3.8249676
3.8650658
4.42894
6.0111284
0.66040283
1.4765112
3.9785051
3.7690136
2.1751509
0.78585064
4.6473103
2.2300916
7.357038
3.2174485
2.103421
1.668127
3.972112
2.4368138
4.3579845
3.5569377
31.163898
6.5510416
2.782239
4.177645
5.8913903
2.3790472
3.589251
4.8873777
24.058475
1.6514587
2.1097982
6.917697
4.9244366
1.4855725
4.3543887
1.9441087
1.4899721
3.9477618
4.0869994
0.54801714
8.446558
5.956609
6.0992346
3.5371552
2.8288617
2.2598262
2.2584195
4.601711
4.961087
7.2396803
2.9457774
1.8977779
6.2117004
3.1239629
5.059644
2.8069932
2.9196687
7.749439
8.570451
5.8145504
4.8610396
3.4127526
5.096816
7.1167397
13.098167
6.768183
2.1301582
11.191898
5.1450486
4.726974
2.5046575
1.3721008
0.8435437
5.312827
4.4956937
6.702116
7.059612
1.2575747
6.2901726
2.304457
6.082591
3.7987707
3.6155803
1.9689792
4.7434936
1.5917885
4.573537
1.9021219
5.322387
3.3376822
4.656576
6.097089
3.1284199
1.6017944
1.3779838
1.4992709
5.96026
3.273647
3.5150304
4.9576826
2.3417919
0.7956195
1.4965221
4.415545
6.5360193
3.1108284
0.7839031
3.0841134
2.0952792
4.7495875
3.2164967
4.2564554
3.528574
7.5937243
2.8739767
1.7190639
5.364246
5.7466335
1.9690797
3.9088252
3.9066644
3.9821362
4.603913
3.1267624
4.980558
4.9469423
0.7836877
4.2157135
10.666021
1.4741617
3.4314988
0.40470597
3.4590116
9.852138
3.3555179
8.539865
5.367359
0.58729327
2.3192112
1.5832318
6.179647
5.488605
3.5722294
4.444558
5.194832
2.5036356
2.5047483
1.8695168
1.7369896
3.1930466
0.35005516
3.3387835
7.1900206
1.1396441
2.8859706
3.0388176
3.6938074
4.126178
27.55642
2.0261934
8.751153
6.8843303
4.1129107
4.7339525
2.7347445
2.9279783
2.0024202
8.249854
1.0526212
7.9239216
5.005284
6.7311068
0.055170484
3.7235367
2.7898083
1.0834768
4.2441473
2.2295208
12.077801
6.0152164
5.7044616
5.3073273
1.0207437
6.4332886
4.828879
2.8047922
3.4297974
2.3293688
4.57418
7.135266
4.6622176
5.539194
15.162966
4.0783734
0.21705495
2.7331727
4.378864
4.155867
2.735076
0.9734021
9.518396
0.71591145
4.7201056
6.2284217
4.217126
8.080983
6.7192802
4.416437
9.809242
5.1330147
1.0981601
1.7704561
4.8889065
2.9980233
6.4544964
2.250835
1.9611908
0.07565431
12.022264
3.7443905
3.779618
3.0250025
6.483946
1.7618698
0.4028658
8.575714
8.907601
4.5314493
4.81952
5.77268
0.06617921
1.2495524
2.534458
3.1141815
4.144922
2.6268644
0.78515613
5.3202376
5.0832047
5.363967
1.9717243
5.629922
2.7406042
0.13307899
3.0349796
2.8788242
3.9732425
5.415747
2.184388
4.024748
2.548023
0.91869414
4.6074147
6.0966873
6.7572255
2.1317744
0.23456955
6.933907
7.538196
1.5599467
6.007459
7.2029867
3.233838
10.563067
6.0499444
3.8791475
1.2849585
2.6303627
2.1986516
2.9409297
7.3655367
2.215574
2.4217358
3.6344986
1.8487049
3.7079825
21.033491
1.3810134
3.9713552
2.520236
6.173998
1.0567925
1.9469173
1.30338
2.6573524
3.0542192
1.6979166
4.5590415
1.4824233
7.0801086
3.5024745
2.953024
4.588392
5.0711412
8.893661
0.2608905
6.8227386
4.2312717
8.166112
3.387347
6.889051
0.5686731
2.7928603
1.1151376
2.9966872
1.3840468
6.354431
8.301209
5.0355697
2.4062645
5.1755376
4.701746
2.0386114
4.8137655
0.3909782
3.2954803
3.4269817
2.279947
3.1634572
4.629161
2.1453578
5.8875275
4.6671762
2.0884979
5.4460707
0.6172185
1.7464619
5.476973
10.364512
3.3447654
9.215053
4.835034
1.9424026
5.331393
3.0265787
1.3917284
1.4472593
4.7624574
5.4704556
3.0884695
4.668882
0.6367899
1.5592376
7.186433
2.4954312
2.4872782
2.637071
3.5083332
1.9369199
4.931372
1.2816821
5.821505
2.7332969
2.7119522
0.9984106
1.9909278
1.0002068
5.5274878
5.149601
5.921009
1.4722686
3.8470922
3.7764015
6.9134097
6.0539804
3.397049
7.6410146
4.2023926
2.306136
3.4081035
2.0303736
0.81247425
2.131315
4.766328
1.8276644
2.6350772
1.2044054
1.0225382
39.049576
2.7356055
5.3975153
3.7714264
37.440014
1.7238861
2.1396601
2.3173852
2.1971948
5.0699463
5.9849067
9.505605
2.4584231
7.1119432
3.4599993
2.60562
3.141415
5.481648
3.0333652
3.5461276
44.292507
4.5178323
1.3603029
1.8438901
6.2442822
0.27612618
2.2967238
4.709176
2.4038177
2.7855985
3.162713
10.687177
6.602361
2.344247
0.48810446
1.719234
1.7316365
0.25491363
3.956429
5.7792907
7.521132
4.4048376
7.063845
9.148543
1.1053038
3.3661358
7.5617557
2.375215
3.7871933
1.7643263
3.4068785
1.7232007
4.5931425
4.4618917
7.464488
1.646324
2.7057004
2.6898134
7.2246957
1.6731145
0.84263295
4.106125
3.4404163
3.5187187
4.3941374
3.8398447
1.0540606
7.050938
4.578742
2.990914
4.4408193
3.9634316
2.6931221
2.6291983
9.528317
1.6485198
10.578165
4.528519
1.8160009
0.5824379
3.5708008
1.9813036
1.5202808
7.712041
1.5479648
2.2469099
1.0132228
3.9462798
1.0872974
2.0079522
4.1520667
3.7040055
5.4915724
0.57069546
3.4675586
5.78568
2.535803
4.80249
3.7903807
6.536411
5.979372
3.6799655
7.3508015
0.46818432
2.6710274
1.4174856
3.2578874
2.0303633
3.7447944
15.10306
1.2421832
6.8901343
6.0445905
0.9698505
3.8461177
2.3650122
0.6588429
10.265343
1.0849801
3.4988565
1.7508237
1.834488
7.171317
2.801506
4.8276596
2.9677708
1.2979468
5.1778774
4.073421
3.371399
5.3256607
0.85424995
7.1625805
4.9662933
3.2367234
7.0516744
2.2247229
5.1516185
1.7775564
4.5426626
2.854313
0.064278446
1.4297326
7.8637724
69.85578
2.0266852
3.3299294
4.626606
2.3424273
4.8686094
2.2693436
2.7529063
3.366866
0.94002205
1.281317
1.3630139
2.679901
6.0192075
2.095053
6.716951
2.3893454
3.4302106
2.7132142
4.3580723
1.670304
5.150007
2.279881
7.044023
1.5143665
5.139423
7.2905617
2.0338442
1.4804511
5.212671
7.0719976
5.0406456
2.7351532
1.6988755
1.5713354
9.484719
7.335323
7.727222
6.2621493
3.189461
2.650554
1.6381956
5.112483
3.987112
2.9261158
8.822436
5.618283
3.0084693
2.715373
3.9372492
0.76333976
5.883003
3.1307027
2.2816675
3.7658367
1.2944683
7.7441196
6.2608976
3.1178882
2.6439033
4.664203
7.120607
1.4253677
1.9677981
5.452909
1.7788038
6.542025
1.6324811
2.2093737
3.7609172
0.8381908
4.3454375
5.5585203
1.3669873
4.6664925
2.7428005
3.8716586
9.329249
0.33503577
3.7931428
0.4677747
38.67948
18.551886
4.2509956
1.8919876
1.4292227
4.846873
3.483562
4.9213586
3.1934714
1.742629
2.8423045
6.3263927
4.444376
3.1560493
0.80771196
4.4531345
3.316115
5.2902627
4.485139
1.2556586
4.847387
2.4768193
3.241002
1.0719384
4.382521
2.6982272
3.6856318
1.756311
4.8370194
1.6124538
1.7780378
1.2655513
3.2372181
3.1130617
1.1784127
11.906241
0.89265376
6.654517
2.949538
2.1882093
1.2521033
7.583506
3.2057478
2.7006423
1.4514772
6.157535
2.16679
2.6331193
6.2604055
3.4139764
4.8825226
2.2303128
1.531619
6.6567955
2.6812751
6.2738256
2.1211207
4.447538
7.0479755
4.813327
0.31052256
4.365661
7.050045
2.7421775
2.0284314
4.2685165
5.867616
2.5656252
6.428764
3.14703
10.286704
2.4471202
5.1666083
3.264947
3.7228212
2.0491173
4.2798915
4.2834277
4.7372365
3.5549052
8.035991
5.5053115
1.5783097
2.2011528
1.7984475
3.099314
3.1564271
3.4954581
5.268459
2.3710852
4.3706255
5.6474304
11.048733
5.057046
1.722512
9.294476
8.797941
3.9062874
4.8880258
3.6946847
2.842618
6.0333977
2.6500466
5.9237194
3.5386462
7.198075
4.385319
3.9102564
2.179082
5.191026
5.2706866
4.2934628
4.923038
3.110727
1.8187987
6.140231
5.2450004
0.36628127
2.6432357
3.3505628
3.7052445
3.4331863
2.0334952
4.3076544
4.1401424
4.075985
2.3365831
2.3719614
1.9453988
6.0126305
5.0520554
3.8992598
2.531248
0.773006
4.615328
0.48714086
1.5677528
1.5843282
1.9000447
3.1886864
6.085854
4.195067
2.7507105
3.898196
2.2383971
4.0982437
3.2959118
9.410938
9.82168
2.616113
7.4377356
2.7607305
4.9629984
8.024379
1.1495144
4.813195
2.4499385
3.0185509
2.1378603
31.761908
1.9697005
3.5121658
3.9155686
3.8718727
0.6142959
3.8988016
7.124471
6.0659213
3.1653674
3.3970985
6.855839
4.6139483
3.563835
1.6539091
1.3902457
1.0934504
3.3584795
2.9222565
5.753973
5.03713
2.0833917
0.6434862
3.340715
3.5461023
4.0046353
18.919382
0.6058338
1.5053355
7.554465
1.9584026
1.4320858
1.756385
3.4934154
2.5217762
2.3465152
0.7354042
2.7823198
6.518137
3.7652628
1.4768779
4.0230227
3.5571675
2.1682951
5.921491
2.5433447
1.440685
4.3854136
2.1382985
1.2593828
4.074121
3.3401084
3.2437308
4.149376
2.5739155
0.8967518
3.3997233
3.2048085
5.527406
1.9142879
2.2796307
3.4233632
2.591149
1.9973722
3.1364605
9.13573
8.948894
4.5332637
9.681985
2.0976822
0.56522465
1.3574686
4.3079977
2.528162
5.194623
5.7995563
4.902145
0.7655987
3.3933816
2.4836452
9.166804
3.931168
5.897258
3.0350251
6.3177433
1.1980351
6.4519486
8.220035
4.568462
6.4511228
7.681379
5.309757
3.9651172
2.6543233
0.63714814
1.7001358
2.491501
2.6656363
7.606981
2.3963544
2.7800455
3.6829498
5.6665545
2.1956484
0.46945584
1.1428369
4.0122256
4.041166
1.8122023
6.6296573
1.8880513
0.6387068
7.2716846
4.164124
6.0489893
3.696168
2.5967877
3.5224457
3.7944942
3.5709443
4.284183
4.0031157
4.8921585
5.191944
3.2423677
1.2580328
1.6987902
4.6378427
2.2169018
1.3885226
1.858214
5.63793
7.879524
7.7308183
14.462068
2.4470751
0.7465277
1.7967887
5.162775
6.6087365
5.977984
3.3769586
4.8308544
6.214111
4.617061
4.4019337
4.016719
4.931357
2.0486162
3.245331
11.325546
3.6642146
2.9481275
3.5779898
1.884668
1.9578465
4.031456
3.216967
10.834204
2.5647097
3.7281792
3.7277958
6.2827997
1.7318163
2.6845343
6.136414
2.0550156
1.2490889
4.97867
2.2382445
4.653616
7.743391
0.785191
4.492803
3.820144
8.65925
3.1630387
0.3650782
1.4364362
6.0112147
7.0902762
3.3805342
4.0209846
1.2308618
9.562894
3.6193044
4.1352205
5.287623
1.5373652
5.193614
2.458921
3.504835
9.559259
7.147242
4.142756
4.476124
3.3984058
7.938313
5.108008
2.513915
3.6045492
1.4070649
5.372083
6.1405096
4.26553
2.9510002
5.1694937
6.2623286
3.5900583
1.832296
0.8306147
1.2349112
0.495967
4.776981
3.988418
25.57139
5.5845165
4.194525
1.8424044
3.1465852
1.5957408
4.4062767
1.4187983
6.126707
3.9282973
1.4267588
3.1305053
2.0376606
2.4058735
10.470694
1.8143533
3.078321
0.7316211
2.9756203
7.1208067
4.551289
8.830798
4.0989485
2.2662647
5.16863
1.6246936
0.8078818
2.12877
6.4975266
2.1330473
3.7488618
4.3953023
5.067707
1.1684473
1.8033922
4.51571
4.8548703
0.6769093
5.4270935
0.6097939
3.3912861
2.1100588
1.4236009
2.9735563
2.8913648
4.2980666
3.0034997
1.2458766
5.578872
1.4633845
1.9703804
5.2275996
1.632312
2.8230534
7.3813553
6.411716
1.3253622
7.146067
3.9797206
6.5769186
3.3062024
1.6912446
2.9342601
5.6103992
5.8314404
4.9327774
2.8666577
1.5162983
5.9798493
2.121102
3.0645425
7.6558075
2.8795612
2.671313
1.939611
1.0084031
3.205193
2.5897079
3.040547
6.748278
2.9408634
7.6598177
4.9009466
3.212133
5.3174605
4.5150747
3.2838497
3.1973512
4.715759
1.4865236
4.058281
3.1022217
1.8999279
1.3032408
2.8515089
3.0185006
7.488065
3.2882001
2.4149768
1.7495524
3.5441835
2.834366
3.8739417
0.8534877
1.9948142
8.507152
3.3951066
2.474947
3.688559
2.4158993
3.0825462
5.909368
1.2604855
1.465339
7.673592
0.8109884
2.7224576
2.7407622
2.5291102
4.3887115
6.1753173
1.2950914
1.5538567
2.0677366
5.9863553
0.73362565
2.8182807
3.8196197
11.009083
5.962661
2.150112
4.2142606
4.2510686
2.2670226
4.7319384
4.637529
3.0410604
2.861716
1.5460719
23.155245
3.0020213
2.704019
1.0560571
4.290475
0.5958058
2.3936243
8.506638
0.78630376
5.215726
3.2725039
4.1008835
3.4633203
3.6035824
0.111611284
4.8962975
0.7962787
4.2281556
3.1695018
0.53610635
3.8423135
0.9010969
2.2233074
3.6461446
9.569704
6.4867206
2.0658135
23.733562
3.051997
7.7177854
5.5180144
2.2563272
4.0236545
4.085632
3.3228426
4.5391884
0.83709556
1.6856672
1.8254741
4.9651966
3.5636382
3.9027944
0.7448528
6.144015
2.082276
2.9298573
3.9012883
2.8602934
4.71884
2.5435882
2.6157427
4.471046
1.406764
4.8368797
5.0705657
4.283997
3.8209314
9.820954
7.6673093
3.7617862
6.1744604
2.3788812
4.20701
6.8812246
5.11623
0.5305642
4.1655383
3.9033637
3.4193392
5.1024084
3.3813264
2.8237493
1.3132063
6.3857584
4.3468184
4.364065
7.7832184
4.118903
4.89216
1.6836333
4.9938436
1.9080749
1.9216233
2.13533
4.341913
7.140281
8.186985
1.8500592
4.322886
3.2146046
2.0280354
6.428496
4.029573
2.0686886
8.433196
3.6856465
2.311339
2.1493478
3.407172
1.9816641
4.5177
1.4433239
3.7316515
2.9249425
2.3099458
6.449292
2.5165071
15.672169
4.4336867
4.309048
0.8072754
5.455092
6.811637
37.334446
1.6742332
1.3249102
4.449051
1.8507828
7.906983
2.067589
4.5548387
3.132417
4.9035363
4.258197
4.5233245
4.078897
0.96207464
3.6787543
4.876801
1.7518498
4.40363
2.8239608
1.1820185
5.151413
2.8083427
1.5200502
6.302771
5.285491
0.869959
3.549929
5.294607
2.6785638
4.329494
1.3991915
4.219164
8.349632
4.0081983
6.894944
1.6329331
1.909183
3.6670744
0.5902202
1.2508217
1.0723516
3.5314004
2.4775894
7.8489814
1.0581815
0.5077302
1.6554291
4.7783484
4.887957
2.9214268
2.055591
6.362068
8.318129
1.000121
4.5077386
1.0837892
3.6327667
6.9580855
2.2339716
2.9216068
2.0364912
1.9815093
4.835676
3.765994
5.2911167
3.1508343
6.217326
4.081953
3.5537915
7.533503
3.2476232
4.6950154
2.567209
1.1184447
9.716863
2.161694
3.427788
1.6664732
6.851978
4.7300735
0.9454325
4.143853
3.1421752
2.764613
3.9846735
2.4102395
2.6614301
3.3412857
0.6610461
3.9148364
3.5073087
2.958126
5.30484
2.2265801
4.4471097
2.1490455
2.4426026
3.6636612
3.8198497
1.4642497
4.648121
3.6354635
3.081867
3.2880032
4.6210275
4.3693633
2.627461
4.203035
3.5355823
5.105423
38.833878
1.8270909
5.824913
8.265012
1.5225849
6.672013
1.570887
2.4742053
5.507023
2.0017123
1.0402281
5.627213
10.444065
3.7557743
1.5982897
5.389577
3.3871498
5.855456
3.6752205
0.7622854
8.987376
2.8277066
2.1795595
2.2364461
4.8646607
4.9872026
3.3573954
1.9179622
3.2484908
1.4971273
2.9483473
2.337739
2.3017879
2.087333
3.2359443
12.10608
3.582659
2.7277582
3.6662414
6.5488133
3.7399771
2.9130511
2.9962285
5.478967
3.4163368
3.1316276
5.6343617
2.5783725
4.4303265
5.3949776
1.1146845
7.360309
6.031197
1.3055027
1.3455353
6.3080726
1.2788773
3.3657353
1.6421366
2.9515777
9.348934
4.81153
5.504391
2.2417388
2.239897
4.2226315
4.7499924
2.3942475
1.6054722
3.5807905
3.5229206
5.574547
1.1142023
0.6483345
0.43476057
6.4939566
3.857862
6.6560473
5.8272095
2.683719
7.816336
3.0808487
3.621597
3.8997164
3.759487
7.591669
4.3628645
2.6680493
4.4373136
4.693494
16.34247
5.8320785
4.31922
4.0591
4.484253
2.515703
0.14640063
1.6998471
1.7105201
7.074782
3.8321702
2.9749122
3.68079
2.51651
8.401107
1.098269
4.034737
2.1314335
1.9996866
2.714342
8.035701
3.7061062
3.4654453
4.556569
8.338352
1.6552742
1.524081
0.30933857
1.2246983
2.9315755
2.1595323
7.3211513
5.1029177
2.532449
2.7884092
7.789517
2.7648604
1.1865729
0.60331815
4.6667953
1.0300976
13.2823515
3.166084
3.0004542
2.579825
2.5969274
3.3737795
2.9901807
2.7400968
2.8541324
1.7710567
5.82956
7.8898616
1.702399
4.0224457
0.5530795
3.574127
11.031454
0.34908873
2.6775405
2.5605505
2.1077418
2.524842
6.2457266
1.6995642
1.7466884
5.1664786
4.1328053
2.5589783
14.337164
3.3806226
4.5759325
2.573527
3.3167174
11.12814
1.1786613
7.0485406
5.3529954
3.2344658
1.295675
4.3267765
6.1465516
2.296018
0.85357827
2.5830035
4.7973876
5.5580544
2.9254866
5.9314394
3.7098866
1.7431717
2.3686807
2.5847633
3.4226274
1.9182022
18.655767
2.7053216
4.146259
1.7379863
5.3685455
1.4206439
4.0378165
1.8113452
0.91172177
4.710039
0.5174046
1.370644
8.381341
6.749444
2.5054579
6.0592732
4.0292053
4.6870046
3.497689
4.077861
5.910083
1.7034978
1.7598826
2.437834
1.0909907
3.189984
0.9294049
3.2914333
15.305411
3.1949935
2.5346215
0.7037483
5.1326
3.5995598
4.025549
1.246493
1.3979559
8.796289
1.6677155
1.0590801
2.1642592
2.9372504
4.2565866
4.760678
5.4729595
7.723067
4.865559
4.378967
3.3338
3.1267245
9.435505
1.4184594
6.402685
1.783416
2.640347
6.5201797
7.5550246
2.5641203
3.1311154
3.5902913
3.916376
4.052982
2.2526305
4.2001057
1.5374228
4.405849
1.9122776
2.0180109
4.4373746
2.179554
5.9131856
5.1802177
5.5622015
6.6656566
2.091136
7.9482875
3.6643753
1.2933683
4.4677644
2.0672705
7.6020412
2.5906188
4.6064024
7.0589557
5.847327
4.0303073
2.3711658
4.656358
5.4626703
7.993156
5.2455335
4.240883
5.159046
5.334743
3.5210707
3.1626575
3.563218
8.192149
3.3654218
6.329358
1.9879063
1.9190047
1.0344225
6.4983654
2.191638
4.7770658
3.2983196
1.719463
9.050351
4.712773
10.002918
1.3553216
4.2549
1.084504
5.800244
2.7333052
2.2544427
6.157792
4.028316
1.804037
5.0682917
1.259366
0.49074325
1.46933
1.9937906
2.3877442
2.0680163
2.4068909
10.637132
0.99703306
4.7118163
4.584436
7.1705813
3.586839
5.182936
7.2377553
9.577634
3.8922298
7.126906
5.7663555
2.372928
3.360949
3.2985709
3.2053964
5.82472
3.4995751
6.542124
2.717283
4.478717
1.4823778
0.8299739
5.5190105
1.6750876
0.44469753
3.323826
4.07503
4.4779673
6.030501
5.1315694
2.7791452
3.3262389
3.0956123
1.8623052
2.1202145
2.1425462
2.7160919
8.598094
2.8130836
3.0502727
2.0259123
2.7208889
0.4434556
1.7550201
7.8455353
2.607551
2.0651867
4.0197053
2.6791465
2.1956315
5.178852
4.0650287
2.5097935
4.674184
4.219217
3.3152606
4.0874424
1.1213661
3.0838742
1.9394757
1.6586692
3.0039482
7.1987286
1.7623925
4.420847
2.0373075
1.8660045
1.8182062
1.4433736
1.4761736
7.2187934
2.4908795
1.6043797
1.5415831
1.0832804
4.9573565
6.007695
2.116538
4.0259166
3.1311984
6.985682
5.2156396
2.884415
2.8924897
1.3920904
3.410071
1.0468073
8.884892
5.2718577
16.03087
3.0631347
0.8809524
2.1354513
1.835964
0.7610698
2.0528982
4.9277573
3.7415137
1.9575562
5.198877
1.3645027
5.9043026
2.5760455
2.036542
3.159728
3.3814569
2.4751503
0.9953146
2.1545205
2.6720252
2.6971004
35.167736
1.1914258
6.205062
1.8611746
58.92209
1.1845015
2.487176
0.8287587
2.00588
2.9993472
6.1554074
3.5811064
4.644335
8.96014
12.43787
2.98151
2.2117813
3.2889833
3.5973701
3.9565976
2.1091723
5.1847258
6.58186
0.83812827
2.5937583
1.249971
1.3976997
4.7945867
0.7857454
8.52414
1.118552
1.6014762
11.624412
1.340302
6.2232413
2.6605797
2.042576
2.3639147
5.0420337
6.3044963
1.9912921
0.6423542
1.1858854
9.450187
7.821237
5.470193
3.872441
4.0121136
3.3647766
4.4188223
4.38707
3.897318
4.808984
3.552385
2.4485157
17.454594
10.405834
3.8145356
2.9706566
1.4714563
1.7447478
0.9540419
1.9547317
4.514898
2.1410496
2.4185388
5.453353
3.7178476
5.600108
7.2107906
3.4309316
3.5185301
5.3511353
3.7890146
1.9619819
4.175448
7.930573
3.696535
5.429118
4.4493484
3.7980394
3.0503058
14.245979
1.9055995
3.1203222
3.051375
5.8954043
2.4561431
2.2716217
5.1765604
4.5408545
1.4822023
3.7835724
5.0564427
1.5592241
1.9928708
1.414969
2.4423864
1.7354594
4.180002
2.3910043
2.0001369
1.7466329
2.5397196
1.0224578
3.4398565
4.486622
5.5603566
0.7428657
1.4144669
1.4877986
5.6868763
2.9983017
0.504896
5.481821
2.2773564
11.437767
1.3170689
6.849851
2.8309839
0.90487766
4.1894855
1.2275746
2.9075837
3.9375772
4.1853576
5.646212
1.9096187
6.4142756
6.7242527
2.0526013
0.979319
2.46659
0.265285
1.2822516
1.9519305
2.9693224
2.291733
2.355501
2.0178216
4.021676
3.6031566
2.2445083
3.5481472
3.3716457
1.7487303
1.4067484
6.0769806
5.1748643
5.376397
9.431761
2.4302433
3.1330426
0.89540064
4.3186784
3.4726186
0.7674752
2.1000888
3.6718538
7.035213
4.348556
5.8833137
6.0537205
5.063394
3.872363
4.1826396
1.9242915
10.499161
2.7355173
9.308158
2.3141835
4.225772
2.973885
1.0791516
2.4481857
1.3365364
2.818318
2.3877723
2.1847582
2.437142
0.04520389
3.324696
2.2956421
2.19762
4.4458084
4.5884857
8.543596
4.4944854
3.3568187
4.545941
5.7863436
1.5269032
0.514025
5.1151757
0.6281148
4.4948397
5.596158
7.834383
8.437325
5.990394
1.8169851
3.0482326
5.622806
0.16427808
9.577207
8.510544
3.3114364
5.6842217
8.183504
1.7082584
3.171409
7.297249
6.626313
2.8195984
3.6442728
2.0352967
0.64510924
8.82048
2.0554104
4.7425237
1.5974121
2.8736818
2.866374
3.726919
3.925488
4.1177244
6.482419
2.9133582
0.39542764
0.877311
3.3317773
3.066326
3.997416
1.2663778
3.3455658
2.45606
1.2497554
1.8497925
1.6607486
4.619691
5.610331
0.42154583
4.4350533
2.9841328
2.2403944
3.2490237
4.457288
0.29341868
4.3404818
2.9774437
5.0701137
4.792885
4.681352
2.538292
1.3207872
7.373335
3.3419666
0.73479027
3.0536952
2.73803
2.0295582
1.839701
2.449648
2.363121
1.9553082
1.2532725
2.3143573
3.0134447
2.356108
1.1260601
0.85506874
1.8945501
1.2307129
2.173048
3.4836693
0.3807667
3.7580676
3.897127
4.7473207
3.8693986
2.6244297
1.9041139
5.0202007
5.391804
10.197862
5.2284045
2.7970812
3.9639616
6.170601
2.251458
2.4764059
9.600753
4.745795
2.7950165
2.8695402
1.3923911
2.8468125
3.6486819
3.8450627
1.4013692
5.542022
5.0796766
4.659179
2.8884668
5.7821674
3.4923587
0.34719297
1.9932926
3.1235404
3.4846709
25.604055
3.2106783
1.0487726
5.680125
4.621168
4.184537
2.9766312
3.2637446
1.279571
4.042914
3.0294435
5.15198
6.913417
2.1126788
3.2326639
3.179988
2.8387887
9.063097
7.66289
6.5536985
1.871117
0.8285624
7.920575
4.6535463
2.2651305
3.7399256
1.2869419
5.8275113
2.469974
6.8192215
4.8570433
4.2404385
7.4368944
2.9916234
9.044018
4.052481
0.95131165
2.8662658
2.9034436
6.644185
2.9123883
39.81133
5.0216923
2.0717525
4.709483
2.4305067
0.16230367
1.3207946
0.9485387
7.053672
8.615043
2.044928
9.741402
1.5724325
2.3097713
2.2765343
1.2707355
2.049335
4.523224
3.6313446
4.1790977
3.6998692
2.9574142
8.270231
2.3645248
0.6562652
2.6868048
1.3827573
3.7137852
4.9256015
1.7888868
2.6472182
4.011046
3.793675
8.921818
4.351646
5.6664004
3.402732
7.860865
2.436141
4.6216598
2.9016237
2.092609
5.7792697
0.6871658
4.147094
5.4188066
8.5879545
4.9607673
1.3229777
6.780155
2.7852097
3.0616899
3.5170326
8.112335
1.6319311
5.5013328
2.3647046
2.295925
2.4368966
3.6757643
2.4496536
4.517665
5.4305096
0.48015642
2.3029778
6.8321104
0.97214603
7.4745154
4.216691
3.1139388
6.309908
6.492621
3.2292256
5.7037907
1.4908806
4.507431
4.9650874
11.509242
1.7748709
1.9329101
2.3198323
1.4067991
4.2900357
2.5291445
5.597443
5.14673
5.5084205
4.2727723
0.05750471
18.412483
8.439744
5.2024045
1.7237134
3.891041
5.24842
2.164993
2.9768302
2.601033
2.6950452
4.424788
5.377914
2.5987737
1.4758402
5.5703063
2.2715545
4.3008447
2.4043686
8.947482
8.845639
5.613381
1.4799286
4.322608
7.009037
4.328399
12.578409
5.407835
0.44468698
0.9109526
8.012409
2.6179981
2.1732628
4.5499406
11.142139
3.3055608
4.041864
3.7219477
8.065059
1.3798206
2.602175
5.613622
4.729176
0.19661298
3.2306044
7.2885704
4.4467993
2.662766
3.4038546
1.8177125
1.6691959
2.657356
6.159137
3.719842
6.3020782
2.531844
4.1443014
2.6022532
8.310207
2.3324027
5.7918553
1.5522023
3.4571874
7.8718276
3.577689
5.7372217
5.2737775
2.0471747
4.098152
1.8396224
3.0244207
1.4135473
6.641323
0.48368952
3.6281793
4.7539277
5.594603
3.7116504
4.961046
8.573334
2.8471873
3.2234046
4.0171385
4.306157
2.7941852
3.7238503
3.2269988
3.9590194
2.931096
7.360991
2.754244
0.81509256
2.075843
2.3825445
6.0183315
5.7767625
11.067068
0.8349323
3.0990002
0.44090822
3.4499068
3.4549098
4.19479
6.050859
3.432069
14.266317
3.6499496
1.6787947
0.50059956
4.331839
3.9891455
2.445168
2.9218705
1.8372313
3.2737312
2.15282
9.846694
9.656732
3.5945604
5.0579877
3.8860822
32.52141
5.8640924
8.718214
3.6089237
3.8781247
8.575291
1.8294638
5.4767404
3.668507
6.981073
1.50588
4.685806
5.801356
4.3260155
2.5857396
5.9980345
4.7982264
1.3910905
3.4062288
6.1121297
4.257596
3.0076716
1.6960086
1.5652679
1.7410319
4.6169457
2.8378031
1.7154813
2.019749
4.0139823
4.834898
2.9557025
2.7241416
3.342216
2.7028801
2.9020002
6.634684
7.0404563
5.9750705
1.0279723
3.2212892
3.8156404
3.6698167
1.3162911
1.1716728
3.093902
0.49962384
4.6660047
1.9362744
4.713927
2.1532524
3.5466192
3.90752
0.92930436
3.3974338
1.2811135
3.9801016
4.9761624
2.7182384
1.938911
5.5137873
4.966084
7.248902
4.699504
2.2544386
2.0811596
1.06262
1.2398443
3.0214272
3.2069378
1.0446852
2.7865968
0.55491567
2.3156936
7.037271
4.855833
5.2970867
3.4956598
1.5989698
1.9489731
1.7768227
4.106498
6.298044
5.405747
3.7294893
2.7172694
2.6922526
2.7392886
1.94399
1.3960788
9.643384
6.4068246
7.573105
4.96543
6.4805694
2.0580509
5.0084605
6.489943
5.432113
6.2543073
1.3130469
7.038623
5.30025
1.0831833
3.6339562
4.296009
2.753874
3.594783
1.2633046
4.1206026
3.7632432
4.170884
2.8830328
4.4706063
2.5845747
1.9224685
4.017395
0.26743767
0.27535918
2.195797
2.0100558
2.547289
2.2352319
5.399954
4.7795296
1.9155867
0.8899136
2.5995622
4.6303086
5.454361
2.9888625
3.3248162
8.383893
0.98131645
1.3335568
3.480279
4.483195
2.0770988
1.3748381
3.2025476
4.5418196
8.194027
0.8874759
1.4485419
4.342065
4.6614957
4.6025825
2.557641
3.6588733
1.7510434
10.994409
4.805484
2.7697759
2.339006
4.7870336
1.0558263
3.3134089
7.2501926
4.047052
1.4300531
3.6644053
2.4454527
4.6300683
2.1376674
5.240371
1.4474838
3.6304264
6.4342113
2.5564976
4.3444057
1.8023666
1.7879347
4.1796026
2.7585115
4.076859
2.181714
1.8834624
1.348339
6.0647707
1.984814
6.363164
6.3811955
4.7828135
4.697148
1.9307783
1.4815031
2.021617
3.3268192
1.8396993
1.591847
3.9671896
11.781749
0.669698
2.6625621
3.8949115
2.6902392
1.0967689
1.8550454
5.1514473
22.013042
8.949696
3.4524508
3.1816478
1.8761905
1.5542226
9.345472
4.0583143
0.33625934
7.838711
2.0970578
8.121973
3.7410233
1.5179689
7.104222
9.850783
3.1014783
1.409815
1.2526326
9.900712
0.7738601
4.0531645
5.639211
4.4981375
0.3059116
5.7082577
0.6617027
5.8439927
2.3644836
1.217783
4.7341204
7.013557
2.0189965
3.005781
2.8286905
3.6666
3.4122412
0.70637673
7.3556705
2.2267818
3.2532156
5.542769
1.4464995
0.8842532
3.6396601
3.4826674
4.2250495
3.6150892
3.924379
5.272713
8.530479
4.0180917
2.2763894
1.9576857
12.3104315
3.6236475
8.403574
0.90568477
1.8124752
4.9475646
6.048553
4.0452375
6.9594584
4.771241
3.5416877
4.170955
4.8982563
6.6886206
2.6113436
1.1953409
5.739836
0.6575047
3.1049573
4.879198
5.984291
2.9486973
1.289772
4.793438
3.3376417
2.8070135
7.237547
5.1960535
3.979707
1.354378
3.2780926
0.5205293
1.8537868
4.1814456
2.8361204
3.0059543
2.2540894
3.5309548
3.2987568
12.178127
2.537486
1.6332414
1.9393084
3.7193346
4.5592875
1.4807429
5.5855246
1.7676296
3.4642386
7.3564672
4.574543
2.1586814
2.921037
2.7886338
1.9706596
4.077992
3.0464249
8.181624
2.3345246
2.7010005
9.527603
5.717683
1.8784667
2.422094
6.0036964
2.5990095
4.2278595
1.4005042
1.5404892
3.3982646
4.364182
3.0835278
3.2025855
4.5408206
3.2092762
9.706846
2.7092667
8.991648
5.9266458
4.7421145
2.5089397
25.231575
1.5436586
5.4819255
4.085699
4.418271
3.6620114
4.2254863
4.095737
26.23462
0.84722966
1.1937656
4.0483327
3.5483575
8.514485
9.349076
5.164704
7.5779014
1.5194715
5.4252663
3.6819844
1.5252416
5.3790245
7.495581
4.4703803
1.7312258
8.360931
4.025352
12.041838
4.8970823
4.2855206
1.5329252
6.88073
4.757102
1.983289
2.5699658
2.0516346
2.4812982
4.196127
7.2550974
2.6249728
1.6048553
10.193705
2.905942
5.0131154
7.5253325
5.9081655
4.8668156
6.576613
1.1189474
1.9539614
6.120644
5.460861
2.4731576
2.142296
2.6028883
2.5842876
5.1863513
3.4204295
2.5111933
6.17145
1.401583
7.339916
3.4556742
5.716696
5.87365
2.6768014
0.4290058
4.609447
5.199249
1.8361657
0.9251707
3.361637
3.465402
2.8095284
1.1840649
8.736741
5.135146
3.5613651
3.791766
8.91512
3.3447537
0.7259803
0.7536411
5.5640163
9.7878685
6.3767915
1.6007141
1.7184219
1.7692653
1.4500312
3.2485433
5.186368
5.97554
6.624232
3.537498
5.5279045
9.013775
1.5423168
4.25967
1.9052674
7.6908665
5.1287913
2.8402596
1.3334596
3.9736934
4.088963
3.3298676
3.0722437
5.229594
6.0021663
3.9271252
4.5020466
6.192089
1.8195648
1.8417629
2.8508387
3.4596162
2.8687096
0.97655576
6.5486536
5.2214766
2.2192862
2.5755346
5.861339
7.544067
2.8384802
11.030611
6.9903693
2.6688278
5.402015
1.1765624
3.7871313
2.2096841
5.4514346
4.095151
2.4533892
4.7961807
1.313608
0.8817023
1.5493113
1.982008
2.0240612
3.2285416
3.373408
6.690117
2.3249083
2.919569
1.8250884
1.9978793
1.3771099
3.9551628
3.254374
11.370384
1.9462589
2.050636
1.9892849
3.5971599
2.961134
7.5102654
2.3827665
2.118807
2.948452
3.1366563
1.2449306
1.9432644
2.8900232
3.9167466
1.9599081
1.0656562
2.395436
5.3315206
1.9394907
8.221692
2.273532
4.1038713
3.3521333
0.63483477
4.6647453
3.8389866
1.3055981
2.930926
6.497419
2.9302514
1.9371526
3.615359
3.0293303
2.6856608
0.6664445
1.0951414
2.7949026
4.397789
3.0894468
4.0659823
5.2245946
2.6173875
4.9387097
8.73514
4.3655615
4.015865
3.3977563
6.159874
2.5599463
1.8905402
3.6994193
2.378262
3.284826
1.7871265
7.0312395
3.6261573
1.1403259
5.3988814
7.4696174
4.8738365
2.1806452
4.1190276
2.119055
2.5734344
0.7385947
3.6831856
6.8066664
2.8029869
6.1215234
2.054078
2.1669002
4.6443925
1.1932408
2.7114844
0.3373549
4.239658
1.098345
2.4528263
1.3178567
10.113175
1.2478106
2.7838833
2.7888343
0.42694494
2.494884
4.1659813
3.3011994
3.8669384
2.359046
0.82138777
3.2298114
1.4488609
4.4505463
4.332791
4.3051972
4.030945
3.3336132
3.4452512
0.27707288
3.9371967
5.673995
5.769428
1.7525092
51.42213
2.2315958
4.0386667
2.3746395
2.8642957
5.2281737
2.5135672
3.2792084
2.6277876
5.2667804
0.6057669
2.764645
2.4810658
7.1537395
1.6307017
2.424093
1.507228
1.7957895
3.6334183
0.8762722
3.4335096
6.0104117
3.3500865
2.2064536
2.3603117
0.49181986
32.970142
6.342536
5.409859
0.52997386
7.4510794
3.0947366
5.916261
5.0660295
5.0734506
1.5381651
3.4765046
1.3848617
2.812487
7.3071904
1.7196919
6.711857
3.0753534
3.1816056
2.6671095
1.5848076
5.7563334
2.092
8.988146
4.519649
6.4535694
2.4761562
1.8638026
26.381418
5.817518
0.18914832
1.7123053
2.2240913
5.0246086
10.307259
4.647844
5.7601695
6.502639
3.1010082
3.4382617
0.99195474
2.570652
3.1417334
1.1416693
1.3919064
2.6593888
4.333462
3.5050619
3.6551259
2.3402526
3.7012272
5.420631
2.6316063
0.91856694
2.2809289
3.209329
3.3356633
2.1890683
6.0123534
3.5946941
3.4176536
0.4410294
1.7547208
3.261196
4.0469384
5.96884
1.9039689
3.6787653
2.5166802
1.3228236
1.6343282
7.347607
3.0050771
1.5976856
1.464178
1.2522012
3.7830846
5.391536
3.6933308
6.380182
7.134683
1.6052976
7.8855486
2.6137946
1.8491925
6.08478
9.666463
3.2873514
1.595882
6.6730456
3.722287
4.5377746
2.3613362
5.2022243
6.7438517
2.2147756
3.424565
4.9338684
7.144593
5.933252
1.0390891
6.8297777
4.464885
2.3397474
4.5018682
1.5789499
2.9815671
3.8229702
3.4106936
3.668238
9.991958
0.95152986
3.8821704
2.8943062
17.503044
11.239859
5.443495
1.8504479
2.1319802
0.6833697
5.398104
6.1477127
3.965079
2.455695
1.7816073
1.5273165
4.17508
3.500429
16.014305
8.221775
2.9087815
2.2818384
3.2221835
2.9603052
6.6311917
3.9312544
5.574576
2.8850625
2.225454
4.188091
8.777465
6.513633
4.835221
11.098123
2.4570513
4.1170483
1.4890485
0.7568518
1.7213935
4.1130314
2.3092556
3.6517196
1.9503963
3.2071397
1.8559546
8.354244
1.7822095
6.9350576
2.7446907
2.7414052
4.609189
1.910664
3.1269712
5.1260786
5.38022
3.4849086
1.375612
3.7931695
4.1369257
2.4666026
7.1733975
4.5654454
3.4825408
2.7751997
1.2652209
2.8056374
2.9423113
0.9854431
2.1159315
0.8367689
0.6694543
0.8423442
1.6972337
5.982499
2.7416716
3.389388
1.9754481
3.2553296
7.5456905
3.5381908
2.5196407
2.0810795
3.97998
4.787439
1.8553866
2.1470149
1.4947343
0.6130353
7.6228
2.7978313
3.9346986
1.7077459
9.709371
5.8667283
0.87814057
2.2069054
3.0357077
5.098218
2.7991154
1.6512225
3.443116
6.134874
5.8266516
3.2510016
1.6928962
5.7693605
2.4070897
4.371124
1.4110609
3.7559443
5.793269
2.9928916
5.407555
1.7243599
1.7096176
1.0953617
2.9812465
3.5578861
3.9268358
0.8752175
1.3141559
1.2324787
1.5655255
2.2013233
3.1404898
0.6526595
13.072917
0.40670672
4.99612
6.235976
5.5668054
2.6864202
4.5989614
8.182018
1.0010511
1.2918398
0.7874021
5.504259
6.7297826
2.7306654
1.8533564
3.453784
0.23468255
2.824286
3.7680974
4.0580673
1.0051664
2.472845
1.9585646
5.671157
8.57277
4.579647
2.2907236
2.787913
1.1980488
6.519846
2.545018
3.114572
1.2888446
4.5572333
2.9917204
3.406559
0.40112376
4.733522
0.6768543
2.1180305
2.2631972
2.2546175
1.6064818
4.0865426
0.5309456
0.625507
2.2583141
3.6313512
3.6194196
2.003987
5.702128
4.2860084
10.543827
2.1988215
1.0888671
1.6827935
4.10664
2.3822927
5.527365
3.8711412
4.2030835
4.9670277
2.7214022
6.217587
1.1323553
2.054712
1.2313708
2.663961
2.5385995
6.3099303
5.5937243
1.6430968
1.9800985
3.8080423
14.902202
2.1364217
1.6774434
1.4553909
1.5525612
3.8366332
5.8820977
1.6429414
2.4432533
3.2409077
0.95244443
6.785913
0.741106
3.9377453
2.4502225
4.8950515
3.0056632
3.9583504
4.711488
1.3137472
0.64273363
4.8203864
0.9785262
3.6225257
16.05596
0.034917686
0.6937153
1.447854
3.765963
2.0598524
2.5657341
1.6821748
2.7265553
3.7508178
5.289121
1.6389228
2.8463526
9.142209
1.4022429
4.619231
4.2725935
4.934279
4.0655384
2.923414
0.52569956
3.0672555
5.127451
2.672191
1.1814795
5.31249
5.2760653
1.7741358
2.9499712
2.948899
2.8829327
0.48476526
5.78562
2.8638995
4.008477
1.19098
1.944254
6.508274
1.9110968
0.5920033
2.933484
1.7887634
2.0630207
10.032616
4.6569247
3.5941951
2.0697603
0.59197617
3.3652706
3.9925792
3.0320742
1.7622356
3.0429137
2.4010372
1.7691873
6.6715283
6.2733793
0.9092426
3.8079674
1.7667488
3.1055522
4.974766
9.8898
3.2537847
6.208191
5.4409547
2.6845143
3.4966764
1.586296
1.2758696
6.4055557
2.5675747
6.3588977
2.5510132
5.718931
3.9878953
1.9643077
0.22872198
10.239951
2.7296422
3.6698437
5.505522
1.6774852
3.2076738
4.366555
4.602211
2.5754302
1.8487996
7.177722
5.352394
2.4295702
10.617209
6.336495
6.7862616
1.9905283
5.5304737
3.401255
5.807305
4.184926
6.2090335
1.0272073
6.180594
12.676464
3.020299
2.9961662
1.5951513
2.4870982
1.8370748
1.401749
2.4172883
2.6922724
1.7716317
0.50180936
4.3351817
0.87890863
5.5906715
2.1568131
2.7563112
2.663354
3.9598644
6.49206
2.7486112
5.4056926
3.04235
3.39787
3.6094213
1.9138355
5.699456
1.5125964
2.0185668
1.7036287
2.8554866
2.843862
3.781411
4.992984
2.729882
6.281366
1.9246203
5.582959
3.428452
1.2654669
2.57557
6.7395372
5.3348627
1.342026
6.621866
6.165416
8.850511
1.6046184
3.650566
1.6775812
2.059844
2.8225641
2.5525136
1.9807135
5.6483583
3.9766839
2.177635
2.8540363
3.1337469
2.0311446
7.04919
3.2759647
7.65524
2.0732162
1.9568238
3.4159636
1.780609
0.24501956
2.480433
5.9142976
5.4299583
5.801904
2.222642
2.5120885
4.8860474
0.89695215
1.7940278
3.7602522
1.4724674
3.8631303
2.1056995
2.7855308
4.5354233
3.1820939
1.1582367
2.3323643
3.8217998
25.702183
4.193844
2.3090732
2.7121577
3.6368933
0.91378474
5.97366
2.4959698
5.402927
2.2813418
1.4097154
4.686923
5.256063
5.377557
1.2484056
4.608153
4.6935735
1.4606735
6.3390303
5.2131486
3.2963486
6.5645385
3.8425689
3.8120828
7.529554
0.6637489
4.6741667
1.4256153
3.0649061
1.5097499
2.222827
11.504444
2.3239353
3.0752585
5.1760244
0.62440187
4.10247
2.9652648
8.651236
2.349473
1.844619
25.34092
6.989102
3.3329282
5.501727
1.7164423
0.6843098
4.947333
0.70168537
22.157022
5.8126802
1.5612246
3.7330139
4.2505484
4.0915756
3.6381974
2.9669418
3.284988
8.0261345
2.71183
4.127545
1.0486608
2.115664
4.447498
1.8224926
2.1445086
3.7040532
2.8778186
7.6807895
2.6551585
4.3832135
3.5065012
3.8066344
2.7180572
3.9364185
2.8763154
3.537108
2.198837
5.075573
2.9574285
3.458368
4.4912143
3.0092146
4.092763
1.8947173
3.636569
4.9667387
1.8548286
3.0539486
1.2511312
2.9254735
6.9461017
1.7297492
8.355411
6.1956177
2.1442404
2.8216448
2.8000278
4.2573514
4.0572705
6.233911
4.0835876
1.9939176
58.99318
1.6385607
4.0824647
2.3952332
1.640417
2.9718153
27.65928
4.6600146
4.2260714
1.5317835
5.333662
3.1317248
1.1067344
3.982335
7.504965
12.709573
1.7844442
2.6919832
3.5895371
2.875998
3.4452827
2.25307
0.8948749
3.2765956
1.7187502
2.2875783
13.488228
0.43443385
2.842813
6.0583153
2.0542743
6.289001
2.5480769
1.614329
6.651433
3.0522537
5.4936395
4.2204742
1.4638026
4.3365965
1.9845765
8.294178
3.8367076
3.0050035
5.549259
2.385801
2.314941
7.318987
1.8173497
5.575429
5.284963
2.5248923
4.71498
7.663285
3.4587326
0.8094232
1.4521166
3.530667
1.1677481
4.7277884
4.3445683
7.0663056
4.2684
2.9104478
2.9710877
3.9223986
1.4210356
5.6349635
3.1091976
2.244102
0.93136626
1.5998323
1.9139049
6.334365
6.721062
1.2434994
1.3685049
9.351661
4.1968226
3.6014903
3.08732
1.3135773
10.775464
0.97726846
2.630583
3.598903
5.1216373
1.7773948
2.653351
3.954656
0.8263107
4.800951
25.190079
0.6861034
3.2449234
1.914578
13.897892
9.166734
3.784471
1.405286
3.8073905
5.230914
2.108965
1.13114
6.1179795
4.3876877
3.8989248
4.962839
2.5054564
1.088473
1.999589
4.938784
2.3208523
4.304874
0.22577828
1.213039
1.3366824
0.31654647
6.1806183
0.13756569
4.6008277
9.628705
6.237404
4.9292164
7.067781
4.432128
4.166889
4.9542274
5.6461835
4.999366
1.783112
4.9458847
3.6572092
4.117228
6.867778
5.5702343
5.989349
6.757052
3.055532
6.3547482
3.0566132
5.073013
7.8078136
8.292342
7.818447
2.2813761
8.880821
2.6483111
25.394793
3.0434754
0.64720523
3.535038
3.3772929
1.2191265
1.5537964
4.092181
8.828123
4.1364117
4.573231
5.206961
4.680155
4.0655527
3.6552258
0.6927803
2.4829357
2.0605214
1.7856448
2.9839227
2.3843062
1.5646888
1.4080807
1.9320197
1.7143799
4.3551373
2.184528
6.273589
7.464263
0.35078475
3.444532
3.325842
3.8687637
3.481852
0.87643933
6.0172105
1.6337411
4.7897587
9.272683
1.6757238
2.345136
3.806287
3.4614062
5.8945107
2.2547307
2.4331124
3.2416415
1.4604061
3.8055604
3.994027
4.9482026
2.6255035
0.77010924
2.6501992
6.8413773
6.515377
8.460608
0.5825458
3.9769552
1.8780843
2.1509745
3.1742558
1.0265931
4.2995806
3.9177144
0.19773796
2.5535617
3.6187747
5.615648
3.420045
3.1806312
5.028739
11.403571
4.083178
3.3916383
10.7757225
3.2495248
3.5760293
3.1661453
2.0227082
11.095613
5.423862
1.2997464
1.655746
0.6718976
1.8593373
2.1377177
2.825452
20.316969
12.636744
7.2347593
5.6952605
5.35825
7.62986
4.9915285
0.11401408
2.0704293
1.0164891
4.018298
2.3897686
7.1137614
1.8033684
5.2016973
2.5728707
8.8177395
2.5332823
6.3967786
1.2808152
5.5383554
2.347307
3.803004
3.1001956
2.9774795
1.1159934
3.32312
4.444937
38.30569
2.5092373
1.808298
4.999767
1.5014707
4.3352094
1.9043738
4.368609
7.234732
2.849415
1.9478357
1.4571208
2.8869822
2.7400577
3.1626408
0.9890614
1.1520612
7.217919
3.1161416
2.7294314
1.079219
2.51419
3.3029575
5.3772607
1.3068507
3.2640662
8.032749
10.790356
4.3740587
2.3651621
9.331782
2.6804328
3.3708463
20.005356
5.779988
7.460521
3.1067717
2.5415092
4.1317363
5.7677
2.6093605
5.1802354
2.5121741
2.5425436
3.1323805
3.7749672
2.9688668
2.3177838
2.5966904
2.395744
9.814294
2.9855728
2.801782
3.1435263
3.8615956
1.6974515
1.3358293
4.0626297
1.6265093
3.3518505
3.8854635
3.009221
2.0035968
2.167353
4.45275
3.535758
4.7229013
3.1999972
3.1091926
3.9822826
10.138602
8.845848
3.5857713
3.0493305
2.404131
7.2655406
7.1416054
9.5748415
5.281002
4.84739
3.292102
3.1214857
1.5260671
2.5159132
0.89764214
3.6454072
2.7161927
5.7355742
1.6110816
6.8503337
5.5971956
4.2983227
4.0531774
1.457854
3.1743033
3.7316206
4.137421
0.88600224
4.4401603
1.4571382
4.6843843
1.3305305
5.774041
6.11351
4.2218614
11.036805
3.232258
2.9877498
3.0009973
8.3721285
2.3394485
7.0079117
5.2173915
1.2799343
1.367215
4.9218917
4.2151647
1.5000528
1.7334635
6.142632
1.7093515
3.6871023
8.95232
2.6067927
2.303821
6.821136
3.76386
2.9632359
5.2522287
1.6040502
6.50483
3.707487
6.0500607
1.9247679
2.000318
18.610083
6.631777
7.930581
0.52974606
3.2075915
4.5313683
10.182445
6.1582694
2.6286826
1.2613037
1.527942
4.070754
9.133631
1.2822093
18.032368
3.4627042
7.4249096
6.8205624
2.8309646
3.459242
2.2893546
4.990687
0.76128805
10.178551
49.357708
2.8475845
9.567807
12.229749
4.501107
1.3563404
2.7267954
1.374113
1.7899837
3.972125
3.091698
2.597488
1.3177745
2.148612
4.36351
6.2126637
2.725105
2.6992874
5.5650287
2.8541877
6.7977786
4.8134327
0.9180241
5.022517
5.0597763
4.141222
3.226375
2.2104743
3.8532348
4.428777
4.8193383
4.372737
2.1743953
3.4146166
0.40275586
1.6778594
2.6065233
5.106462
0.6776385
5.0492954
3.1427014
4.38201
0.98062646
1.723735
2.9545724
3.0933926
3.9699786
3.9460535
1.8942862
2.4192708
9.613904
3.8567224
2.6297786
2.5138733
1.8285135
1.9281305
2.7477987
3.3634608
4.776784
0.19923353
4.4674125
1.9114296
2.1344466
1.917414
2.600014
6.5888534
1.6966201
2.5885658
7.2368894
2.3123853
2.7235274
2.6267264
6.1544805
1.9149666
0.8325483
2.5912285
6.3211584
6.3848605
5.331923
6.723197
4.16225
0.60315716
2.5815065
3.233188
4.3155518
4.967634
5.451723
2.5199385
2.144168
6.5650663
4.953861
11.759585
