1.369639
5.2884474
2.8079906
7.795561
1.8688265
4.526044
1.5993114
1.3552912
0.5001624
5.5525236
1.1010636
2.6637118
4.620444
9.02763
0.7841022
4.219125
6.395421
8.030784
8.58911
1.0707101
6.7649755
4.767581
3.2949748
4.63495
2.3837874
3.3745718
3.5961683
8.236786
0.39601877
10.085134
3.5997484
6.585179
3.7828925
3.95249
2.3416154
4.286726
4.5266576
4.2241797
4.1789083
2.1757407
4.618235
6.217494
3.1794536
2.6256104
2.9694765
3.270706
6.2357726
9.787871
3.0930862
1.640846
1.3807813
3.1703596
9.895632
4.58057
3.7229166
5.1644526
4.083829
6.1528296
1.2913958
0.7026579
2.020586
