2.3405943
1.6113552
3.3463418
2.9386587
2.9859953
1.2032515
2.4159007
1.3149499
3.2732127
2.8032372
7.094054
2.9493287
3.304483
7.316809
2.7635221
5.390753
1.3918513
3.0020275
5.1225386
3.6157017
4.1008058
2.4019864
1.0866895
1.3554093
5.7053485
1.9457313
2.616839
3.833978
0.64487463
2.6447735
1.882562
1.6103193
1.9540479
2.2952108
1.7825266
2.2707682
3.0961742
2.9385304
2.4982786
3.3665588
0.9260914
5.180641
2.1131227
1.1563311
1.1800001
3.936106
4.20818
1.6757387
0.9644577
1.2038213
2.0555153
2.4220302
5.067536
1.9633971
2.302173
2.9069736
1.0291953
0.71936023
1.8958546
7.765583
1.3107497
2.0404043
1.9586653
0.6759772
1.6683812
1.2022287
2.0694363
1.195526
1.0098513
2.740162
1.8431864
0.72876006
1.5669602
2.2946777
6.4645042
3.344876
1.8094938
4.2806234
1.24178
2.8151994
1.8833841
7.212374
2.5942662
2.8778462
2.0664518
0.9552919
2.0269046
1.0864877
4.754384
5.514077
3.546085
1.460535
2.3228672
6.5165515
7.298077
3.9429119
2.1393573
2.8854659
5.2747293
0.566908
2.8100657
1.7052678
1.5758396
1.7376437
1.3172358
1.0713159
3.8885949
3.9865916
3.5650735
0.88369983
1.6040895
3.909025
2.6156194
3.110561
6.354692
12.869807
1.575854
5.8367743
3.3537006
2.4954247
2.2153285
1.4930725
0.97941774
4.4391394
2.6275315
3.2594712
0.42756537
0.13684238
4.687209
1.862052
1.655773
4.9561357
4.6805696
4.2577457
0.9889697
5.061956
1.5105057
3.2345366
3.9513607
1.1232241
2.194509
2.5699053
3.3025057
1.3735139
4.1088367
8.44696
3.6557817
6.1077256
1.3643024
2.8923326
2.6645489
2.9209626
2.128673
1.8811315
2.3458676
5.1686554
4.096218
2.3063898
2.905564
3.404572
0.60088646
0.9816098
1.7888645
3.4041288
2.8968465
4.6317577
3.2018685
3.1444936
1.2581606
2.0099866
4.4012775
3.0995178
2.6346264
2.4656785
3.084369
2.8616617
1.569976
1.9923376
1.4746723
4.5018735
3.591002
2.5987122
2.64011
1.074943
2.7011745
1.15773
6.0738487
2.8205132
53.055737
1.1803674
4.234483
1.7978505
1.3024985
3.0047526
3.1611345
6.8712378
0.7674785
3.530763
3.287156
2.3925424
3.010524
2.001853
1.7864555
2.2289708
6.31819
3.1460357
3.125005
2.737538
2.8885167
2.043652
4.4235816
2.538103
2.1232011
2.9057195
1.5395703
1.1627438
4.8473363
2.3863113
2.496684
1.6185372
2.5477328
5.456882
3.8432536
0.7185572
2.1488295
1.9648784
2.7941875
3.0520875
3.415385
1.3687794
2.9661832
3.735251
3.1194549
3.8876598
1.7599113
1.1246258
3.2160978
3.998847
0.9462908
1.3009653
3.7093449
2.1556828
2.2012017
1.3796282
2.9282653
4.2054133
5.863431
2.3499873
5.286849
3.2406352
3.7004733
1.1593881
2.6705601
0.4393437
2.054986
1.9439042
0.6178697
2.1082416
1.9819869
4.157463
3.5706296
0.56154907
3.3708613
2.6300387
3.2868054
1.5599508
2.77145
4.894498
4.2178183
2.9105022
4.2659225
4.6727924
2.0787854
2.873103
1.664371
3.3202868
1.5356666
1.1733264
0.8780168
1.2793081
1.3896863
3.3205085
3.9708157
2.6374285
3.8046148
1.2163588
1.199208
2.093419
2.7391274
55.2036
3.4338653
2.7772045
3.407508
1.3957618
1.1890053
3.0090983
1.6431395
1.8119466
6.1698666
1.4298103
2.694118
3.6474683
3.6543062
1.0239856
1.8065809
2.234797
5.9873095
2.9391074
0.5859215
3.0732129
3.7494597
5.424925
2.0753267
2.0682905
2.791098
3.5181344
0.7916243
2.441016
1.4183776
0.9695893
2.7804277
2.5978467
1.5262235
2.0422611
2.4346094
2.2982676
3.3853931
0.91795105
3.6390054
2.0691385
3.6639533
2.8528678
0.8977405
1.2487111
2.304933
5.0997596
2.1744354
1.960769
3.9262202
1.1795064
2.5120518
1.2968638
1.4692664
2.0413537
3.1505132
3.5307739
2.4625587
6.42989
1.507163
2.3075316
0.64548385
3.5658991
2.451954
1.6344839
5.5342817
3.3176355
1.43457
1.3460463
2.0454094
4.1518106
2.4397461
1.9868352
0.17864734
2.0997674
2.5558171
2.6663396
2.6241486
3.070528
1.4788535
3.866469
2.535563
2.997366
0.9443023
2.1337278
24.647654
3.9293933
3.8366325
4.287592
0.9103315
0.34475723
1.7957102
5.2589836
8.495904
4.0768986
7.1369677
4.005817
1.6913862
1.7883077
4.7037883
4.0674133
4.5623474
5.758205
4.2671127
3.6052904
1.4677655
1.5127193
1.9764526
3.03378
2.272242
2.1930473
4.3439155
2.3287003
7.8804545
0.9686834
1.7122691
0.36704147
1.8045528
1.2859583
3.3949735
0.8877474
2.280195
1.425663
1.8319294
6.171582
1.709954
5.857859
6.5336423
0.69557685
2.7203937
2.2154822
2.8266895
4.454124
0.55806077
2.4125268
2.0440187
1.3105353
2.4169865
1.1878382
4.0377607
2.2574527
3.4182713
3.6268358
1.3205278
3.5562315
0.8151437
6.0760446
3.307017
0.3317247
2.671814
4.3351364
1.3677301
3.401358
3.1464958
3.8315997
7.858503
2.3935864
3.4804606
1.991766
1.5336725
0.8438611
1.7778494
5.0739
1.9018058
2.7700286
1.515316
1.1784952
3.4796877
1.011996
3.9339979
3.2318578
3.2778018
5.3230925
1.6993129
2.4695504
1.8321317
2.3984137
2.2001448
1.7533418
4.6787753
0.8861856
1.2804333
1.3800796
0.51993334
0.73597527
1.7993339
1.0172453
0.9486362
1.6695913
2.596607
2.987545
1.6777654
2.1913986
1.5901333
1.9155378
2.0929852
1.8144906
2.533319
0.71721387
2.3867462
7.4639087
2.3468356
3.6066084
1.0144384
1.0911673
3.4042218
0.82457453
2.0562427
1.6025982
4.589731
3.3486514
2.5143416
1.0577518
3.2489383
0.4584836
1.5741526
2.0987883
4.1536875
2.7171993
2.035694
1.6201397
6.5075316
2.5663655
2.482305
3.7916217
3.36982
1.6048772
5.2784967
1.9916103
5.4845443
1.444713
2.8806548
2.1301103
1.0003077
3.4056861
4.157563
1.67902
2.9915664
3.4987593
1.2364743
0.71905714
3.1310604
4.0810986
3.9021573
1.6486082
1.2126746
2.0861769
0.7235407
2.5209162
3.3826382
1.0485864
1.9444395
1.9670125
1.2158468
1.1479425
3.5324104
2.6979089
2.880883
1.472257
1.5576922
6.1520233
2.869117
4.386334
10.225073
3.5636914
1.9796083
4.027308
1.2406722
1.8912094
3.256301
1.2204324
2.3839645
3.5136523
1.3808088
2.5351408
2.584337
1.7221084
0.9218293
3.7946746
1.2084699
14.951889
2.9771497
3.7459087
2.2434895
3.76107
1.2472703
1.8614936
1.4621463
1.8795704
1.9696014
1.2961768
6.348772
1.2458502
1.8818946
14.485284
2.7309182
2.0017767
1.5506508
0.9148326
6.0301843
3.5698838
1.594486
5.8725953
3.1746595
2.0603893
2.116427
1.990312
1.896318
2.5870352
2.7728443
3.4569948
3.1859102
5.1319566
0.6403469
3.4008512
0.4723473
1.237347
2.6881933
3.5599973
2.520535
1.7837039
1.7216073
3.4815397
3.1512377
2.8465116
4.3268876
2.0913064
1.0248666
4.2984147
1.6993178
1.168781
2.7078226
5.497303
3.2260852
0.9202169
1.2964514
1.4355559
5.198765
3.821999
4.327735
1.8794898
4.722333
1.2832828
0.8495102
2.5257483
0.90027976
3.4074469
2.6078959
1.6750795
1.3376803
2.3901227
4.152147
2.0331717
3.3586903
1.3133942
0.4130618
4.9040465
3.8555758
3.476172
1.5889544
4.910741
5.1412067
6.7204895
1.6142467
1.3496006
1.2297095
4.2888665
3.2104745
2.5767064
1.9303682
3.3591835
3.7875943
2.391823
0.7631994
2.4954817
0.63104564
1.8709576
1.6337788
3.3398666
1.3717517
1.6526476
1.9245702
5.3832126
1.8606805
3.0548751
2.4833374
3.2147956
7.4818535
2.3990695
1.2038012
1.5516554
1.9116734
1.7670822
4.00392
0.84787834
2.7921643
3.3627267
2.2278147
1.7832203
4.376173
3.2568703
1.8985734
1.7493092
4.6008315
1.5278789
1.3501391
3.1286979
3.5404627
4.2906866
1.4300559
5.386613
0.9222655
1.9876163
2.1219327
3.7634733
1.4022462
2.2827668
4.031655
3.059274
3.2661474
2.3255534
0.99602944
1.7498759
3.298098
2.710383
2.1236753
2.3322282
2.0472863
2.5943918
2.7383318
1.3477129
3.3911998
0.33652577
2.375921
2.6297817
3.273465
4.5539126
3.1048434
1.2292705
2.0891423
1.328871
0.577143
3.5596728
0.9725807
1.0125066
4.1362085
4.9203653
0.2566369
3.9818401
1.7272295
4.7272983
2.9500194
1.1921417
1.5603366
5.823943
4.6966405
3.8434403
1.2402673
1.6467894
2.7422068
1.7810645
3.9414868
1.8925424
3.9573383
1.4071201
6.6271796
3.3895404
2.5986586
5.6217413
2.427146
2.25851
1.1192839
4.0487504
3.6096816
1.662637
2.9086647
0.71674293
2.5276597
1.8050228
1.4899638
1.4123137
0.9302805
7.215596
5.73038
2.5899124
5.8995285
2.9100947
1.5328948
2.0452433
2.1974487
1.296112
4.8275304
4.349478
16.831383
5.585132
6.420227
2.7610602
3.1138916
2.3436425
3.557767
2.190355
1.335974
3.9946642
2.5207937
1.2950457
0.9791422
1.9244564
2.4846785
2.7259984
2.4774582
1.2621288
2.50466
3.1997643
3.5270112
4.524351
1.0988818
2.310943
1.5335424
2.0864341
2.0417964
4.0866003
1.9411695
0.4067874
3.9853942
2.0748198
2.6828036
2.3391793
2.9538593
6.2807183
3.7310057
3.058039
1.4054637
2.4339974
4.5952425
1.1109823
2.3774517
3.7127798
3.0771978
4.524763
0.5469891
1.7955763
1.5059335
7.3346233
1.8323443
0.9539695
2.192158
1.4190829
1.2696704
1.1806288
2.083371
5.180086
1.996897
3.0777187
1.1007898
1.7218574
3.4407296
4.1627297
5.960152
3.2147229
6.301863
2.410517
1.1897924
2.0662463
1.6279837
1.6164659
3.918505
5.4304805
0.45089912
2.1496928
2.9517846
1.146302
4.857558
1.657854
2.362581
1.969736
2.9878085
1.6812851
1.904456
4.9882674
2.255052
0.76575613
5.8099775
1.3280056
1.0306296
0.89391696
0.46426022
1.4153595
1.3788477
2.5008624
0.6197281
3.0580595
2.2198012
3.656987
2.5625095
3.780805
0.9002251
6.299442
2.2308156
1.4748585
1.5870218
3.0291662
2.1846423
3.5667691
0.87580377
1.6989727
3.5374343
7.9337916
7.189376
4.0257006
1.8795984
1.5387297
0.92582965
1.482103
2.3163235
1.5000192
1.2739569
1.360607
4.2602553
1.5637375
3.033933
2.8192267
1.5909193
2.8229008
6.005617
3.5369399
3.7964067
13.698683
3.8991172
5.247161
2.0003147
3.3098366
2.5843558
2.2453542
2.9763
1.8317808
1.1455426
2.865497
1.9331651
2.2279844
0.7531793
2.5106227
1.5950128
1.3946396
1.9216683
2.758801
2.8520854
2.2313676
1.7606175
0.80622995
2.6128297
1.9608599
1.9263792
2.7684944
4.5034847
1.4137357
1.4707043
3.107909
1.5458484
1.9754478
1.2047406
2.8444486
2.5849254
1.1045041
0.37424627
1.8233639
2.256826
1.4974496
3.4686801
4.622531
1.8365926
3.398051
0.6974676
1.9155135
1.8549529
1.6832279
3.9488273
0.24227804
5.3574195
2.1141593
1.0592926
2.0581543
1.3331064
2.2328334
3.0857813
1.8055501
3.6488183
2.0457735
1.4981457
7.6059065
4.316702
3.8257565
2.69947
0.76426464
1.2954662
2.0776172
1.7912253
2.5868514
1.7370374
3.2255838
2.4165335
0.7391936
2.5707817
3.9427302
4.3367147
0.45366216
1.2483524
1.6475643
3.1084414
2.0942595
2.4618223
2.0542428
1.7505887
3.1529377
2.6622016
2.2529936
4.844877
3.8745217
2.8417192
1.0218533
2.2066042
2.489367
4.019544
3.9411123
3.9449646
1.3788321
1.4031988
0.3257658
1.0939846
2.1576838
6.007619
1.3736564
3.6554472
1.3532157
3.0220304
4.6471367
1.2584466
1.0603762
1.7887698
3.5742517
3.4656575
1.0987352
4.6329975
0.7560496
3.2542498
2.1605551
1.500773
5.9714575
1.617281
1.670384
3.3830967
1.8008289
2.382724
1.8885452
0.6374176
1.6342276
1.1017019
6.349612
0.91269064
0.30094376
2.3724604
2.83131
3.9128804
1.8152051
1.0051879
3.1998117
0.4577551
1.7311578
8.51425
19.966043
2.3432379
4.806651
4.349393
3.1350715
2.3503227
3.5963032
2.6780026
2.2280772
2.1998787
1.1168095
3.0756993
0.63584226
3.7793057
6.5475454
1.2468061
2.5991743
1.5561312
3.807999
2.8160353
1.8310606
1.6436361
0.78999394
1.4576669
2.3812733
5.644575
1.13756
1.4486847
1.8673487
4.790604
4.261852
2.8187804
3.6642056
3.8493583
1.5965285
1.4084234
2.4445162
3.7384632
1.4808532
0.048179235
0.6563072
1.2339685
1.2087736
3.9329572
2.6445806
4.6870136
0.98643404
3.4261878
2.6267395
2.3363612
1.7270122
3.2747536
1.190859
23.680037
2.101708
3.8422003
6.0873494
4.8240333
1.6488642
6.611355
3.8613126
3.607399
2.1105263
4.0284595
3.082487
7.062536
1.1289291
0.6871333
4.704107
3.098168
3.0488079
4.157459
2.6684968
6.0672817
2.4378731
1.5580415
4.7286844
1.7111795
0.8048456
6.9267344
1.4871536
1.441321
0.46467248
1.0218844
3.134624
3.5157957
3.5903494
0.8596747
6.21682
2.8775008
7.131378
1.9826525
1.6883762
2.1081467
4.3261333
1.514074
1.3387146
3.7705705
1.0003494
22.368687
1.6340257
1.8992242
1.0980014
4.41429
2.8536282
3.4181077
0.5749012
0.643349
0.97845984
4.7340956
0.5683239
2.1429203
1.2291002
6.215192
4.689857
1.4151342
1.5974405
6.37172
3.1232955
1.5280873
4.2419276
2.2041688
1.7252995
1.4323481
2.0397134
2.5808814
1.8759242
2.7501252
0.8099333
1.6269752
3.294441
5.208517
3.4592173
0.9279052
2.558309
0.603303
5.5926642
1.1005458
0.7983327
3.0941203
0.7452508
4.439851
1.4774977
2.3449702
2.6993864
5.7425823
0.41787198
5.2267194
2.6575809
3.162613
2.6942923
1.3094884
5.4023643
3.6972053
1.0265601
1.4956836
0.7532061
1.6004419
2.285273
0.82026166
1.9486805
7.4879556
5.113434
2.1171544
2.2182758
2.310174
3.2789617
4.35965
1.8026887
7.167795
2.0449004
2.9338984
0.80561364
4.328127
1.7174659
1.0718212
1.728378
2.9222488
1.6369635
4.1819224
2.5704153
2.0309691
0.6879186
2.4017467
3.9152584
12.189941
1.4658904
2.6350498
0.80447114
4.050127
7.966892
7.061104
3.538876
1.0724742
2.7294292
5.9191675
2.7047865
2.3837094
5.0909715
0.88384223
1.2334858
1.486752
0.89415056
1.6607778
9.907168
5.572777
3.3477457
2.3733745
3.1881604
4.6626844
5.1511307
1.6073358
2.5840504
9.627353
1.3079394
1.4053875
1.4686675
1.4657772
3.7718287
2.161037
4.42516
0.71703124
1.3152915
3.836215
4.9963555
3.1406064
3.801392
4.514845
0.614819
3.5849633
1.7413149
0.6153637
14.254626
2.6155355
2.6071942
0.6223621
1.7319808
1.633952
2.7043786
1.5374492
2.2024763
0.290042
3.5108862
4.5559096
1.528958
1.7078959
1.3933172
3.2340991
2.0517488
2.4102545
2.1176336
0.6866988
1.8442936
1.9375721
2.5715396
6.137941
0.48942876
1.1329714
1.0840213
1.4713299
1.2381545
1.8245922
4.276779
7.15237
6.9706545
1.7373261
1.3334851
0.80015707
3.070162
5.690022
4.1132154
1.6965245
2.746292
3.0693946
1.7416656
1.9846275
2.3247552
2.641501
1.7601053
3.2674587
7.0373087
0.9114404
5.12347
6.603691
2.7742016
4.9953666
1.6580254
8.784797
3.8604393
1.9931704
1.2551711
2.8909307
1.3100644
2.6763964
7.8990455
1.1739082
3.9488118
1.8968589
1.5016776
3.1552823
2.3544555
4.656742
1.2024531
4.4911036
1.3273937
5.8822446
1.1697348
2.1288931
0.7434964
2.8050213
5.7426457
3.8360415
1.8784732
1.3571509
1.208643
7.7602396
1.1738666
5.795664
3.3144958
1.6543659
9.514403
1.1679871
0.99827623
0.59821725
0.55296576
3.1088967
1.9695662
4.918964
3.6511693
1.09009
2.9901922
2.306376
1.2082001
2.3887627
2.2311587
6.596771
2.5024583
1.9859328
1.337685
3.074125
2.2290645
4.566152
8.091884
1.7358148
3.2264643
1.7910811
2.7689478
2.6724014
1.8543711
1.0350013
2.9841578
3.8514433
4.349607
0.95515823
2.6244795
5.4486265
1.936873
1.606678
2.5912373
0.43978986
2.906633
2.1859846
1.934026
3.8929
2.3763766
1.7491142
5.133326
2.8767307
3.3698738
2.9376678
3.1703174
4.7413774
5.27546
4.3455615
5.136366
5.344825
2.6802204
0.8919796
5.780584
2.5354047
2.6946735
5.906712
4.045466
3.642887
1.5361562
0.8130473
1.0603039
1.1205345
1.7561775
0.8818038
1.5701951
1.3517463
1.2720302
2.5246382
1.3697425
2.577423
1.4561107
1.5753684
2.526585
2.3628397
0.9690921
2.625397
2.7127883
1.3432927
1.2586095
3.2120957
1.6957378
1.6980401
1.2661513
1.0246371
1.1722593
3.1980128
0.98994046
3.9225974
2.780656
3.1940088
4.126793
2.30293
2.3350239
4.661686
1.745617
2.0257363
3.254386
2.472555
2.1524448
1.1283762
4.1250405
2.8244755
4.4946585
1.9157056
1.7079924
3.6421828
1.7871252
2.726937
2.5213454
2.1235745
3.400083
3.130438
3.7573533
1.5070363
1.458705
0.368119
0.7358108
3.5451167
1.4823167
3.7576072
2.7806036
2.1602511
1.5801083
1.701537
2.9356813
2.2883687
1.0529636
2.7320282
1.2384989
2.0817075
3.3658266
1.2415222
1.6999726
4.193515
0.662275
2.2431912
2.9534142
2.1238306
3.883858
2.4028728
1.3812052
4.393246
2.1053627
4.2480187
1.6769675
2.493508
5.5698376
6.018878
2.7717314
1.3983331
3.1556633
1.0863591
2.6950147
5.6534534
3.099955
2.0590565
2.1302912
1.3853543
4.6042433
3.999383
3.3687701
2.9113967
2.2335546
4.261447
1.7799705
4.190368
1.9894229
0.9694388
2.178336
1.8623024
2.5979497
2.9556544
2.0705512
1.6817094
4.4934325
0.88910997
1.7886688
3.8030133
1.0956515
4.362285
1.883086
2.1712823
2.4566941
0.09893177
1.7533698
2.617003
2.5050616
0.9919506
2.716356
3.16701
1.0123897
1.2118582
4.0606623
0.85700893
1.7073845
1.4255921
1.2123624
2.0379188
3.6337469
3.1883757
2.8772743
5.1736894
3.1347935
2.0290432
1.7027127
5.069549
1.5691798
1.4072307
1.9252719
0.78489447
2.6738098
1.2414944
5.5266194
0.3794702
2.5328865
3.6073022
1.8481297
2.2328439
3.6388254
3.7391198
4.1193066
1.9555963
6.66672
2.0611699
1.1626587
3.9383445
1.0167487
4.7921176
2.21624
3.4778483
1.2640527
22.860716
3.5548477
1.2599665
3.805232
1.1607015
1.4380059
1.4228649
1.4259852
2.0906467
7.060079
1.2714126
2.401162
2.1576066
1.4227815
3.3549008
1.3200283
4.610244
5.711625
1.7537243
5.020963
0.59866613
6.0913916
5.559803
2.108979
2.814387
6.632884
2.8076112
2.4015882
2.3127494
4.633691
3.4594622
1.5113276
5.517295
0.57690156
2.9570494
4.238745
5.148238
2.0987165
1.5053198
0.47420138
3.4661195
2.9391003
4.5038853
3.7909336
1.5457913
1.0921695
5.323309
1.7343374
3.4531116
2.6645188
1.5125873
6.905987
4.1091447
8.078447
2.5465653
2.781496
4.5252767
3.0671432
2.1077495
2.0768404
1.0045545
2.1119893
1.6585611
2.4105916
1.8035924
6.267355
3.0123837
0.44778782
1.3407297
4.149353
0.8319805
1.4465302
0.88151294
2.3402889
0.9897356
3.0328918
2.0443554
0.5764809
1.628473
1.3385664
4.3195553
2.2373397
0.97102594
1.3128535
2.4676647
1.3338302
0.75878584
9.17199
2.9719234
1.1915449
2.7043226
2.3452632
1.2400464
1.5549812
2.2727625
1.6520933
2.918443
3.6051273
2.696807
4.446457
2.6754653
0.5477482
1.4517041
2.5650983
2.5820727
5.6928306
1.5464259
2.7675214
2.0196757
2.8858557
1.6618193
1.5849272
2.6803765
3.8467965
2.220632
1.8046635
1.0902267
1.586806
2.7005222
2.394738
1.3441657
1.8839384
4.1513596
2.4006336
2.975051
4.288141
2.1169555
3.1230135
3.7478926
2.3220081
1.5443225
1.6821162
1.9195681
1.2792332
0.8012867
2.4222357
3.4179099
2.717236
2.809389
0.88859355
2.239869
2.7498353
1.57686
5.006302
3.2456157
1.2995665
3.8142548
3.589761
1.3459244
1.75682
2.0977485
5.810759
4.0897017
3.208746
1.8721056
4.1327963
2.4519823
1.5986582
1.0808289
2.7957778
3.7724936
2.8895433
3.6745217
3.0403562
1.8651934
2.5515223
0.4384906
2.2128613
3.4230816
1.3362802
4.040747
1.1456815
1.4060117
0.9718793
1.3049276
0.7209762
2.8206413
5.30308
4.72304
1.8058149
2.8566844
5.619113
2.476157
1.5355587
2.6560974
0.41113362
3.0595026
2.733556
2.6715803
2.6373806
3.8685777
2.809951
6.4767423
2.625907
1.1667706
1.0727384
2.7958856
0.860957
2.7351832
5.1213136
2.7579045
2.318961
2.1644747
2.1018465
2.1913686
1.5185318
3.2960095
1.1343651
2.5549707
1.5046333
2.0117958
1.1505488
2.5438273
3.2893097
1.777199
2.1487465
1.7849169
4.424071
1.266726
3.5641584
0.73245
3.4510193
2.1136649
2.6718497
7.941775
1.1265572
3.987052
2.7051728
2.4061892
1.3989908
2.6618156
6.3679533
2.1738899
2.3825827
5.342499
5.07075
4.3271604
1.7235242
4.580767
0.760342
1.4188128
3.8584888
2.9461646
1.2874184
5.1218734
1.6623343
3.334979
1.6874874
2.880623
8.585732
1.6981342
3.01861
3.1520762
2.1452525
3.5156755
3.0085766
3.8918905
2.9012527
0.6024913
1.0714303
4.205124
0.92691785
6.694755
3.0176811
2.9819818
4.0140085
3.4909828
3.2757523
2.0891883
2.3544824
1.784828
10.069223
6.1714334
3.434901
1.437537
4.322726
2.8338947
3.0229673
3.7960496
4.339266
2.7685235
1.4157557
6.1949873
1.4828299
2.6316206
2.6034753
4.585947
2.9926198
1.7239318
6.9832973
4.9989676
1.8662958
3.0711796
2.8041697
0.8267655
2.6436756
2.2245421
1.9272511
0.664473
2.8141217
3.0720525
2.9092922
1.8411936
3.399722
1.1970673
3.1583183
1.5817138
1.3099418
4.8060546
3.133155
3.1450565
1.0445837
1.7909254
1.7844009
5.3746204
2.99623
2.6818712
3.2388859
1.426429
1.2546284
1.718272
1.9306878
0.16371983
1.5053245
1.9231898
2.2342424
4.770093
4.010598
1.7873855
2.031385
4.4838734
1.918411
1.4576503
4.0134606
1.8880192
1.5089827
2.3116827
2.4075906
1.2417047
2.78213
6.3011475
4.928288
4.5739365
1.4696126
0.95585
3.3051212
1.9054434
1.162045
3.1285207
3.4475527
5.677701
5.5682755
3.2418506
1.5979182
2.500252
1.2954739
1.8527628
5.873815
1.140779
2.3410656
3.165037
3.8963156
1.6813525
1.4086752
0.94681805
1.8187641
3.3505473
5.995642
4.520212
1.9086652
2.0974188
3.1471138
1.4426218
1.6621529
0.93588066
5.8849626
4.9457555
0.31562477
2.2283885
1.3456818
6.724817
2.8445845
1.7427053
1.5656332
1.6385055
0.7118196
0.71379584
1.5706251
0.83830726
3.592638
2.4039478
1.7112068
1.722461
6.401419
4.6822157
3.044919
1.7877971
2.0787663
1.1782962
1.0457242
3.0129113
0.46698645
6.312645
1.1239703
0.9918371
2.311467
3.155009
19.744703
1.5872562
1.9451245
6.361536
2.9889026
2.2118628
9.164515
1.7570246
2.3898072
1.1186563
4.992316
0.88542676
2.5809107
1.9718733
3.0520644
4.5396104
2.2743917
2.427536
2.8274646
1.8815895
3.5027277
3.1594124
3.2512672
2.6294932
1.6986989
7.4525485
5.739363
3.2310648
4.575311
1.1823195
1.0141357
3.8816812
2.4554267
9.144557
2.7177572
1.3195335
0.91111755
2.049518
1.34394
2.0797405
2.969885
0.44677293
0.9070042
6.065823
3.0630896
1.6838326
0.54159325
0.95425034
0.16507518
3.6471107
2.657029
1.7361481
4.213015
4.8758354
2.2402384
2.8642223
4.8128157
2.1473475
2.2996035
3.5393033
2.403672
1.6970878
1.4139347
2.1899757
0.45227626
4.8954344
1.1555455
1.5275776
1.5546641
2.1037228
1.8135692
2.347011
2.109697
1.9100945
1.0648358
4.3146787
2.0143428
1.5620826
1.1095258
3.8571656
3.66232
4.531422
4.197922
1.6865684
1.8708968
9.259453
4.284873
4.398231
1.0727179
1.9249756
4.421361
1.0081161
0.72589624
0.98727745
4.965312
1.8043501
2.1451063
0.5631893
2.2048328
2.5842953
1.3119757
2.0817492
3.2973464
1.1013241
4.2905636
2.3661628
1.358695
1.0745648
6.144915
4.320531
0.9191962
3.454486
2.182712
3.780549
0.39372075
3.8950205
6.4514337
1.2711965
2.827198
1.1642625
1.254466
1.7476132
5.918259
1.5100238
10.907948
2.5706
4.7723103
0.99688464
13.210007
0.8808983
2.420834
1.5629209
2.3495312
1.0225431
2.8669686
1.4263499
7.026934
0.9441861
0.77577114
2.3122356
1.8986698
3.024154
4.2945504
1.0717795
3.4984632
5.400014
3.328596
1.3148808
2.3072371
0.87424284
2.59644
1.8742379
2.2125502
2.0067322
1.3855503
2.9420211
3.5189073
2.8973927
0.5653477
1.0920935
2.673825
1.5306895
3.988814
0.52736187
0.8899116
3.365887
2.5409424
0.889282
6.6216063
2.1563954
15.026055
3.5940504
6.094326
3.6094966
0.59845
1.578393
4.119289
4.229401
2.0801885
2.06651
3.823632
1.9297119
3.2093349
1.1653441
6.6321936
3.5784514
1.3429437
1.7685065
1.4876034
0.96782786
2.1272266
4.0590343
3.7419841
3.307808
2.0390868
1.9586828
6.331434
2.821627
1.889495
0.79283965
3.9734025
3.6012654
0.9261368
3.181982
2.4425693
0.57771075
4.1133556
5.536718
3.885262
2.4865386
2.102208
3.323238
4.0622377
3.1327133
1.0378276
1.5609069
8.187358
1.6708736
4.4064903
3.6436396
3.3104777
2.9259222
1.1477919
8.133684
1.5133415
1.0496306
2.6872733
0.9490019
4.4394555
3.0713952
1.5354826
1.7277278
2.449803
0.8904261
0.9588236
4.5591717
1.162784
0.99765384
6.332233
2.7368822
3.0036197
2.9122608
4.599842
2.2153544
1.6816183
4.576461
1.7884767
1.261925
3.9850304
3.9847271
2.966022
2.6446784
7.4245806
0.57270545
2.7596154
11.346103
2.1126723
2.8905
6.975842
1.6607629
1.4220225
3.9442966
1.7427859
2.0307019
1.8018959
2.436418
1.5458739
2.9827847
9.472621
3.074302
3.1126137
3.6950712
1.7304062
2.746221
16.725077
1.9707797
3.883868
5.842679
3.133413
2.3525305
2.123299
1.3488412
0.8923629
2.8950224
1.2717689
3.2764745
3.0315337
4.6210938
2.0318568
0.9995587
5.2909474
2.1638923
3.7674193
2.27571
1.4318277
2.1729445
4.1935635
1.7792945
2.1200886
2.6497564
1.3147924
3.3090408
1.8555175
2.925663
2.1348128
0.79056174
2.4610417
0.5843071
6.967585
1.6511635
2.678218
3.6216085
4.288948
2.2789454
2.7096255
1.6007007
2.2899213
4.1173744
1.765439
2.2868154
7.028107
4.080398
2.9386432
6.7056284
5.6761227
3.336845
5.1341395
1.1295277
3.3122146
1.1061093
1.163795
3.7929766
6.861286
1.1851132
6.5097485
2.955335
3.4660165
2.8533576
4.5253854
2.1589897
2.2950068
0.9391003
2.3459468
1.1724801
4.1313224
3.148772
1.878515
0.5982032
1.0906365
1.9662203
3.7118092
1.6051478
2.4879875
3.1311388
3.0593617
1.6807554
2.0981867
1.1337458
2.9487112
5.287281
3.0282223
1.2983193
3.688156
1.8151789
0.83968085
1.2187015
2.8198206
3.160013
1.4324803
1.1641481
1.1576158
1.4459844
0.74237406
3.4070609
4.478584
3.8163762
5.7860413
2.5101812
3.5748608
2.5343451
0.842136
2.5948048
1.980062
3.5884283
5.8206425
5.339408
1.8171146
5.695151
2.046584
2.0080347
4.36176
1.7580358
2.496964
1.5078094
4.10112
2.621926
6.6962466
2.4951346
1.7134277
1.7870698
3.628984
0.7859731
1.3816588
3.0381093
2.8295717
2.0319793
1.3597853
0.6178439
1.5265037
3.2175817
1.984343
0.7266311
2.4425309
3.6705787
2.4352007
1.7873935
0.99005115
6.0579658
1.2968378
1.6403672
1.5283266
2.4080703
2.744891
1.2229118
6.3659086
0.42442262
3.9958115
4.0284805
0.95966893
4.9839664
2.3230178
7.065558
1.1085011
2.0956132
1.4175668
1.9134389
3.4488025
3.6627593
2.2662337
1.2668374
1.0139405
2.4263687
1.3000687
3.7199526
4.7008677
5.056676
1.2597156
0.5414433
0.89195395
3.9491994
2.2753425
1.600169
0.86733043
1.4220731
2.2715976
3.3476093
2.0234885
2.4965923
3.2183216
7.4011602
2.1116257
3.695126
4.32435
4.3834434
4.3790555
4.0663214
4.91989
2.3232672
1.9802982
3.2283854
3.0773916
1.3806958
4.035916
1.7123408
1.2752653
3.4806895
1.4291263
1.486011
3.8507254
2.0523481
2.7495508
2.583523
2.4526796
3.406059
4.1648936
1.5588402
1.1050334
0.9717405
1.9820918
3.0340512
2.5573816
2.4452996
1.6061668
5.045331
3.9938765
0.9548918
4.6217
0.7578421
3.303793
2.9436529
2.1367404
4.53076
2.2649384
0.7009527
4.3935456
2.329317
2.1260672
1.8815444
1.7025545
2.784654
3.2583592
0.6696047
2.3867621
1.1588886
1.2194675
2.4319677
3.0676358
2.3649786
1.6757166
3.1444159
3.350678
0.9978209
1.6474203
2.0370324
4.75163
3.432427
2.2001421
1.2922556
0.9157869
4.2222977
1.7313205
1.0565778
1.3733975
4.78727
3.0982337
6.5208077
1.197477
4.4905877
2.814077
1.7959763
0.93782777
1.7050678
0.6982364
2.4019816
2.2280953
1.8356562
6.0349236
6.982344
2.6372814
2.2748733
3.763738
4.6661077
3.8748212
6.3210187
2.491835
4.6368513
2.225627
2.5311794
7.6216383
1.902439
0.7540548
3.2995768
0.94147414
5.163767
6.6058173
3.5969143
2.9191685
4.0740113
0.7143841
2.3036792
2.2448485
1.7439392
3.9801567
3.9399703
3.355493
2.9104726
1.1467131
2.6060972
1.9512
1.551876
3.28367
1.7851615
1.6705475
1.3918011
1.9771547
3.0475075
3.229386
9.108866
2.9513009
3.6420276
6.101673
1.843741
2.9018927
0.8574351
4.8017316
3.7027833
4.5892887
2.3805592
1.5850163
1.9436842
1.5681086
0.90130025
2.7417557
0.44921136
4.5834556
1.8038353
0.35002676
4.95842
3.2351437
6.7817373
1.505177
0.96790487
2.0250163
1.658737
3.2117894
3.297574
2.9997385
2.4814467
0.6415203
3.1515412
1.2791789
0.9725842
4.0781565
2.0998604
2.1265397
0.90975296
3.7338252
2.8180654
1.7744374
3.3728945
3.940714
1.3748928
2.3976278
6.2241755
3.045431
2.3355901
2.7375257
2.3031893
4.4193325
2.8052597
1.8688171
5.6161823
0.66292036
4.220448
9.250936
4.1551538
0.52472097
2.6463175
1.1971514
1.5767301
7.9301505
1.9560657
1.174304
1.9607918
5.7726517
3.046066
1.746217
1.5661154
1.8113564
1.3273734
2.4014325
1.828408
0.96687144
3.5846934
4.720384
0.6562968
3.2331202
3.550161
2.8267486
1.0571048
1.5324275
1.8587023
0.72436213
3.439742
1.9201168
2.9618073
6.0154033
4.33796
4.657469
7.477542
2.8941038
1.8165262
2.2576513
3.4433029
0.878853
2.3298447
5.6892724
1.707176
5.7898283
1.9828788
1.9016304
0.984839
2.222381
4.1729054
2.7669601
2.5926676
2.943301
2.415101
7.9239545
1.4748648
3.446255
1.345571
6.5048037
1.4131209
1.6216191
2.0245135
0.85263896
1.0839572
3.9072204
2.6679235
3.423088
2.2399137
7.509333
2.5722177
4.399834
2.879193
1.3605334
3.6315784
3.1616316
3.3752239
3.1249514
2.0039434
0.95107275
2.1261415
2.8078728
6.0865645
1.4993563
3.2271347
2.4764276
1.7777493
0.6190887
4.0180717
1.4517771
1.9426916
4.432406
0.9689649
4.389713
0.97065175
3.8392615
3.37188
3.540556
1.7820019
3.606165
1.9450458
3.0177727
3.115456
5.151875
1.0517296
1.6665674
0.4272482
1.2888747
0.47222
3.9299357
5.148154
1.4209867
1.175806
4.4411035
2.3565378
1.5879234
2.9745095
0.9482273
1.308535
2.4580624
4.53964
3.4620538
1.8833592
2.6718242
3.8207052
2.0628169
3.5820422
3.535001
3.3250134
2.2161942
3.0294478
2.4251282
2.4984717
1.6051357
2.901657
0.23055357
1.2082212
3.809087
4.1320124
2.9903796
5.048294
0.32587603
1.205786
1.6204511
5.48394
1.8525686
4.1598325
0.8501331
2.0741086
5.2845664
6.413924
8.098305
1.6106657
3.5178754
1.6239716
1.6884011
1.8432456
3.334011
2.9196153
1.6529937
1.6945589
11.241523
0.8810323
2.0727034
0.680308
2.445031
1.6257459
1.7212032
0.9946769
0.7833207
1.0793234
3.1665983
1.5459669
2.337257
1.4424005
2.0918245
0.8218645
2.1137972
1.9724224
77.34008
5.834854
0.9539616
5.4030724
3.3077745
0.42943433
3.005547
4.9168525
5.0909815
1.4730395
2.1438024
1.1198561
2.1015427
1.7626485
2.8820136
4.131503
0.89961725
2.4950624
1.4419948
2.9730575
4.238081
3.836638
1.9278101
15.234133
1.1806774
5.6192956
0.90408796
5.8375955
0.89820576
4.492813
2.4322252
3.6779995
4.591977
2.0729368
1.9169683
0.92891496
0.36934522
2.3678806
2.7534833
3.2994478
3.1168597
2.584471
4.215485
0.82728165
4.381747
3.368369
1.5940181
0.84006524
2.1182275
1.2078924
0.1459613
1.0690717
3.4336836
0.9436175
2.011895
3.688425
0.7007785
1.5391557
1.2520403
2.9190452
2.0109236
9.939377
3.4805305
2.2353122
1.4976304
4.2702813
2.7090409
10.65259
1.6664876
0.78643525
2.1492767
2.1930242
0.98860466
4.440639
2.8831086
0.76232
1.7813623
1.6666336
2.1989367
3.3003802
0.8883106
6.425773
2.2886002
4.199647
4.6237125
0.63302344
5.026463
4.898224
0.6284725
3.8982167
1.8912892
0.56789947
1.7570742
1.0190879
4.2310886
3.0885744
2.1704445
2.7044542
2.5215077
1.2382914
9.143703
5.267946
2.333456
2.1207266
4.2945385
1.4800824
3.9156802
0.65787965
0.95936376
2.6527236
5.2394342
3.187152
1.8066121
3.9643002
2.4056365
1.5539904
5.3903685
9.375384
1.7236923
8.045983
4.5171533
0.94969887
2.5715218
2.109493
0.9606159
1.2892712
7.0569854
2.4897287
3.1359444
2.0063164
1.342875
2.7745554
1.4333783
1.2100185
1.0758042
1.977492
2.7749214
2.0592933
2.750888
3.8601973
2.6901243
1.1756444
2.1899269
1.6510514
2.2791736
1.6122895
3.6240256
1.8337662
1.5015599
1.9603475
3.0865333
2.2805758
1.7273504
1.0466003
3.1236453
3.3023736
1.1891868
0.715711
1.9258184
1.969449
1.6045789
3.2354352
0.87211794
2.3030288
0.39233768
3.014601
3.6007292
2.4937127
3.5742388
4.192195
5.908937
2.1269522
2.510403
4.8875647
2.7085128
2.0947073
1.2834512
1.7462555
2.0370812
4.6386404
2.4547944
0.040276032
25.796528
2.3643723
2.2664988
1.6674585
2.6235619
2.7478209
1.2552251
2.151266
2.1004748
3.663669
1.7002252
5.6597843
3.1505535
2.7475896
2.0063107
1.929207
4.856271
0.87378776
4.16097
1.6507318
9.686641
2.3379838
1.781667
1.0294548
4.8203926
0.71600175
3.0859115
2.9420733
2.26573
2.6504507
3.0001159
1.2013954
1.9303917
2.1763227
1.6921962
2.964546
3.0422566
2.8536813
1.4603903
4.6347833
10.971437
3.6458933
1.3490807
3.225179
2.1000133
2.3542137
1.7183876
1.877854
4.4483523
2.044963
0.90065384
2.3938034
2.0395293
1.8120984
2.6914995
0.5843892
0.74411047
1.7175094
10.181551
1.0207369
2.8512273
2.526197
5.095305
3.6363018
1.5804719
3.806721
0.24873413
3.6985588
5.4289145
0.5057919
8.660024
3.3843951
2.113425
0.6531646
3.2347472
1.8925403
1.4719608
0.9208296
3.049834
2.4793448
3.369973
0.55200225
6.071247
2.3693662
0.962707
1.9534117
3.308635
0.30224428
1.5815941
1.43249
4.766845
2.107171
2.0335112
1.7139189
6.4916315
6.2691126
6.198461
1.6431811
2.8923948
0.76911694
1.8619751
3.2758203
3.4965873
2.8843617
4.7448816
0.7445601
4.3978424
2.8557851
4.0676312
3.039145
4.255089
3.3097763
0.795329
5.2032185
1.3852271
2.8653054
0.9679345
5.22084
2.9872453
4.67734
3.8583415
4.058287
2.8461516
2.3158383
3.942924
2.6088095
11.916579
0.9917603
2.2557087
3.1501977
3.3412442
3.333622
1.4014511
3.4630861
6.3628635
4.47043
2.706201
18.77074
3.2806892
5.9995065
1.2987547
2.4310622
1.0841559
2.8458507
1.0829202
5.7379436
1.5217295
2.9013536
1.896343
1.7768457
6.1353707
2.913381
2.2166946
3.8785367
1.6439803
1.4461908
3.1793249
3.1101208
3.9128716
1.527888
6.214006
4.947736
1.8410788
1.3625479
2.3149445
8.706383
3.0171297
2.6717148
1.8446914
3.4873834
2.7823262
2.8341355
1.8935252
4.1073484
2.1504269
2.863981
1.6017947
0.95851195
2.5608802
2.8254385
2.0879903
4.06085
5.398159
3.435916
3.4865685
2.9299896
1.3826436
19.766344
1.8894954
3.091719
3.1350746
2.0827081
1.0768675
1.2973919
1.706379
2.562153
2.6693144
2.4336772
3.3002193
1.251659
1.2111976
2.16701
1.2576734
3.1777956
1.6608553
2.7272935
3.7129085
7.72967
4.121757
1.383411
2.1086705
2.59394
1.4245548
13.403838
3.1650476
2.149633
6.276785
5.9602494
1.1366835
1.2382662
1.7917734
3.1619248
1.2681518
2.8487158
3.0604775
3.3991225
2.5558443
1.716369
2.186388
3.4829996
7.7365294
2.4598584
2.6819255
1.4780041
38.986248
2.8220122
2.8484797
3.9910774
2.9010823
3.8871431
1.257886
3.580107
4.0266647
1.7264473
2.7558105
2.194324
0.77228296
5.908076
2.94137
0.83535224
2.9175575
4.833407
1.4250033
1.2333905
3.342761
5.702266
2.882139
1.175341
2.7892966
0.887937
1.2666713
2.162511
1.5325893
0.9543586
2.1347692
2.369681
1.4601606
4.2449756
5.8140817
1.4843303
4.34092
2.4112093
3.9929895
0.54892796
2.3142211
0.4658016
2.2299702
2.53227
1.3449824
2.9567213
0.85996616
1.5114928
3.1214151
1.2145997
3.6071105
2.0965114
6.23471
2.4635212
1.9175189
1.0857396
1.6133052
3.461216
1.6138537
2.609503
3.9741948
5.4144797
5.499042
3.1541624
1.8714463
5.819363
7.6758537
4.495696
3.571443
1.4658169
2.1636236
3.531783
1.3877845
2.4266737
1.006923
3.4523249
3.1826448
0.69260895
2.1411412
2.565341
1.6794975
1.0347914
3.8075473
3.1229296
2.0326157
3.3912058
2.2507815
2.2278666
2.7781448
3.081626
0.8115104
1.4062588
0.92181176
2.765649
1.730285
4.5819287
3.1683137
1.0768833
2.4001584
1.5720248
4.884303
1.8600336
0.8640048
3.997348
2.04441
3.5698593
3.762217
1.383952
1.7562182
1.2081444
2.177459
1.6825488
0.7318703
2.5841098
7.420096
1.261703
1.9774109
2.1007776
1.9060563
6.293071
2.0594184
2.7242064
1.4244443
0.930565
1.9229624
4.292268
1.0176994
0.80845964
3.1421618
3.9928339
3.955256
3.3396537
2.3127697
2.063672
3.2629478
1.2967306
0.5492404
2.4709988
2.223852
2.8459687
2.6736486
3.4220362
16.461601
1.3326774
2.515257
1.3621854
5.578445
4.0090356
2.2777786
1.3401327
2.380431
1.814468
2.604638
5.76659
1.8754239
0.33167562
3.170938
0.79944295
0.28352576
5.4009356
0.6621172
5.1714754
3.5506394
1.2510529
2.4021268
2.77492
1.6270204
2.2250674
3.352774
0.4104382
1.2223922
3.0659912
0.72965264
4.7240276
1.5332453
4.193852
2.760593
3.7381241
1.3486351
1.2935164
2.4798307
4.287752
5.562202
0.91009647
3.9431348
3.706757
2.9204032
2.140378
2.3666003
5.289585
3.6931083
1.6483502
2.032057
1.9234679
4.2347918
2.529014
1.0390561
4.187342
1.7279634
2.3062198
2.1985507
4.615773
1.2287251
0.34360752
1.3299654
1.0699806
2.0664678
2.2343316
2.8056083
1.2370683
3.053493
16.0267
1.1717166
7.269164
1.4046667
5.0641155
3.9943645
1.5436602
2.93173
3.750999
4.2065816
3.6088061
8.693765
3.5453994
87.136375
2.7659707
0.15177572
0.83225703
2.8786545
1.4096463
4.314668
2.5732434
2.5564265
8.695197
3.419519
1.5362298
2.9504566
2.5967948
2.4011557
0.9336847
2.1739666
1.1663525
1.3823583
4.3437953
3.3689005
5.947598
3.4900756
2.7037878
4.503658
2.218526
2.2907965
2.0110722
2.8589501
2.7854018
1.8695829
1.1950414
3.8093712
4.84098
2.2393787
4.9969487
1.6491759
6.402233
1.6157137
2.1772413
3.4544573
3.7326221
3.3099284
2.0660505
2.9885044
6.438105
4.9748797
2.8009024
0.5171855
1.8485452
14.577571
8.399773
1.7400377
2.799383
4.3991513
3.779006
4.741451
2.2578297
1.2831607
0.761681
1.3819879
4.034642
0.882481
2.3872213
3.9105184
0.20255011
1.2184663
5.3803306
1.2524135
2.7086384
1.7458332
2.7953212
4.127813
2.3363574
2.012997
2.0734766
1.2141997
1.180272
1.974157
3.6207962
2.8087776
2.4648502
2.464045
2.447108
1.4377583
3.4528387
4.3542504
6.20111
1.8496518
8.622976
2.7833426
3.3749444
1.0983155
1.0912596
2.7265408
4.762287
0.8075813
2.1887147
2.585044
4.6218348
1.6407337
2.1528282
2.0595992
3.3290722
1.9542295
1.6304492
3.3707614
3.0786297
4.0346656
3.2052326
3.2051895
2.693218
4.1444635
1.0038853
2.88181
2.4248064
3.1247382
1.0952544
2.3505595
3.7849221
2.5315363
2.1524951
2.3387895
3.2724214
1.0253786
0.9994633
1.1907529
1.4926549
2.7682827
14.0116415
3.466416
2.2484565
2.530922
1.6089247
4.2851033
0.9792052
5.605319
3.0672126
2.076385
3.1326883
6.6529613
1.3372844
2.5315735
2.2727888
2.580073
2.4306624
3.1954775
2.2036557
1.3525693
1.199211
1.3116698
7.95987
1.3727459
2.4193742
3.389767
3.9631395
1.6998394
1.6704435
5.313576
5.0668354
0.76540875
1.3790472
1.3578327
1.7794727
3.1496987
4.118871
3.0088758
3.5359528
3.8985689
3.8524706
0.47744703
0.70311415
3.9829433
2.5351553
1.0967056
5.2028785
1.0200759
1.2200485
3.5759406
2.4957736
3.9275026
1.052124
1.996198
0.8890503
3.8135695
1.4032905
2.2876608
2.7185278
3.671507
8.432624
1.8893425
2.1550448
1.1686164
1.0503922
2.6955504
2.1581933
3.1350532
0.9402838
0.4770692
2.0478504
3.2516212
2.6269965
2.269745
3.5312977
3.7736034
2.4926736
0.57831824
0.45610395
0.527359
1.8592056
3.3718474
2.7960942
3.8871493
5.123676
2.8077161
3.8478718
2.099607
0.49633306
0.658178
2.6525714
1.0608238
2.2831059
1.3619401
1.7317001
1.9811841
2.6026886
3.146942
2.29798
2.090946
3.8919425
2.6130679
1.762609
2.7397788
2.2958405
2.0375931
2.8306417
0.59000796
2.9527164
2.2590778
2.725127
4.6595664
4.3968515
3.9760306
5.636918
1.4385979
2.6286848
1.571958
1.3690432
2.2722483
1.9494592
1.7327782
1.8467693
1.2649394
2.4770434
1.8501885
6.109419
1.7376724
6.151177
1.9293886
4.476618
3.7521472
3.365945
7.3299007
4.185261
2.5771556
3.3485384
2.8394902
1.6569618
2.2880616
3.2100751
0.11484572
3.6130524
0.9445426
4.4566207
1.494183
0.66293484
1.662957
1.7155097
2.999561
1.7116967
3.894275
1.3372511
0.53055054
3.0463421
1.5704112
4.106568
2.090711
2.1047974
8.335162
2.0893097
3.5026207
3.0697765
1.6454943
4.98113
3.0868998
2.9501941
4.6371374
1.8348601
6.498849
4.1853304
1.3188326
2.0824609
1.9554499
1.4834505
1.9760373
3.0285056
0.82635
2.3249505
3.2975047
1.6259464
4.315747
1.3942561
3.6092186
6.1769104
2.1441624
3.2977407
1.5111111
2.2021272
1.6721704
2.9643123
1.7612774
2.1832762
2.4883647
2.2577093
77.42556
2.8386996
2.5883455
2.305103
1.415678
8.672212
2.3886418
1.9943504
2.4037762
3.9004395
2.4223375
1.5080017
4.1520414
6.971331
1.0894176
4.00737
1.9528366
1.3580009
0.83693206
3.040924
1.1808707
3.46747
0.9020032
2.085162
1.496536
3.553546
2.497146
4.215659
3.2649431
2.5997665
0.88589245
1.0499392
2.5798268
2.5448015
3.1456645
4.4804
2.7067635
4.397083
2.0095975
0.31467187
6.1317263
1.6396892
2.4734044
2.14178
8.041786
3.732507
0.81847054
2.3668456
7.4529257
1.9898461
1.049347
0.7018595
0.97589034
2.9192412
1.3026541
3.7283268
5.0517473
1.1978847
2.3862677
2.415669
3.6057072
3.1169777
1.2332889
4.7099104
2.4132776
0.74441594
2.9273243
1.2889955
1.1695802
1.9945134
2.810734
1.3576462
4.1568546
7.026994
4.0316396
4.376231
1.7609609
1.1451519
3.0190568
2.8882637
1.7570657
3.4073176
1.8443595
0.8288017
1.6319618
0.50006896
5.017244
9.283415
3.563599
3.9742968
7.2475467
8.671881
2.7359223
2.4645069
1.2248677
1.2188786
0.856372
1.6553768
2.3032718
1.41413
2.5795953
5.2543974
2.22722
2.55698
1.1776775
1.4787979
1.4456431
1.338484
3.4575756
1.3993094
2.8500106
7.881058
1.7533534
6.279682
1.9954122
2.2053552
1.8135604
2.7859108
0.80375654
1.6544877
3.347435
5.7694106
4.556163
2.1923966
3.134187
3.6376538
1.7474178
2.672899
1.4705676
38.670525
0.78787965
4.8355713
4.7841015
3.6394
1.9461517
2.6082253
0.7697231
1.1926156
3.1039395
2.207815
9.50797
5.5671387
2.8616571
6.47748
1.2850064
3.0998783
2.8305206
8.783979
2.6632366
1.2943066
2.3906145
3.222449
4.863634
4.2686872
1.4987942
2.874315
3.208628
1.3106604
1.0818226
2.2791002
8.334618
1.8778558
3.5117307
4.1120067
0.9826478
4.064878
2.0951648
0.7751064
3.328738
1.098242
5.672481
1.7271082
2.7398138
3.0280674
3.9394252
4.646374
1.6631517
1.2002785
3.0391443
2.5421643
1.3568977
0.8506425
2.3351364
0.71858907
2.7427068
1.9892256
3.4052
3.595638
3.7139707
1.7797666
0.56971854
2.7684863
1.8053668
3.20113
2.971962
3.6928658
0.63522404
1.6848898
4.347747
1.553531
0.9878847
0.61224496
2.7296653
5.0999494
1.7650259
3.6535456
3.8359215
4.9404516
2.1630893
3.3850327
1.7933381
1.5874966
2.354285
3.743987
3.5767117
1.3281575
1.1912179
3.87186
1.2438009
2.7139845
4.6754575
2.2627516
0.49850136
1.6539273
1.0651702
2.5991514
2.6133897
3.217743
1.883352
1.2350525
1.8648973
3.550851
2.4944992
2.103626
2.8218737
6.3033338
0.9030127
2.2895842
5.838988
0.5860939
0.9049269
2.9892914
4.7341747
1.6924052
1.68193
4.4228415
0.2746073
1.7321882
2.8026302
4.6722383
2.3141263
1.5287254
2.9944558
1.6739694
8.817553
2.2035937
2.3509715
2.8086183
4.401578
1.9172167
3.5489151
8.597328
1.6603649
2.1065068
1.2658311
2.933288
3.636121
4.459137
4.9631934
2.0089858
1.579227
0.97655773
0.64915365
3.3064957
1.2339083
4.0772223
1.386149
4.657622
4.6883564
5.220865
6.368566
11.354449
2.2782876
2.1519244
5.3611956
4.936593
3.7280421
2.913593
2.517579
2.3893614
4.423059
2.187848
2.5438695
1.7985035
1.8050755
0.7537926
5.2077565
4.4019713
3.9893916
2.8635273
1.8089627
3.4542305
3.2390904
1.7928307
1.8303132
0.77065235
0.7645055
1.1160097
3.038605
1.0619037
1.1422551
3.389902
0.7532066
5.1383476
2.182463
2.3768938
2.0378466
1.3434829
3.7289972
3.9845195
4.50258
4.454789
0.93437225
2.7898166
8.328721
2.3347197
0.6366974
1.3192717
4.1760316
10.681738
3.2929127
1.0732641
0.37838057
3.4578667
0.626059
1.4784336
2.7182696
1.5631468
2.9097152
1.24104
0.74686605
1.1571066
1.8394463
3.9963903
1.8905935
5.383308
0.9443786
2.088645
2.4656026
2.1539128
2.1193032
4.84047
1.2387002
5.005353
2.9742901
2.4754858
2.0531945
1.8126515
1.0849849
3.3296978
2.2985377
5.362855
1.5479677
4.006082
3.1418433
4.038139
3.194833
4.951225
6.4049487
2.431063
1.4923881
1.3182292
3.2417395
2.6662807
4.740657
0.47005537
5.701083
3.44373
0.405688
2.3540056
2.283837
3.6904297
1.5076143
1.4262483
1.2475817
0.8086659
1.0568254
2.8256264
2.4125528
2.222934
3.229005
1.0790995
5.0124707
1.5522846
1.9976972
3.617354
3.8627656
1.8274405
0.37626904
2.593709
4.428419
2.5316577
1.5135162
4.5898438
3.898312
2.462888
6.336348
6.2896566
9.581207
1.2403733
1.4758601
0.42491004
1.3073902
2.5833836
0.7095499
1.2842481
6.3961387
1.8632644
2.4308655
4.058546
4.50958
2.394455
3.5264034
4.889085
2.581148
3.0744793
3.3305326
1.4916446
1.5204983
2.0122175
4.4432735
3.7323453
1.6207616
2.0131812
0.7321777
4.068552
3.2299893
2.0546625
3.4674554
1.2823589
1.9292566
2.3345222
2.2819915
0.65149295
2.3036845
1.811032
3.2648575
2.610108
3.1816082
1.5522152
5.3557587
0.7560759
4.2227187
8.699771
2.4883575
32.57849
2.5966094
1.039305
1.4404892
2.8681564
4.811306
3.0359526
1.0451164
1.5889264
5.848676
3.4211123
0.76940125
2.9207726
1.262131
2.803429
3.2003582
2.5979202
1.4927627
2.7906337
2.6866157
2.1516955
1.6249925
1.5217245
0.79807913
4.221683
2.4361005
4.79735
3.3297987
5.125149
1.7477562
3.3865848
3.7210553
0.93107384
4.446039
4.245507
1.6374142
1.1693575
0.3780249
4.216136
0.95250905
2.199762
0.48964542
1.6075885
1.0836483
6.1852307
5.787255
2.5099168
1.8140999
1.2281663
1.8945601
2.0599008
2.506722
3.283837
6.1368074
4.2269063
2.1400733
1.3296053
7.32995
2.764838
2.0572858
0.4969809
1.5010977
2.148805
3.8976817
0.91122085
0.7521919
1.7637278
1.7839392
4.3738704
2.696323
1.1709055
0.78581053
1.5872805
2.4331405
1.2247062
0.80889666
3.8073797
3.7409017
1.9886807
2.3524008
0.6843414
4.3265257
4.236013
1.1456465
4.4500356
3.4550424
4.936806
1.2570534
1.6355422
3.7711854
2.2924578
2.7860506
3.6211896
0.9361799
3.835856
1.6976224
3.8674948
3.5341277
1.6124773
1.8096404
7.627315
2.102338
3.4495962
1.3760911
2.4442196
1.6252409
6.224467
1.5906668
3.407149
0.6890064
3.9585574
2.9711576
2.0567048
2.6450107
3.1780496
2.29833
2.4504664
4.779589
1.4979692
0.90938056
2.4892588
2.6011915
2.7335496
0.8572416
5.64738
1.9720465
8.054256
1.0567532
2.9156568
1.6792939
2.8257992
2.4333942
1.7056278
3.5889392
2.1748807
1.9129269
0.4288207
8.624394
2.4550874
2.4957957
3.2489893
4.5446033
1.3299983
3.1660614
4.8873787
1.9773664
1.7275665
2.1219227
1.4514512
5.170156
2.6098747
1.6830251
0.93648887
1.972227
2.6546009
4.106108
3.7501116
2.5840003
1.4988401
0.4011428
4.390195
2.7052143
2.5083055
1.5386261
4.850726
0.94468373
2.1804047
2.7368245
1.5027682
7.134789
0.97606134
1.2456108
3.7309234
2.3707945
5.4003663
1.3853782
1.3864305
1.2610885
3.0855944
2.7066846
1.0361822
4.7074347
2.7536573
2.186422
2.6902523
4.5024514
1.104421
1.7179517
2.094367
4.4872165
2.8300378
4.287769
3.3276486
2.3766766
8.074951
1.6391282
2.9631193
2.2737303
3.3129816
7.7118635
4.93801
2.219147
8.135752
2.8551917
1.0846332
5.0297127
0.9708926
0.079125725
1.9108717
2.6395106
3.5303254
1.0577008
1.1184418
0.692458
1.6294336
1.8085405
1.6775515
3.0327444
2.6322577
0.8740521
4.815384
3.2206175
5.2707934
3.6610124
1.0854095
7.84437
3.8526912
3.240807
5.0440025
2.4059107
3.2875032
1.6075516
1.5079831
3.2827518
3.3047435
1.4133203
1.9815749
1.8202032
2.279404
4.7334313
2.9868164
1.1134008
3.292123
7.916998
8.323831
0.6513051
2.5425067
2.4739816
1.7548304
5.75742
4.6524315
3.7351866
2.459902
6.5952206
0.98040825
2.7379162
3.8867452
2.1707861
2.793591
3.7514277
1.5726272
2.5057812
0.7521667
2.226221
3.3828971
2.5366995
0.70835274
2.694879
4.213244
1.1698672
1.9346441
2.0421984
9.1487665
1.4751456
2.2085238
2.6379771
1.6717954
0.61853814
1.3580489
0.89443433
3.4782875
1.2625592
6.3570476
4.20917
2.0710027
4.676657
4.199096
7.706507
1.974805
5.5735455
2.5726938
1.3025421
3.4817548
3.6918137
2.7025127
1.0189927
3.229422
3.2166786
3.0350475
2.5024061
4.7521977
1.971731
2.5242686
5.657604
5.006555
2.8744316
1.8111601
0.6161823
1.748694
1.951514
3.6287012
1.0933255
6.392991
2.302005
4.7363396
0.5802951
6.3619056
4.321557
2.4197493
1.6033324
2.1622517
0.52727604
2.6041162
4.774651
1.0557598
1.5993202
4.4123864
7.008683
3.3552973
0.9151331
3.2715237
1.6383731
10.676827
2.2861166
5.2141576
3.7281127
1.7907414
0.44247302
2.8733876
2.2505121
2.3557563
0.96164167
0.75714654
1.4102821
0.69860935
7.635259
6.5475845
2.7072303
2.2625864
1.1053871
4.7003136
1.3486074
4.512735
3.033422
4.228117
2.6103284
1.1414044
1.7667791
2.2701266
1.4167886
4.597815
3.9026892
0.81173944
1.1074113
1.5680865
3.9840577
1.6011599
1.6088462
1.2415805
3.391861
3.6108637
1.9378909
0.85900754
8.283616
1.6661751
1.4328113
4.628548
0.6968956
2.262513
5.2055593
1.6524969
2.8679686
1.4655174
3.2662287
2.6892183
1.8466347
1.5916969
4.5091796
4.117592
3.7565475
2.27547
2.0830004
5.0067058
1.1853483
4.6483765
1.1681924
2.1762464
1.0249999
4.3797164
3.4142952
4.5123596
0.8142664
1.5951407
2.127207
2.1291285
3.2375782
1.2465339
8.320427
5.719884
2.9881477
1.8536036
1.17569
6.3457813
0.55103153
9.60777
0.8980072
3.9172022
2.127719
3.4793918
2.053475
2.7455711
2.2562454
3.037613
2.6079104
0.69926065
7.9358835
3.0110533
3.149493
6.104796
1.6526294
2.6022708
5.04468
1.786342
3.5058882
5.6096263
2.7287598
3.3633819
0.7608789
2.735396
2.062523
7.301097
2.8915555
3.0533137
4.67977
2.4758089
3.5267677
1.9423932
12.2239
3.2355201
10.088965
2.9713972
2.616675
1.3543748
4.00757
0.51967794
1.1261711
6.8388276
1.1558226
1.7213898
2.9224653
4.3702188
2.971956
4.1673174
3.0370364
1.7708572
2.466298
9.14571
0.7658702
3.8975
1.2938727
5.2695537
1.6210812
1.2244265
5.2470202
4.793157
2.536085
1.1168453
3.441672
2.9690614
49.837765
2.5006292
1.1766982
3.6054912
2.0831711
1.8821077
1.3796939
2.6100829
0.9707677
2.8115947
2.153645
4.7394996
1.9385986
1.5268015
4.530641
2.5284052
2.0467231
1.6372628
0.6060368
1.3768321
4.9569645
2.9162512
3.8315883
1.3137013
5.589265
1.6775614
2.7476203
0.9552236
1.7614267
2.9640577
4.0560246
5.989083
4.0504975
2.413089
1.465347
2.3106575
1.2786608
3.5499134
1.9624109
1.0108286
0.33011863
2.8001459
4.0280433
1.7816968
3.9722831
2.9970336
5.550203
4.114404
2.3126578
8.479817
1.3460221
2.4027817
1.9535657
2.2117147
1.7827202
2.2331214
2.0526578
6.2512946
2.3483891
2.5067196
2.638925
4.268797
2.678044
6.663827
5.0262218
1.7609572
1.1263418
2.8333921
3.336047
1.4992975
1.2582042
1.4677138
2.2155113
4.7165284
3.5990791
3.7483933
1.7472692
1.5674508
3.5293381
2.403447
0.8992049
2.6182482
4.498817
2.8053088
0.64738953
4.78661
0.9280628
2.7108252
2.5853558
2.5893571
1.9339439
3.4415288
1.7675961
2.4972913
1.7368845
4.055899
2.2032282
1.6713384
1.9810041
3.5520866
0.2154758
1.7906351
3.1995358
4.462156
2.2179477
3.0709922
2.1153278
0.86185926
2.8826122
3.6355724
1.4268701
0.7315039
8.117646
2.0929835
3.860838
3.1969244
1.2775401
4.852047
2.7139235
12.429485
2.2204983
2.564291
4.247843
0.85622495
3.514378
2.059528
1.1694245
5.0492325
1.2955132
3.0084565
2.5971127
1.567319
1.5767729
1.3139777
14.389167
1.8900236
0.46079588
1.5851877
2.7758098
2.3981419
3.0509448
0.8920977
2.780678
2.960329
5.2192836
1.3113953
1.6455212
3.8248265
1.7658752
2.7409985
2.9194088
1.5537394
1.975581
1.7495852
2.8837547
2.2860854
1.5968789
1.1763016
3.1744082
5.347312
7.8283963
6.399868
1.4328666
1.342486
4.1788745
1.8857019
3.58832
4.4468813
1.2874773
1.319153
1.6029203
3.94133
3.016534
2.5863383
2.9415092
2.3820038
1.5953075
2.9121776
1.2065923
3.4074078
1.565042
2.031457
4.751539
2.5586004
3.6178493
2.2196414
7.044534
5.0869045
2.1216176
1.7544112
1.6172935
1.7896996
3.5089543
2.488568
4.1704516
3.43061
1.0731893
1.5912601
2.3677423
1.5760014
5.7611313
9.93229
2.61193
2.6679673
2.9993958
0.54946464
1.0408963
0.13564211
2.751253
4.4014063
3.603285
1.2600092
1.6203933
1.4363278
0.6737401
2.0630903
2.1777585
1.5209111
2.5171509
4.0248346
1.8016541
6.956967
4.897285
31.632038
2.1932294
2.3445928
1.6018078
3.0626273
2.3491266
2.5201182
1.0705476
1.5454032
2.1353803
0.5667937
2.1306288
5.0087667
4.010372
0.745548
1.379611
4.8576856
1.65126
2.014335
2.3334117
1.9119688
0.36604807
4.2728353
5.130302
4.697534
1.164909
4.350006
3.2350035
2.2939088
2.7039576
1.0771391
1.8690943
3.711547
2.4091394
1.5297571
3.9483879
3.2334988
5.535711
2.8511353
2.4291074
1.2667346
2.3126764
3.7484639
3.3082216
4.041474
2.7002277
1.1962457
2.9836094
7.846763
5.233081
6.2625833
4.279416
2.4309585
0.9045319
1.8544225
1.7598892
1.5008199
3.0087273
2.46778
8.1703825
3.0029852
2.82496
6.4323726
1.4258044
2.1493251
2.0947616
2.9408882
0.56744105
1.6935979
0.66267157
0.6732104
1.4457899
1.5165448
5.1934853
2.5349386
0.67052937
2.9555857
0.78943044
2.3267453
5.24747
3.6793153
0.541329
0.71432203
1.4585251
2.8374307
1.296801
0.6150752
0.7247392
2.8272877
2.8979027
3.4138138
4.934118
2.6774354
0.99583346
4.454996
1.5704149
1.7211992
1.5660943
1.3686026
5.8483315
2.0719335
4.221158
4.6425447
1.1411914
0.45021942
1.7233677
5.9086113
3.9634016
0.6795453
1.0185837
1.6257808
2.0629137
1.4935986
2.2723114
2.0757504
3.6241221
1.3382624
1.230651
1.0007069
3.3797653
2.4978251
1.5574476
3.1268845
1.6627824
6.600276
3.5873618
3.5067985
3.8558836
2.545587
1.3427328
4.2339845
1.4609282
4.444733
1.7598183
0.45501703
2.912586
2.8502371
2.3161216
2.0264075
2.2372718
2.0970807
1.2616621
2.382577
7.859767
2.1007736
2.3792703
1.6506355
1.3289032
1.621246
1.4322551
2.217332
2.000219
3.3202498
3.7212183
2.148705
4.873475
1.7653271
1.3818321
1.6658326
2.0761795
2.5473888
2.1238601
0.82650894
2.120404
3.706531
7.1664734
1.1291937
2.5452087
5.6729326
3.093674
8.074569
3.2471638
0.9075588
1.7045375
2.4485679
3.347388
2.0692155
2.0876243
0.84592533
1.409378
4.9751143
1.4103794
1.6077359
0.5807297
2.224178
2.4191365
2.6141431
5.0665135
2.6898298
3.1596713
2.2140706
2.909728
1.9683477
1.0944006
2.85407
2.0262673
1.8199185
1.97833
0.5387121
4.966009
1.9136404
4.480932
0.9333425
2.1994298
2.3152578
7.680304
1.5732546
1.8071841
2.5297034
5.0155296
1.354121
2.1429121
1.5970292
3.4895403
4.1038456
2.5580835
3.6041882
1.2478329
3.9684985
0.78121966
3.3937378
0.9716525
5.731233
0.98569244
1.6772351
2.3956044
2.022633
2.554228
1.318039
2.4989734
0.78695863
1.281519
6.7910924
1.6625123
2.0068336
6.1686554
2.538572
1.6369098
2.4672112
1.5671238
4.3829937
1.8987621
6.414214
6.761852
4.5705905
1.7762066
2.5357013
3.1815786
2.8357906
1.9773465
1.9279257
4.293645
1.3998104
3.477902
1.3615634
2.9380932
0.2132652
2.9370763
2.4108922
3.567885
3.6470418
1.4631428
1.3909228
3.906918
2.6818287
4.3385954
1.9557409
1.2799982
2.9925778
2.3462968
1.6587014
2.9659483
2.270191
1.5110811
1.6848235
1.6268708
3.3063095
3.0854933
0.65879935
2.0009317
2.3530462
2.5572503
1.4828256
0.86246574
1.8225118
2.1576204
2.3386633
2.5390465
1.9181045
4.518702
2.349813
1.1499678
3.1686451
3.2599633
4.145116
1.1850206
2.1185217
4.661104
1.8458447
2.601163
2.7400746
4.446221
3.572244
6.5399537
2.6751194
0.85106784
4.9311705
0.793388
6.103176
1.5628664
3.4662406
3.1199296
7.3944683
1.388713
3.951414
2.256625
0.6081705
5.5867534
0.7013439
6.651515
3.803694
4.5458465
2.0751355
4.028315
1.9114451
0.31348577
0.56706244
3.4518852
2.034222
4.4831076
2.0009956
1.9883997
1.834245
0.15664023
1.8509105
6.1491013
1.9418832
3.6841269
4.140565
2.235841
3.2399786
2.064785
1.0091867
0.9107914
1.9358476
4.8262258
0.87932473
3.1861315
3.5541198
1.4071673
1.6305465
2.0355177
1.4839939
4.3126707
2.4239788
2.4988606
2.202645
2.605981
1.224194
2.4846733
4.110246
2.7641408
1.9494959
7.3489776
1.828964
1.5376159
1.9656185
3.813144
1.9264159
1.1079941
2.5122952
3.0873852
5.024496
3.5383887
2.6701667
10.803442
0.3188886
3.7910373
1.0300366
3.7319653
1.8436759
1.1126664
11.992959
4.182318
2.2890296
3.456657
45.09319
2.974341
2.2428832
4.798017
0.94279385
2.1346366
3.1111746
1.3902254
2.1198485
3.2862482
2.2651176
3.4135153
2.2896464
2.0762975
1.5989149
1.3996738
3.6146944
6.0212026
2.5851068
2.8492496
3.731666
1.9188781
0.43344828
1.6409444
0.8469108
1.3410668
2.8261044
1.5781184
1.5295668
3.5825536
4.043433
3.5201387
4.956014
3.0303686
1.374916
0.50441283
2.1711802
4.2641845
3.727241
4.266928
6.072347
1.744242
0.90506387
2.588183
3.0507197
3.74862
2.4622757
5.5595093
2.7294848
2.3472004
2.597398
2.9089792
2.6794686
2.0395453
1.6228294
3.1144872
1.5425577
2.0003178
1.6294501
2.3462946
0.67452586
10.503159
2.147854
3.264567
1.8394164
2.6046429
1.3648465
2.6117706
1.4585572
2.1572337
1.1026715
5.9752636
2.8560305
1.4253135
2.590711
1.2548635
2.41756
0.86696464
2.6624725
3.930144
3.0246375
4.8678856
1.3122562
2.0933359
1.6087141
2.9085004
2.8662348
1.3182273
3.4354968
0.8598874
2.4103277
2.164557
2.8518264
5.9410896
4.3315244
1.7185702
2.1465433
0.6511167
0.8811884
2.1097631
3.004475
1.4121711
1.2319285
2.9595783
2.7554836
2.4908133
2.360137
4.071171
2.347634
2.9324474
5.046342
2.8393576
2.3094409
1.2783599
1.1035963
1.6208189
2.2767363
1.1227885
3.2881231
2.3832674
1.7882211
3.8580575
4.858513
1.8835722
1.3557953
0.65299577
1.6418924
2.5926652
2.0272148
3.2654026
2.4099483
3.4014034
1.1573538
3.178023
1.9493215
2.8258536
3.0282164
4.526547
4.407102
3.1760116
2.7913888
3.8785744
0.68380594
1.1510731
1.7073282
3.010468
1.4639431
4.0254245
3.5997741
4.5873804
2.4126291
3.322107
1.2871463
2.1043315
1.8212825
2.8528795
3.0629687
4.6670327
0.9313743
0.6631398
1.8143855
5.5281396
1.9476612
2.283429
2.4531767
3.4165316
3.0159247
3.0052688
4.2792635
1.3246714
1.9762992
1.7336082
3.820914
5.8070045
2.8242908
1.9215022
4.1575365
2.7801082
2.6974597
2.5678732
6.0319405
0.3514479
2.4673736
2.1062243
2.5505428
0.62423396
1.189244
1.0914078
1.5784223
1.1818858
1.621595
0.53735274
6.7069583
2.920934
2.263489
2.044569
3.4334242
2.8051872
4.065362
2.116786
3.231245
2.120745
3.7742782
2.9881792
1.2409856
1.1513892
0.8625013
3.397992
1.9822409
8.71979
2.341308
2.5819898
1.5359633
4.4065676
0.75613683
3.014544
1.3320858
5.9177327
3.2592783
1.628168
3.007505
1.9839994
3.1754396
3.9159956
0.7098443
4.680158
3.060776
2.7555873
5.374668
2.3447425
2.9857032
1.9863281
1.016069
2.71697
3.8156374
1.8243134
1.1846823
2.9255316
3.2452736
2.4904046
0.72308505
2.7160907
3.022726
4.7556677
3.1317232
8.941183
2.8013985
2.44226
1.5964112
1.371603
4.184361
2.906373
1.335593
3.2246842
3.1855946
1.1659411
2.650068
2.039488
3.0900013
11.446197
1.8226814
2.1349616
3.6528351
1.8366683
1.0586144
1.7334577
4.3343444
2.1914701
1.6000432
2.8761542
3.7119224
1.6879803
1.733081
2.4652908
2.3829696
4.518734
3.8140788
1.2363886
4.4792104
5.267872
3.437961
2.5530612
0.48629394
5.300936
0.7701889
1.9217628
1.8645751
1.8140459
2.0061798
1.4275874
2.5733964
1.0723112
4.257828
4.658256
5.019846
1.948283
1.843225
14.282195
3.718138
3.2104645
0.85817575
1.501177
2.6947818
1.5385659
2.7773402
2.0146558
1.6578678
3.5623577
4.4975486
1.8815714
1.8467431
2.1291096
2.6450524
1.9398588
5.0237384
0.99587494
2.8346198
2.1513493
2.3852072
2.981111
1.371053
1.8554858
7.731851
1.847255
3.730267
0.75816387
3.6652565
1.5927001
2.4481337
2.705354
7.5301576
4.106668
1.5554765
1.0470047
1.8200903
0.8197122
5.432108
6.8599114
1.1737663
0.9133099
2.8076952
0.9986175
2.3959277
2.438417
2.7868354
2.7313454
1.3619226
1.5786719
1.7299348
0.5561
2.2279203
5.574544
3.6961973
1.832515
4.594529
2.638237
1.6190555
1.344647
2.138262
3.1119351
58.885532
4.0054708
1.2693913
3.5707092
2.654593
1.526252
2.3648617
0.95274055
1.2310941
1.8266785
2.214269
3.4884553
6.444873
1.0765411
1.8878936
2.6407692
2.3434114
7.0842576
6.506709
3.292177
1.251026
2.9694853
3.7129877
1.6883546
1.322267
3.4358716
11.217344
1.2986655
2.017842
1.0825686
6.181028
2.223547
1.9746115
4.0632253
6.451691
1.7805067
2.6247654
4.4056654
0.9689725
1.2130606
2.8393202
3.9995615
2.1699176
2.4472003
2.920412
1.7659916
0.99477524
1.5478479
0.92434365
1.8801609
6.882734
2.1442397
2.3783536
2.5333655
2.9804153
5.2504663
2.587247
5.5360346
3.336341
8.972287
5.7265377
2.2742836
3.0857484
3.7815547
2.913967
1.9995935
1.1969086
2.20179
1.393364
2.6440635
0.6166928
0.7714766
2.4644735
2.275505
1.1828139
1.1686735
3.9173265
1.6114433
1.4521317
2.8185952
3.4003432
1.9916241
4.0782194
1.8939948
4.4095287
6.4662027
5.2855377
1.5907784
4.8205233
1.5570865
1.6333207
2.0754542
0.6355292
1.8594503
5.4934535
4.8500032
3.472182
2.5926576
0.94244725
5.2034507
0.41806525
2.723838
1.4601644
6.361743
1.0570054
8.288793
3.680172
1.75742
2.7415586
4.097755
2.4168916
1.5722585
3.1551504
3.1092694
3.390297
1.5892768
1.2962357
1.5206218
6.724801
0.79069597
4.6094446
2.2771928
2.249576
2.2397904
3.427549
2.7634428
2.9926293
1.4943241
2.5681417
2.578549
3.9456158
3.496519
2.2245388
1.8420464
1.30503
2.7994125
0.7549803
1.7012751
6.7857165
4.9940352
6.5554733
3.7172742
0.96833867
1.9416282
1.0860211
3.2701519
2.4486785
1.5130754
2.0732672
1.4159771
0.6755167
2.9890277
5.915265
2.4377844
1.9636877
4.950251
3.6177819
2.1590462
3.0776682
57.669086
1.4506452
2.4865808
2.2855933
1.9229835
35.980186
2.213665
2.3884568
5.5365148
3.1339452
1.7556789
3.5250194
1.5198717
4.420054
6.2326975
1.648709
1.939635
3.0570114
0.84112316
3.276768
3.2604578
1.4463203
2.394556
1.7391436
1.5968732
3.113402
2.1188936
3.192594
1.286506
1.1113256
1.5574332
3.957142
1.7690355
2.2768197
3.0308022
1.5327018
1.4822853
1.5593152
7.475845
3.2243428
0.45576242
0.82712126
1.845879
1.2369927
2.5399172
2.7571468
3.3200607
2.172536
5.944142
0.117232345
2.709541
3.79262
3.802407
9.558873
7.970779
3.746491
4.3977566
12.554626
3.5972157
3.3041012
2.1092932
0.5646991
0.66056085
3.6398098
1.763257
3.7363167
2.1228826
4.8905416
2.3383658
1.5350103
4.1756835
2.6350489
2.8458097
3.8366687
0.24543136
1.8346032
1.9618045
2.8217523
1.5083607
7.301157
2.3467288
4.433541
0.7308873
4.2797117
2.1112564
1.8214446
3.4459078
2.9787395
1.8243
5.249314
3.0582283
1.0002339
2.1889715
1.4268944
2.5210903
0.7952523
1.9495075
4.6238613
3.4107373
5.028845
3.4076364
1.9042212
0.7457439
3.9801714
1.0502304
2.0979574
3.2821581
2.0273135
0.8713099
2.8218224
3.8848665
3.2727978
3.2865613
0.23951414
4.152965
2.7230957
0.43026605
3.1292377
3.4867096
0.9682379
2.4665272
1.8880882
2.7180767
0.66781837
3.6294873
3.064965
0.71521586
0.8783296
0.7929701
1.7187357
2.7077668
4.859285
3.2639074
1.9244502
2.58659
3.3127065
2.8709607
4.5298696
0.9748855
1.3376689
2.1426642
0.7535671
2.0028741
0.7292346
3.117872
2.457645
1.3012716
3.9901853
2.3394442
0.8833178
1.7030257
4.378099
2.9112473
5.6971836
1.7001884
1.5612639
7.564394
2.4441903
1.1172822
4.6899414
4.457823
2.7655182
3.38281
7.4053645
1.6632954
1.0863284
2.146081
5.6761985
1.3029649
2.079187
3.3201902
3.808912
2.033769
3.8152602
2.9128063
1.1927582
4.521941
2.4428804
3.8189535
2.409976
4.1556563
1.1985499
3.319782
2.9341097
2.4582176
2.798219
2.561126
1.6834196
1.076171
2.590398
1.6270863
6.449303
5.1166735
1.7161485
3.782539
1.0664911
2.1866798
8.939087
0.60045475
1.1635563
3.6482198
4.1846104
1.7104663
4.2309837
1.9910504
4.9873962
1.6655333
3.8470376
2.0566444
2.2259357
3.2102907
1.0084571
2.2191608
5.768054
1.0928055
6.402164
0.6657726
3.9654567
3.6954389
3.4342914
1.7275116
2.1654592
1.4740794
1.6591364
2.6202915
2.966188
1.4849735
0.73293245
3.059102
6.0275335
2.0348544
2.685626
3.244795
2.6390853
1.3405648
1.8473251
2.294871
1.786519
1.729991
1.5860128
1.9996103
1.2830702
1.0717732
3.422293
3.2895575
2.6966476
3.1077724
1.2551434
1.8471403
1.3210255
3.1879349
3.7337112
4.884827
3.7897117
3.8481076
2.0127308
2.2087705
1.0879152
1.0875974
2.8980439
2.356958
3.2820365
4.2550926
3.9856102
3.371103
3.3756256
0.34299144
3.1450396
1.3996775
3.7755506
5.773711
1.2004973
3.5809655
1.3143713
2.8176281
1.9888972
5.1964717
2.601672
0.63659835
1.829223
0.81462675
0.05872696
3.656727
2.4172227
1.5965055
0.9360558
1.7815851
2.177499
3.1105597
1.3458588
5.497164
5.047987
7.1958814
4.3483377
2.5244467
1.2959558
1.0473365
1.6701146
2.1969814
2.4746444
0.7060401
0.42384276
2.2485752
5.146695
0.6976227
1.366293
5.286992
5.519039
1.0312598
0.93848836
15.583072
3.0306516
0.5611381
4.9208736
2.784149
1.6239005
0.7655385
1.9720632
3.0663142
3.9457505
2.8010023
3.9343343
6.0020175
1.2448009
1.0901613
3.1861365
0.9927208
5.5766
1.2839408
0.9468862
3.6443794
5.0101724
2.3101013
4.471462
1.2076322
2.4494212
1.2654593
1.1096759
2.7750182
1.9923155
6.038766
31.226543
3.410671
3.9972818
2.4162967
0.42337677
1.0064737
0.5169608
7.8485723
0.9194274
3.1035495
3.3800557
2.1151257
1.8239722
3.3744645
4.5069532
2.9654944
6.768013
3.2750428
3.2283585
2.3917139
5.7340474
2.4130766
2.876668
1.49889
12.04158
1.6571258
7.9040346
3.432143
1.1746447
6.272092
1.9656581
3.1691616
1.761601
3.3222795
1.221248
4.9632425
2.47511
2.6443076
4.6508713
3.5181246
2.2780201
0.9841487
1.9015576
7.9885774
5.67241
4.253079
4.021967
2.4959295
1.100712
2.406075
1.2136585
1.3465453
2.948256
2.4218016
6.42259
2.8005521
0.06348714
3.3509614
1.0573328
4.104727
12.841704
2.9722383
3.1025054
4.974352
1.6655985
2.6583135
4.923347
2.4820006
1.5917518
3.2928395
1.528342
0.9915136
1.846485
4.5304217
1.5316075
1.0598909
2.7612708
0.9408053
3.3871331
5.5403085
3.509133
1.7034303
2.6955104
3.5217602
1.9222878
3.2627118
2.8366437
1.5028809
3.1552553
2.285222
0.8787143
5.337194
3.3637538
2.3312027
1.9409766
1.9860127
1.1507434
0.7504696
1.9234042
0.8968019
0.83983064
0.88734937
1.9341534
1.6908375
1.9377718
1.7635878
1.3561467
0.8780638
2.66852
1.7223834
4.2140365
3.60609
1.7463228
1.2404307
4.0186462
2.1777205
3.7026417
0.9540205
3.302522
2.1194901
4.2333307
1.4199626
1.1446298
0.75592417
4.4851027
1.9218422
2.0632482
3.3267605
4.044135
1.4538405
1.103893
4.9122534
1.1796255
1.5463705
5.269564
5.6781616
2.278048
1.0617617
2.6601517
0.8257538
3.61526
1.3012404
0.7430544
2.1552095
6.574111
3.9239695
3.1800356
3.034111
3.2844114
7.396825
0.87437344
2.8664124
5.597518
4.387983
1.4599667
4.828815
1.2549403
4.182228
2.4572926
2.219953
4.803579
2.320571
1.7086551
8.83363
2.969839
5.1065345
2.354923
51.095154
1.6460314
2.2842832
1.4146314
4.355223
2.6390421
14.902061
2.1216488
2.0951955
3.5293205
1.9874887
2.3192565
2.7528229
3.4059658
2.5643635
2.8750958
2.9552963
0.88149023
3.0491488
3.3762424
1.4386392
3.1876657
2.7733352
0.43640587
1.4412162
2.4935155
1.5838426
3.2809591
7.6782117
3.8123255
1.7604649
2.2324452
1.0728332
2.532406
3.608073
2.8982642
1.2325022
6.761721
1.9387337
1.2206423
1.4341669
3.739898
1.8291726
1.4600984
2.3922763
5.633378
4.480779
0.37935725
3.2453437
2.5521448
3.4963377
4.489612
2.4831781
1.1388257
1.8086168
0.86643827
3.3570337
6.8852043
1.0593673
1.9271507
1.4105364
0.4274837
3.341036
6.16436
1.8557192
2.2573125
0.73497117
5.719512
4.1207685
1.8984472
6.068291
0.8498925
0.40119117
0.8617434
1.0072829
4.4189043
0.54453295
2.736941
2.1408925
1.5066216
1.6749768
2.2169068
5.5526466
9.878504
2.4744647
2.6121368
0.32258266
2.036659
4.347488
4.264174
1.5763139
6.0821996
5.7589803
3.2154918
5.3099356
7.0343375
1.6094643
0.32637575
2.9408023
1.0666782
4.3949594
1.6918553
1.3107358
4.003301
1.5154766
1.2596437
11.763786
2.398569
0.60402024
0.63689595
4.5438747
1.4564493
3.2425432
5.0425577
2.012037
1.7228316
1.8875816
2.4685967
0.9750456
1.5834836
1.1912515
1.8838937
5.371826
1.0083175
2.5880084
2.923784
2.2499087
3.7239969
1.0537502
3.737745
6.0811896
2.3520694
0.9748087
1.2927897
3.2072756
1.6353602
0.804593
0.2521557
2.2682652
2.0156446
0.84736276
1.4720074
5.615815
4.7411504
2.2833395
0.7034096
2.9458613
2.5113091
1.3585153
4.5677752
4.8975244
1.0649216
2.2735467
3.447797
2.9356685
3.5045354
1.4273984
4.4099
3.5079718
2.8485506
3.3685606
3.6645606
3.6983352
1.0551254
3.8458622
1.4957522
7.322794
2.4367397
1.5102657
2.4312334
2.353968
2.0425253
2.476626
4.6302695
2.9841204
2.843733
1.2201823
2.7512295
3.6939106
5.517025
4.9804173
1.2138946
1.6062716
1.9941735
2.3248422
4.8967876
0.7261626
1.9332522
3.3072321
5.476219
1.9043169
2.0811172
2.0912492
0.64743567
3.0547473
2.6628008
4.9969573
2.909124
4.230086
4.2431755
12.530663
1.725768
2.5574133
1.7400318
1.1550813
2.7596045
5.260859
7.020398
1.7441717
1.9759691
3.266958
3.1855948
1.3071338
2.5835245
4.7053227
3.2225811
3.5414548
1.3736796
2.0353
5.9732976
0.8664581
0.8475068
3.5564895
2.111662
2.7258413
2.6894174
1.0953393
6.109434
3.272441
1.5045534
1.0857947
4.3301353
3.174564
2.457308
0.9826583
0.5257338
2.2504754
1.5157881
2.2788424
1.9899942
5.403041
5.648398
2.1927676
6.9576645
6.167683
2.4766004
7.1520023
0.38626072
1.9076715
9.354694
2.2328205
1.7955985
3.1889424
0.8442644
7.491578
1.3158681
10.86066
3.9011183
4.378606
1.7747113
3.9388366
3.5310338
2.2212346
1.8311756
1.9858183
1.7472012
3.7723908
2.2382212
5.4594812
2.8491478
1.4166911
2.897638
1.5405766
3.0082881
1.8973169
1.2330018
1.3240645
1.5066171
3.7656126
2.5729563
2.4314637
2.2447064
1.2987149
5.1239276
3.7613425
1.3873569
3.6626048
1.4209628
2.1700983
3.9998498
6.3527207
3.523533
3.3854702
2.864082
2.0228333
2.6367729
4.0833645
0.9440251
2.5238295
1.6412699
6.433518
1.8896599
1.6741633
2.7201955
2.2021418
3.3220823
0.5676997
1.8579074
0.81855404
1.3212707
1.789911
2.910741
0.59896344
1.8015057
6.1390805
1.565445
3.1032703
2.518608
4.8901477
0.97111577
1.8002337
7.400564
1.5919547
2.4162745
1.13831
1.4297101
3.2179356
2.7651017
3.0103698
2.122397
4.5475745
3.8724077
8.184939
1.3507787
1.125932
1.8739926
4.1515555
4.991484
4.4018197
3.4887345
1.7733952
5.702391
14.900783
3.6712432
3.0677757
1.8105677
2.2857604
2.8633356
2.4033735
2.3698432
3.025199
1.6627105
4.551354
1.4511057
3.4655774
2.8679621
5.29862
4.3264923
2.4629095
4.2942963
4.426891
3.8850396
0.4118473
8.761891
10.035244
0.8744273
3.7859006
2.401446
2.0883453
1.524963
2.248403
1.1992273
2.7983394
0.89471996
2.565519
3.0449502
2.4227479
0.72727424
2.2352488
3.6155849
2.548252
1.9018146
1.7394663
2.0469625
3.7911124
3.1945784
1.5718087
3.2722979
1.654767
2.219553
1.7955501
3.7576401
1.4234989
1.5632545
2.233759
3.0915384
3.7928152
1.5016153
0.92295814
1.4585145
3.0965278
0.8915698
3.7915304
4.992958
1.5745696
1.1325526
2.9094474
3.077218
3.231377
3.612375
3.134227
1.5778182
3.2785218
2.6672113
2.0274527
0.18268745
1.8077406
1.4395101
0.21054403
2.3554025
5.319005
1.8588846
2.854856
2.1266208
2.6771588
2.6477885
2.0593798
0.6003026
2.381132
1.9251696
2.6775427
0.7138412
1.8971032
0.93827426
2.1079643
1.2999247
7.9037447
0.39562076
1.3060473
0.85947114
3.9416888
1.8982432
2.535747
3.3972538
1.3735076
7.323404
2.6978655
2.2100008
2.4954853
2.4276516
3.307979
2.5339055
1.7733121
2.326515
1.8722368
4.0824523
0.96826094
0.772648
1.891932
4.0141363
3.9647746
4.2487
4.112633
3.964839
1.0948546
1.1100867
2.0419936
5.2269273
1.6511189
2.8193552
2.016251
2.0829525
0.96752405
2.6267092
1.9368917
0.74101734
1.0611585
4.2069144
1.7965516
2.8442454
1.6898075
3.063486
0.9839517
3.2744944
2.3442576
0.21067716
3.4744353
0.5241529
1.183956
3.7649257
1.1913949
4.370685
2.724485
1.2310107
0.7171598
3.2041078
37.901608
1.6061879
1.7346109
1.3854505
1.2988776
3.7309532
2.0944772
2.3317232
3.8785925
1.9482633
3.316348
1.2881817
3.4437068
0.816145
0.7250984
1.5201666
1.7921327
3.638554
4.402084
2.4847662
2.1968067
1.5719851
6.032289
5.8555074
2.645325
1.1615709
1.9619193
0.7370939
2.5833414
2.0249844
1.371909
6.326756
4.20801
3.0118358
1.3548387
2.5049307
3.51297
0.80858546
0.16829745
2.7037222
4.214024
3.0726783
0.8642052
2.2486436
1.132272
1.9123931
3.272461
2.4236999
1.7976462
0.8741544
5.4536185
1.4498905
9.1432495
0.44555822
3.1833074
3.2093427
0.73390603
1.543171
3.6093671
1.2543068
3.724785
1.4034405
2.7411702
1.3721393
1.6962409
1.8512812
1.8409715
1.2787806
2.11325
1.4958032
3.5078864
4.7703714
3.5567822
2.606168
1.004231
1.7691879
3.8716624
2.012299
3.045105
4.7038207
2.6830962
2.8967574
2.4712796
3.0679922
3.042175
3.8430521
1.9248067
10.852639
1.1223022
4.2379227
0.8736713
2.6648436
1.8536662
1.0313764
1.1915715
2.4619498
0.67205006
2.0408037
2.619103
2.1604645
2.9743843
2.585956
1.4507477
3.860754
2.5546196
0.5211897
2.7751129
2.9276245
1.2018061
0.85711217
2.7204056
2.6983685
3.8067248
1.7797742
2.6808395
1.0448278
2.6679718
1.6773508
0.8564886
5.0957794
3.9016864
2.6450067
1.8748815
2.098883
1.8454297
2.1887455
1.9058112
2.4127998
2.1437
2.9110563
1.5906686
1.9995785
3.7052886
1.302777
2.4799428
1.2467437
2.7561994
1.5946094
7.9607573
2.1805153
4.0429926
4.534939
0.6109863
4.0345855
2.3711696
0.76271397
2.1110477
0.7600742
0.8800636
11.273361
2.098033
1.1978517
2.2447386
0.99495125
6.968001
5.2814136
4.4907675
3.588132
1.4818794
1.3133008
2.0748634
1.3688259
5.0132284
0.59532124
2.2254422
1.2372638
3.3680854
0.64893186
3.9287603
4.2749643
3.5712776
2.4641917
1.8698355
2.8892152
1.6957276
1.844729
8.683504
3.1334076
4.945666
3.172094
4.0641046
3.5416052
1.2335403
2.5468278
1.1849723
3.6313846
3.1789825
3.330319
2.5385787
1.2993915
2.1934955
0.39042863
4.478422
9.296708
2.974631
3.9883885
4.1682434
7.1731825
1.98138
2.0822365
1.4581672
1.4172012
1.6768248
6.1115284
1.8234144
2.6774187
0.29900017
2.7776172
1.3361784
1.4330415
3.1081622
0.8772137
1.7419404
10.496146
2.6046588
0.75309
2.0639446
1.3454913
6.630865
1.3846084
0.7021939
4.3219323
0.33268207
2.061508
2.9457164
7.566517
2.7448013
2.3106031
4.030234
1.2946624
2.0816667
6.6686687
2.9960542
4.198575
0.9959804
1.1862854
1.5279148
1.2570037
4.291964
0.53837246
2.6733136
3.2809741
0.96875817
0.9868253
4.4110227
2.029006
3.7937791
1.985418
5.712692
1.2106322
3.5467744
0.38915238
2.2114782
2.2745323
2.3710365
35.554863
4.0032477
2.4241798
1.0314547
5.3967276
3.7863712
1.3631835
0.14026837
1.7768838
1.3492731
2.3847985
2.1434288
1.7241596
0.7073972
2.0522916
0.93156886
0.7284339
1.8812585
3.625287
0.6406724
1.9066685
1.7020254
3.8279097
3.0038495
6.0113726
1.7661638
5.8224225
5.0888343
2.4882605
3.5513942
0.767545
3.4778848
4.1288066
1.5901533
7.0595574
2.4308937
3.5704942
2.5224159
1.7046405
4.412079
2.4681585
2.6726525
3.840776
4.2044897
3.0047398
4.0553117
3.7080684
3.1391728
1.8712667
1.1243302
3.6657493
3.6678965
0.89508796
4.809096
1.3109978
2.7802808
2.8403823
1.9926572
4.899882
2.4951396
0.9722558
2.6417067
4.262346
1.8703756
1.6460683
1.4335037
7.583273
2.2984433
1.4475809
5.844678
4.696243
4.974202
2.382325
2.2287686
1.7599994
0.44830716
1.0711145
4.028243
1.6995436
1.6183054
1.1112368
4.4588
1.7569366
2.3559797
1.5341194
0.62380046
1.7588298
2.56769
2.161169
1.6970545
3.7931087
2.9974372
2.6388202
1.3583221
0.4816072
1.755075
1.358075
2.1471632
2.4556994
4.280418
1.0885376
1.5545157
4.818407
2.8885932
1.6351109
4.2315183
6.3685856
1.6986986
8.055348
0.8757844
1.5973332
4.0097575
2.1252255
2.7565572
0.38074297
1.7907281
5.191004
0.9575485
1.5760972
1.5040398
2.0484016
3.8459208
32.501495
1.5584253
1.5189425
4.0180235
2.4924407
1.1877859
2.4590843
1.5966955
2.5026393
3.0240273
0.7981225
1.078964
1.826827
3.9024796
1.6288718
1.8722076
3.4884653
2.1653874
2.4533632
0.54605544
3.825251
1.2780868
2.676241
4.5073876
1.5732864
1.7674229
2.9320686
1.3102713
2.2454655
1.4465369
4.724932
0.85536766
2.5691671
4.582699
1.193783
2.3605871
1.8855171
4.669438
3.6378903
2.340424
2.0747588
1.0418988
1.769835
4.5244484
1.0244925
2.0503836
1.4933679
4.702365
5.511781
1.7710779
5.087979
0.73373514
3.1064787
1.9531872
2.926678
1.7427074
0.90105546
2.511252
1.6346339
1.4578962
2.7708716
7.8547373
2.6202247
6.0453315
1.2067534
1.8427798
2.402739
1.3465557
2.5670364
1.2561276
0.8055924
1.9668434
1.7796229
4.5232453
1.4681236
1.7504017
1.039149
3.9878364
2.31769
1.7860924
1.3085848
4.1713343
2.5152721
5.884803
4.621216
2.1886601
3.527354
2.7820234
0.8208617
1.0637765
1.5565085
2.9318354
8.553183
5.207835
2.5322077
3.5180223
4.940064
3.5405989
5.1870284
1.5165609
2.5512452
0.7061667
4.5462985
6.68018
4.663181
1.219977
3.6586812
1.954778
2.4445598
2.2640193
5.7821097
2.8265793
2.8062904
4.400772
3.2484088
1.599812
3.8150742
2.387121
1.9677463
4.3641863
4.344883
4.3162847
2.7429788
1.9476434
2.492563
1.0543383
1.9874235
3.3451636
5.285649
3.051557
1.4799026
3.9613645
2.375457
1.0387864
2.0211172
3.9540157
1.8309519
1.8497214
1.8251619
1.6845863
1.3373371
1.5929244
2.5482702
2.7401078
1.4026611
2.4043593
1.9410459
1.1019704
1.4014403
3.0675876
1.1251234
7.141492
2.0781662
1.8140032
0.7702089
1.3649967
5.109821
13.18737
3.0753357
4.707813
4.3762884
2.3216143
5.269072
2.53447
1.7330686
0.8958773
1.3101059
0.986253
1.8009492
2.7463644
3.6563578
2.5290153
1.0740101
5.126864
2.1299124
0.7663741
2.5643542
7.3135605
1.140181
2.6850138
2.2362373
2.712037
1.0665457
3.0850315
1.5287545
2.3858557
3.448278
1.0167334
3.4776988
1.1721176
2.656074
3.2452042
7.892531
3.1968875
4.662301
5.524529
0.9996169
2.2248068
12.520822
5.2958746
2.2760515
1.4480023
3.1147282
2.911528
0.48339197
4.255365
0.51305324
2.433154
1.3973049
2.8853157
1.6298178
1.0269834
7.8290687
4.5265493
0.97879714
1.8514268
3.278067
2.93943
2.7921078
1.9764978
3.1898842
1.3242085
1.6579843
6.0782022
6.072948
4.772588
6.161973
5.394308
4.1794467
1.3132154
2.2538605
3.0273335
2.1146233
3.774409
6.6612654
1.8597193
2.155298
1.1323253
1.7900236
4.206874
1.9742719
0.28031814
0.6726195
2.012151
1.9963105
2.4753227
0.89548635
1.837578
2.852805
2.0942063
2.1784482
2.6522806
3.749866
3.1515758
3.9894364
1.2116224
5.0352535
2.2225595
3.3331199
5.5692315
0.3010779
6.1392274
0.98313993
4.9603233
3.3637717
0.67856824
1.3233235
1.8037326
5.0356073
3.2866638
2.6527247
0.88165593
6.98556
2.6766207
2.3409216
3.955527
0.6324701
1.9338138
6.816552
1.2323296
3.898062
1.4208934
0.49307615
2.679994
2.0276992
1.19863
2.2650683
2.3512225
2.5482795
1.1088388
7.515537
4.4691916
3.3109834
2.277942
3.7080617
4.2690873
4.10551
7.8453045
2.6863174
1.8796691
1.1860043
4.103106
1.2228624
5.6323853
3.2291632
1.8802527
5.23947
2.5438426
1.9279387
2.3322797
1.7670915
3.9452078
2.343978
1.8809503
1.1931533
5.677783
0.75904775
8.313479
1.0944729
3.8883257
2.3975458
3.688264
3.0037422
2.4188225
3.1743145
5.4164433
0.5535488
6.438472
1.7328
3.3335607
2.5778883
0.32463825
3.5428762
2.8205602
3.4730566
0.96908283
3.6574605
1.6144699
2.1299984
7.054066
2.3739474
3.3014524
2.880218
6.957873
1.0041672
1.4318736
3.4104407
4.617735
1.4553549
2.2321966
2.1424437
2.074308
3.007083
2.5022233
2.9793534
3.9768505
0.53153616
3.2005231
0.51643354
1.9556977
1.0449194
2.3261318
2.2494166
2.5963554
1.9660262
5.170868
1.6020892
3.901486
1.4827856
1.5170085
1.9566404
1.834882
2.3840492
3.1768868
5.641741
2.6990159
1.6716325
2.5467575
9.160223
2.5550566
0.6457926
3.5193365
2.4736416
1.7759893
3.598667
3.6418233
1.9636879
5.29244
3.4763
1.914953
1.8195338
0.9998212
0.23186474
1.507388
2.3594646
1.6156406
2.090076
3.071448
3.3323417
1.303926
1.6533574
6.4064136
2.0464706
1.4438624
3.0263567
6.0660834
0.81601703
2.2061856
2.636913
2.2532966
1.0589331
7.152782
4.787153
2.5126498
2.4107091
1.0674747
0.41387787
2.7695997
2.9211235
0.77819955
1.704294
2.8969069
1.0623882
1.4511224
2.0087302
1.452509
1.6741427
2.5670948
3.6986535
2.6792703
2.766023
1.2032882
2.0888033
1.772758
0.35547215
1.9313254
2.6612957
3.0689816
1.4039578
2.4286654
2.1886077
3.9782753
4.6477485
1.4163772
0.72825456
3.4823735
1.0964277
2.8738143
4.932104
1.8933865
1.3336074
4.1923184
4.018903
4.077514
3.6105
2.750293
4.5327477
2.8704243
3.8503358
0.7886153
4.7054396
3.2878654
4.1637044
2.7315094
4.4191785
3.4770377
6.9019074
2.859803
2.7192097
3.8911045
2.4298043
1.2253481
6.0960484
3.068754
9.856491
5.0676117
1.5565996
0.7799625
2.6493149
0.6035621
1.8027022
2.9038227
1.9799161
1.3844732
7.6613207
3.3371317
4.69216
1.4324839
2.7426548
2.1988342
7.4382086
4.251119
2.2301645
2.3085883
1.2024509
6.4957013
0.6437382
4.280932
1.5490915
2.2258205
1.4419452
4.5316978
1.1251652
3.599728
2.903822
1.3419155
3.3170516
3.693844
1.3138969
5.358881
1.8171468
1.3556061
1.1159892
3.891102
1.8322971
2.6203628
3.0515766
2.128856
3.2384672
3.3524685
1.1959633
2.6412945
1.9441009
0.95141333
2.0121036
4.4785933
4.79415
3.1456397
1.5290849
2.646001
0.7153644
1.1272814
3.518764
5.8969684
1.5830665
3.797989
2.01886
1.751401
2.6831675
2.681013
2.1601408
1.9586468
1.4370065
0.9503384
3.6431255
2.2414026
2.0027573
2.3953886
1.3776883
2.1951802
3.6898453
0.8557089
2.8742082
1.0300896
3.3626971
1.280721
4.6417627
1.496012
1.4793288
2.2951136
1.0898011
4.4830723
2.4961197
42.82813
4.964561
2.4813437
2.7897666
3.4585452
5.809228
3.226306
1.6491193
2.6168735
1.3431369
2.387563
5.441776
1.1944776
4.4726906
5.5844803
2.0902565
5.283905
2.4858723
3.9897494
2.3985047
1.5469698
2.9391534
1.6093794
0.63463056
2.074178
6.7806716
2.3942378
2.3685634
1.8062408
0.78693205
2.8222222
1.6667436
1.6216271
2.2766716
0.87762517
3.276738
3.3808708
2.2269733
2.4069242
4.9066286
4.402209
1.2507114
2.0241144
2.6703985
1.0189301
4.9214535
1.8150882
4.9532223
3.0620131
3.546031
5.046129
4.0083323
1.6041315
2.7130306
1.5093833
4.533785
0.2635184
1.7902298
3.128284
5.635893
2.2575185
2.6039255
2.7837384
1.4052309
2.9473233
1.2258928
2.3240073
1.8275001
2.458917
2.411122
2.081788
3.8205338
2.596308
3.5447834
2.561899
3.0792553
1.6366609
5.4395423
3.8608632
3.0773213
1.0325909
3.4511597
4.7690234
1.7575706
2.2223613
1.7000449
1.0227531
2.327375
1.089744
1.8214625
1.5243683
4.0767136
0.5120745
1.4012302
1.2569884
3.7431855
1.2834377
9.137293
1.638427
1.4953713
12.678488
8.873028
4.750784
1.7748958
1.1097254
2.664555
1.9496614
1.8943743
2.2159903
0.98817295
0.25730544
1.6702988
0.9506527
1.8597174
4.376152
7.6633587
0.8342992
1.1527051
1.097321
1.8796026
2.2677345
2.6016643
1.9064451
4.058637
2.1184082
3.9190829
1.4447541
0.9727749
2.76048
2.346914
3.1510959
2.630548
0.8416804
5.9781446
2.2985878
1.4491692
3.2058516
4.326609
6.4815907
1.3680675
3.0752099
1.9288821
4.0077863
1.4953027
3.355886
1.5779656
3.0457377
3.1098893
5.3396072
2.4389007
2.105489
5.762089
2.3499634
1.7728981
1.8348107
2.239941
1.5472199
3.198144
1.4072285
5.783528
2.1620836
2.8566186
2.8244054
2.3088248
0.6691953
0.6378093
1.0089283
3.1489086
2.6910486
1.4603908
1.3817679
1.9656508
4.265059
0.704693
3.7511725
0.7940306
2.104156
2.1351907
6.401683
1.6874914
1.9747355
3.085953
2.4372337
3.2223198
2.2811098
2.0531442
3.545206
2.3546364
1.1880163
1.5548875
1.147408
2.6409602
0.7512101
2.204176
2.8787987
6.211483
1.6957006
5.1234355
3.745902
1.2847958
1.7415533
1.7910398
1.6629049
1.1014503
1.0981585
35.662212
3.3349104
1.4436969
7.1765184
6.694617
3.4725528
1.9942476
1.6640059
1.5468647
1.5274352
1.1770159
0.8282477
1.0172179
3.3190136
1.7320558
1.6198742
1.4253858
1.7637981
3.109588
1.9123489
5.3041787
2.1765532
4.223448
2.7636175
2.4447172
1.1788422
0.49739453
1.5423751
1.6507784
4.197953
4.258256
4.950091
2.200862
1.7975615
0.9366998
4.5720825
1.6379012
1.4721663
2.3023944
2.1606321
1.7597961
1.2898041
1.8881375
1.578995
5.608651
2.053519
92.20113
1.9309689
3.6429298
3.3515682
1.2117676
1.5625318
2.480302
1.9956242
2.3899207
1.2281687
2.6925583
1.1538854
4.838498
3.5117824
1.8768655
1.2878604
1.2637069
2.060345
3.242487
3.6615832
2.6217358
3.7243872
2.3492956
3.0901237
2.2022173
3.9560347
7.4510803
3.1703842
1.6163949
5.261411
2.9150445
2.565731
1.5360456
2.5304434
2.2443407
4.353846
0.5520986
1.372759
0.4940461
6.5233927
2.7262628
3.1044004
4.09758
5.293325
0.40205526
1.5812371
4.544211
1.4787042
0.96229637
3.9823356
1.657666
3.3369095
1.5629112
3.2074761
1.6863123
0.7837084
3.861934
3.2417905
1.5413922
3.9825158
0.48868516
2.2990348
4.3945737
1.4894094
4.1575327
4.259849
0.8614366
5.2294207
1.5126264
1.1044753
0.9231901
1.7740027
4.933697
0.6339509
0.7605961
1.990422
3.8899102
8.248329
5.184949
3.400432
3.43375
2.9197075
3.1002326
1.444389
0.8957193
1.7353677
3.0725615
3.3867564
2.0791123
2.779752
1.0624914
1.0672613
1.9465941
0.840894
6.0732164
7.167504
1.6423842
3.536283
3.4609804
2.5652523
3.153489
2.6139877
1.4520845
2.9189887
4.0232725
2.1410773
4.9085
0.867627
0.9619454
1.8622966
5.601394
3.6116762
2.8990247
5.508075
2.9386384
4.7220297
1.7422152
0.9913123
1.1062657
1.9066992
1.9757136
3.9503057
2.2651553
5.975135
5.039362
1.2031136
3.8948622
0.40041736
2.8041818
2.7428088
1.7669591
6.625593
1.2113099
3.3713055
1.7432938
4.400791
1.9658341
7.6892586
1.1357187
1.9711735
1.9800665
0.59165215
2.0170767
4.1136036
1.2029805
3.366328
2.6596003
2.187735
1.462975
1.2330843
1.8636084
1.7086093
0.969339
11.185989
1.9540862
3.545932
1.672115
5.3052325
2.3739445
3.1027958
2.0933788
2.8056357
3.5261943
1.9778601
3.0116618
0.4251072
2.9968643
8.573416
0.97873443
0.6777485
0.3980832
1.3700178
2.1494024
7.3096194
4.165142
2.1748147
1.5176069
2.8424585
1.345594
2.4413896
1.923639
2.8045793
1.4313941
7.391733
2.3138075
4.0595593
3.4073393
0.7815818
2.023429
7.319916
3.1527283
3.4622018
0.92500234
1.0470054
1.325979
2.4942892
2.6101298
7.6019435
65.82354
4.2769175
6.876894
1.7149565
2.1555698
0.4043684
1.9703418
1.04697
16.655436
1.2644391
1.4333036
3.8292823
3.4364595
1.072199
1.4178756
5.394622
2.5807605
3.379812
4.2968044
3.1448245
1.3018376
2.2998295
1.6183511
4.0522084
2.45088
3.3751338
3.2611735
6.099834
4.0410213
6.8029456
1.6405417
3.0370052
2.7542424
3.6703923
1.9600122
1.069912
3.7567022
0.78487206
1.7013987
3.649814
3.6915398
1.306942
2.4735725
2.542158
2.42988
7.194727
3.0202596
10.787883
2.5402513
2.778274
1.1661057
1.0346193
3.1131916
2.8440897
3.7566445
1.0140997
1.0619305
5.632242
4.469822
0.5400063
0.84494054
2.8606045
2.731688
4.4770217
3.9014547
2.0293548
3.0064132
2.5378199
6.275622
1.7744792
1.6672784
1.2923985
0.99941516
1.6228751
1.9446423
4.137818
2.8531566
1.8202307
2.1015196
2.1550293
2.6715784
1.8721511
7.64266
3.4316888
4.6700964
5.9229994
2.1274016
1.3048172
1.2951152
5.7171745
3.1428323
1.9798338
4.4067035
1.5509986
3.063496
3.2101543
4.007402
1.15127
3.9347582
2.243979
0.8785498
5.0096207
0.93327725
3.0151167
5.1797633
5.8997536
3.8085628
2.9425766
4.922986
2.3761375
2.6018403
2.220585
1.862166
0.6345669
1.9793446
3.505054
3.2814074
1.5288694
1.5821675
0.8362196
2.083557
7.6296015
3.5054903
3.775768
0.38563123
2.181828
1.7647188
4.8713036
5.1719613
5.7981176
1.8063412
1.4971893
1.0885043
0.73810685
2.8828022
5.0003247
1.6339781
1.4378668
3.0461442
3.4521246
0.7042877
2.6427763
3.4512923
4.5834494
2.2468328
15.124205
25.624537
2.058509
3.7423944
3.7334692
2.5014448
2.123267
2.3963304
3.3818972
1.5647178
1.678183
2.9796922
1.2027534
3.0168715
2.2687242
3.7701588
3.3590815
1.4035888
1.4940745
3.904606
9.273814
3.7362068
3.618467
2.3514633
2.0819638
1.3772836
3.505248
2.3755677
3.9720223
4.3497496
3.045835
3.487446
3.3440402
2.3315728
1.0329475
2.7832236
5.9293885
1.2385869
4.4354744
2.4119732
5.418015
2.6011527
3.5632155
3.2274182
1.0478953
4.026114
1.8549056
1.3200673
2.0626018
1.4082592
0.6424728
3.1078625
2.5352397
3.2099783
0.728371
2.8549216
4.5141845
2.5061405
2.4917638
4.78308
5.381563
2.9740617
3.5909157
2.9046457
3.721997
1.6056932
1.7390075
2.9067996
7.049569
4.555265
3.9331543
4.517309
1.3210342
1.7269061
2.2655811
1.5026196
1.6219633
1.5525095
1.646332
1.1463729
15.051631
3.8916993
2.1281128
1.5379924
2.4838912
2.4688964
2.4108908
1.8547376
1.9493
4.045372
2.3277693
5.6965704
1.963693
1.5543559
3.6831136
3.0689225
2.0026486
3.882923
1.1465667
3.2419565
5.51062
0.6782894
5.224148
3.677404
4.129337
3.585386
2.8075135
1.3616191
4.8319793
1.8069217
5.019925
3.1611705
2.1032233
4.0518312
0.97030723
3.6186054
1.9507357
1.3216078
1.291444
2.0703192
1.0472962
1.6564984
1.0739236
4.0598216
3.0681262
3.4122102
2.1915152
1.4464371
1.770148
10.0062275
2.7961085
2.0133185
2.2939296
4.4870043
0.798328
1.2189618
1.9172393
2.5829256
3.3375232
0.87493527
2.8005803
2.128869
3.5348694
4.0262423
1.4724334
2.2791524
1.0284419
4.336929
2.294102
8.166921
0.45284963
0.8164007
2.4263458
3.8650732
0.90216506
2.3296661
1.5502913
6.978751
4.7053514
1.3913121
2.1258833
1.2865902
0.4303678
1.0532746
2.8814254
2.0542364
5.6097903
3.6125424
2.2442772
1.9264867
3.2614453
0.80992675
1.7509243
2.5367682
0.99358153
6.4537387
1.9672722
2.989475
2.1250322
1.865286
2.7010822
3.4564688
1.3500015
1.71012
3.0680912
1.2400407
3.5243123
2.8166199
1.4564383
4.389884
2.1824622
1.5802182
2.4301667
2.5596552
1.4839257
1.1984562
5.3143353
1.2900538
1.166576
1.7052616
4.3965864
1.9950408
1.9112902
2.5811188
2.340156
1.1392016
2.4269457
0.80538815
5.360409
2.6910536
3.8415995
3.2581527
1.1097362
2.7550285
1.2932955
5.5063486
3.7487783
2.8282573
3.714266
0.9156702
4.523145
1.7629544
1.2567455
3.7357643
3.5981631
0.66828
3.035189
1.0886414
1.5941929
0.8663612
3.9178233
5.055886
4.960298
3.4046936
1.0957844
0.38889825
1.6878803
2.0269454
4.0351257
4.494323
0.99293494
1.8161322
5.373678
2.770063
4.4703918
4.272807
0.57423425
2.4851546
4.623143
1.1924591
3.6584024
1.5279839
3.663183
2.892581
3.6332884
3.2126467
2.7676384
1.8294287
1.2771934
2.4021301
2.2896621
3.3513248
2.0502026
1.5786018
1.1074675
2.8224096
4.9973297
2.965947
1.0432004
1.3115501
2.0730648
4.0862474
1.9478079
1.7255161
1.0342593
1.670779
4.2297225
1.987121
3.406232
5.675918
2.6636145
0.63864404
2.4403133
1.8230728
7.781045
5.855904
2.5896611
2.5484736
0.8601069
1.5295717
3.6033077
3.260166
1.9675615
10.700256
3.4906907
2.067417
1.5242901
2.0082068
1.8976712
3.128074
4.716588
2.856342
1.7435954
4.585709
1.0282767
4.618552
3.541968
6.040182
1.1173067
5.1492705
1.6579435
1.8568321
0.31161928
4.0854177
0.93481684
0.73384297
1.072903
1.5756861
3.5782356
2.5255795
2.475623
1.6829296
1.1834804
1.421755
1.8964677
4.1552577
3.2894816
2.6320438
4.6296716
5.7168746
2.9358518
2.8232427
4.0283704
3.9607766
4.5140543
2.987117
2.835835
3.8351843
3.13839
2.3264897
1.4604853
1.7528273
1.2687637
1.613078
1.4802974
2.388305
2.7337227
2.5227363
1.7174423
0.32545313
2.9994578
5.988128
1.6253759
2.6417463
3.8569944
1.9973253
3.8877022
1.6559678
1.9095916
1.3038534
1.9474257
0.5513376
3.0780528
1.0363455
1.7618585
3.183921
2.8889325
0.47983888
2.3665245
2.381886
2.0910895
1.7370081
2.4932852
6.6227183
1.6455634
4.858509
4.7669697
4.9710107
2.8592734
1.3928444
2.2530265
1.3745725
3.9283264
1.9766169
3.224193
2.03119
1.5960089
1.9663379
1.3084282
7.150269
0.6770156
3.987741
6.238608
0.82722956
2.7811403
1.4268553
1.2735449
0.70693654
3.22918
6.5666585
1.7034353
2.0092182
2.8474712
3.3696587
4.2346272
2.563605
1.574494
5.4006476
4.9022937
9.05364
3.2834828
1.8239559
2.990499
1.9401506
3.6788058
0.99759996
0.9473779
2.7888026
7.236439
6.4057226
5.157891
3.1913056
2.1721435
0.80594057
2.7954125
8.960422
2.1426625
1.5530071
3.1127326
1.870923
2.5939012
3.9165988
2.6054757
1.5317754
2.1427565
2.2538033
3.0271342
2.4537272
1.8727853
0.82321817
1.7319977
1.4679244
3.1279922
1.2670283
2.557162
2.484736
3.3448448
3.293221
2.176531
3.029247
2.7130349
5.3459005
0.9235617
2.0487099
3.302582
3.3193886
1.739566
2.6148639
5.615979
4.9507556
2.8118143
2.1916373
4.61269
1.8290616
1.2388026
3.6859803
2.0370321
2.129356
2.5947998
1.6542034
2.8938851
1.5546895
2.5323417
2.9679441
3.4593606
2.618487
2.982124
3.861575
1.8104607
3.0652428
2.4539225
1.2201637
3.218925
0.804897
2.4238915
52.460823
4.755195
2.615004
1.7396528
5.4483457
0.5118875
2.4856722
0.25971392
1.6289129
2.23317
6.575116
7.330277
0.30810145
1.6481761
0.5642584
1.4818839
3.1117406
4.416397
2.0192363
1.6269338
0.7262528
2.2141712
1.4473968
0.9141054
2.64043
4.2718306
1.0843632
3.8378394
4.419136
1.2851654
0.99945176
1.7574984
2.0261838
1.0716997
1.8124045
3.4417484
1.3130434
1.7446918
1.1386778
1.6597193
3.7437086
6.8962736
0.8417009
0.7761821
3.0109184
2.6709347
2.920583
3.6745725
4.6960444
1.2469712
1.5543869
3.352292
1.4168845
2.0847218
1.2864163
2.047911
3.4291496
8.328589
3.9703803
2.498229
0.7907051
2.663571
7.918363
2.92101
2.3202686
2.5141914
0.5521889
2.717529
2.479445
1.7977922
2.6542788
1.4647337
1.2992674
7.4722543
1.927732
3.7884681
2.9984715
0.8634512
0.55911475
2.7793863
2.9226873
11.659012
0.8459104
1.3763281
0.6231698
2.3143857
1.1213181
34.408375
1.381591
2.4292858
0.62083274
2.7644088
2.0255857
4.310707
2.1260793
2.222523
2.7346516
3.1309063
2.3501465
1.9829255
3.0140743
1.9293213
1.5029485
1.702825
7.660918
2.102864
3.3197212
0.36468878
1.8070351
3.7945864
2.6649902
2.3972223
1.0996796
0.41716537
2.2833061
5.7387342
4.244172
2.0437365
10.686465
0.23209566
5.0914097
0.5163616
2.733621
1.6846713
2.763682
1.968331
1.7363676
1.9129052
3.674495
0.52847856
4.724724
2.166782
1.2529066
1.8412498
1.9427491
2.3331316
1.946021
1.7023453
1.2717794
1.5980018
0.8910975
0.72676057
6.250819
1.1386628
3.0513988
1.4711308
1.9936291
5.4252605
4.3766885
5.1404195
6.104329
1.6297615
1.0683807
2.3661108
3.7394032
2.804797
2.441955
1.5419364
5.022262
1.6343505
2.1314895
4.7047276
2.591093
2.7946332
3.4720144
2.4971433
2.1724741
1.1829543
0.6328684
1.2348394
3.322086
3.618678
2.9065907
2.8014364
0.5945863
3.3301253
4.0376687
3.8045688
2.4337838
2.396742
4.1295586
1.4161118
1.6238523
3.1470294
1.0580112
2.0998166
1.9964
0.790462
2.572732
5.3042707
1.5493517
2.3723416
2.9118931
1.285181
3.556687
3.2808907
3.6489277
1.462908
3.2825255
3.4257288
1.6687068
1.0389568
1.5297174
27.282417
4.080691
2.0835137
1.7268987
1.8034801
2.4648364
1.2248273
4.417588
1.834328
7.3677106
4.7002435
3.476714
0.86755294
1.5058651
1.8932468
4.825674
3.3657215
4.449994
5.14374
3.6916018
2.5491838
2.4453597
4.1568856
6.030743
4.7044606
2.2088678
6.0416408
3.0412273
1.7026902
2.7429528
0.8356845
5.958814
1.240527
1.1694643
1.4530826
3.519464
2.5173528
0.43617153
1.6367558
1.5610704
4.4298806
1.5463616
3.37984
4.883938
3.8057854
0.30774197
2.6345258
0.6638031
2.2812643
9.625806
2.7718835
0.93308544
5.428597
1.6920351
3.0199294
2.0799212
4.527551
5.61029
1.9891894
1.4838108
1.7288952
4.634092
1.6058077
2.429812
0.8080062
2.296891
1.4160966
1.7636766
1.9280465
2.3451269
1.3716624
3.1059446
1.5380297
3.0270135
3.3148952
0.6281675
3.084518
3.3533933
4.987162
3.8112411
1.3637065
1.2871411
4.655892
6.714059
1.2840389
0.6566118
1.9375744
2.4007432
4.6491566
21.710924
2.9768379
2.909202
2.0450392
4.781056
4.0275445
6.559746
3.2464402
2.2276921
4.6584234
1.5100082
2.793699
1.3545094
0.9043724
4.862853
1.852291
3.1185393
2.3747134
1.3242924
1.6304876
2.6178546
2.661269
2.9296818
2.9196293
1.5147334
4.858206
2.0759997
2.7693927
2.3269415
8.733479
5.3835816
1.3805248
3.715085
1.2848277
6.4142075
1.0947424
2.8435297
2.854643
0.7564101
4.464102
1.5425637
1.8708583
4.735582
7.9349065
4.4179673
2.3274617
1.3926957
1.3956058
4.6329975
1.7304854
2.6902704
2.7221298
2.0367289
2.0773458
3.718524
1.900498
1.2047424
4.5766993
4.4894567
8.730829
4.97122
2.0183327
2.0788803
6.288433
1.0156703
1.9945419
2.461732
1.31746
5.3946276
1.0440983
1.1582054
4.9575987
1.5326298
6.0150533
1.7323205
3.764225
3.587081
1.4449345
3.1840794
2.5691366
2.205478
1.0970335
2.0075321
4.321934
4.978058
1.1068809
2.5654588
2.5657425
4.893874
1.7069105
0.41524267
1.7165256
3.409572
1.769143
4.900526
1.2548758
7.2475023
2.2230952
1.8265013
1.4272029
1.9481182
3.1975331
5.1662965
1.5538583
2.5285065
1.7917295
6.1608834
2.7125301
0.74024695
1.7441674
0.73778045
2.2595077
1.1541585
4.2842336
4.828426
3.0123425
1.0421515
8.210024
4.0332174
7.68749
3.168629
2.197256
0.6189033
2.0007899
5.09772
1.5611967
0.6646371
1.9940872
9.030852
3.172486
1.0245565
4.8579745
4.8642507
0.80874056
2.4860504
1.0276414
3.2081788
5.219611
2.6484587
1.223371
1.4946637
2.7451155
3.3804734
4.5252433
2.274503
1.5294614
2.3474953
2.1172588
4.3211784
2.8475442
4.754177
0.9306372
2.4876883
4.5892873
3.3035326
3.478365
2.9687898
3.0629013
1.4481931
5.42731
3.2493339
1.5069838
4.7736053
4.0714116
4.2644215
0.78692985
2.5979495
6.208629
1.3596445
11.482295
2.8908703
1.1874125
4.266319
1.6837134
2.2561016
4.016172
2.8049023
4.657685
2.433169
2.9697824
0.53701246
1.2252266
3.26094
0.39185807
6.375229
1.3525997
2.702364
0.6184114
3.0520132
1.9559357
3.9240155
1.340245
2.6056888
1.7839888
2.6122515
2.8672032
1.1301258
3.7462382
3.9873312
2.36837
2.7271702
1.5049598
3.8657575
2.6563256
1.782824
2.4709213
1.7299353
5.2643137
1.5577075
0.7186133
1.4851962
5.360216
2.9008584
11.019458
2.9168983
1.5533966
2.6967387
4.1292853
2.8792477
3.617922
2.0514655
4.830372
4.4153776
0.93602246
3.9416933
2.2871737
3.2690701
0.5016208
2.4031827
3.2766278
0.72941333
1.8046712
1.2761801
2.0835872
3.606086
3.7236931
2.1373312
5.9031234
1.6963645
2.4840372
8.259529
1.4755485
2.408154
1.927919
4.7358994
2.1524203
4.6582727
1.8694385
1.5865824
2.085957
5.496001
2.2127383
3.2389922
1.7149504
2.3877192
1.6491196
3.252679
3.0445578
2.206865
2.7191129
1.5143028
2.3750784
1.7823508
4.6181245
6.0430326
1.6189456
2.2786434
2.500962
3.1105855
2.3440223
1.7658368
5.579697
4.2151794
1.1620182
4.5079393
3.2566154
1.7965678
1.2487252
0.97220993
1.4452451
1.6560467
3.8629973
2.5639434
3.737755
0.76849115
1.2895087
0.9971263
3.5448592
0.75600094
0.48510838
2.2287054
4.7799916
2.5921698
1.2100154
2.4393725
4.610767
1.984457
2.3550406
2.7759712
2.103844
3.7755723
5.6906767
3.4477017
1.8295735
1.7240217
3.7236638
3.8677535
2.8216438
3.761055
0.29120415
0.52692705
3.5943253
0.91888934
7.1644077
6.0681477
3.1637955
1.5372972
3.566187
3.1995287
0.9695821
0.16986519
0.3301752
1.9486115
0.31722862
1.710853
3.9802744
3.8751657
1.5207753
0.7840039
1.9416006
2.3101661
0.9978096
1.6808509
1.5950485
2.0411885
1.9709648
4.274905
2.4174054
0.777516
2.6654031
1.3671556
1.421413
4.362368
2.5439696
4.562171
1.9851846
4.7100945
3.9968696
22.450272
0.4719299
3.7774181
1.9486378
2.9962456
3.0155153
3.306236
1.4981928
5.0161886
3.2691061
2.2796893
2.3413558
2.9951425
4.909965
2.6485758
2.0036345
1.283121
18.317362
2.8739915
4.8294272
1.3707039
1.0795249
0.44610342
2.9022567
2.7595837
1.552646
2.215369
1.0486518
3.0296154
4.939613
3.909385
1.3638301
2.3268497
6.956141
1.6130604
1.721094
2.3335407
2.0672693
0.53129274
5.4110956
1.3247317
1.1082544
7.7603507
2.7178905
1.3270859
5.128544
1.9792607
6.808907
1.7705977
2.74706
1.1636685
3.53633
1.5693816
2.4525874
1.8672893
2.1178875
21.855886
2.970041
1.8727278
2.3060467
5.70753
4.3067
2.135995
3.2011113
2.7217607
3.0152502
5.7368174
1.3990227
1.305921
5.462322
0.6452283
1.1505919
3.2599077
1.8467208
3.7883918
0.78006095
4.8375683
0.6629496
3.9083996
1.1181873
2.4838302
1.942442
3.210415
2.016953
4.667021
1.1458727
2.6233878
5.130491
2.9576216
2.481902
0.7021503
2.6782482
3.3244843
3.7370915
8.312193
1.4812452
1.682618
3.2085502
3.8194277
5.143945
7.276351
7.6962576
0.89901286
2.1772819
3.9304335
0.8026287
10.080699
2.4409404
1.593373
3.184771
2.2831888
9.243468
3.1257482
2.871367
2.4017603
1.2384268
2.3431535
3.2991557
4.766993
3.752469
36.155178
2.2358878
2.1256566
2.1089141
0.7605401
4.3351746
1.8829912
1.4556919
2.7486134
3.4668162
2.1153536
0.85285157
3.2659767
3.847018
2.5703025
5.8334036
2.7693145
3.543305
2.0203876
3.8689554
1.3809013
1.5670596
4.617935
1.9130813
1.8046315
2.855108
1.4897572
0.5843752
4.42288
2.4054523
2.1727808
0.40885535
0.5084662
1.3266686
5.4030027
3.4620898
0.97633743
9.045939
0.47444734
3.5867734
1.8966916
3.5668437
2.7117367
1.5275306
2.6245894
3.7817652
5.0849886
1.5680828
1.3895941
25.923273
3.2624042
1.0873013
2.9978278
5.5040884
0.55958927
2.0812867
2.7711468
0.72325104
1.3513582
2.6343749
1.321275
3.5597806
1.6421088
1.3591692
1.1113552
1.6058167
6.342524
9.093646
1.1161318
1.9311427
1.1452981
1.9408298
5.6166053
2.1591244
0.3981307
1.9221057
3.8598
2.0474133
2.857918
0.6953645
2.3338761
1.7633915
2.4522038
1.9659449
1.7318221
1.6550403
1.8345504
2.3973045
2.8268044
4.0762877
1.1961731
2.0801787
1.6258063
2.4836476
4.1969066
0.7721163
5.7671137
5.098017
1.1700611
2.3040423
3.3067455
1.2727879
1.9603727
2.3697138
2.14226
1.91117
2.547019
12.084584
1.8467447
0.95365214
2.1868405
1.7282467
2.6404557
1.8843353
3.600639
4.0447545
0.79625463
1.9672606
0.27056926
9.359307
3.6663435
1.7204936
1.1251284
1.5170622
2.6685
3.1728997
1.2427697
8.941297
1.9385213
17.220991
3.3848732
1.5215095
1.2025217
0.6916106
1.8013606
1.2253757
1.1260172
9.204313
1.3764344
1.0333911
1.8461912
1.2281808
3.0769064
1.6850666
1.018013
2.6381285
3.400518
2.746304
2.723303
1.561971
0.7254709
2.0679107
3.3585377
1.8025354
3.3237338
3.1132112
0.8284665
5.405326
5.461994
4.0964694
3.781682
0.63428533
1.9889445
0.9802341
2.0122106
3.9652731
1.6452575
2.4354525
0.9086643
1.8306458
3.648959
2.4925177
2.547056
3.246592
4.0914397
1.2623018
1.0071698
3.6414073
1.573507
4.2012963
8.791967
2.1819975
2.3439147
1.9840728
0.70706105
0.2938405
2.9973984
2.328152
1.7643088
1.0108722
1.4639904
1.5585887
0.88520557
1.1554255
4.8570266
4.186835
1.3025824
11.442077
2.0106478
2.0013287
1.1230985
3.3543274
2.258227
2.0006344
2.5014422
1.5184364
1.1802772
4.7542286
2.7448947
2.2831209
2.1713443
2.0808146
1.2562228
3.4992955
2.4286497
5.365882
0.37895283
3.0694034
1.4475402
0.89118624
6.004141
2.3053503
1.478021
3.6107256
4.44015
1.4440914
0.87258124
4.8165035
6.1924396
4.6991806
4.381485
8.205618
2.5025103
0.7831373
0.39513648
1.9257169
6.2239537
1.5541953
3.1847637
2.952746
2.334592
4.496791
1.6114787
1.4005088
4.6485505
2.3248541
3.7612135
11.582623
3.5905545
2.109914
2.4436438
2.584349
2.7714171
3.2350054
2.9638371
1.6941483
3.8041897
1.5513414
3.3954098
1.1384225
1.4267544
3.9205527
0.9212083
1.89656
1.9798299
6.292916
2.3387415
4.2921734
6.410977
2.454188
2.7278256
2.8403227
1.9565232
1.9433025
0.76598644
2.7983384
0.6292618
2.756942
2.9982398
1.4465897
2.4479907
3.9333699
1.5026377
2.8270628
0.8424733
3.414615
1.6018146
1.7989826
0.2549643
1.8997263
2.3385644
1.1240243
0.24691758
4.099463
2.1917145
1.0897567
1.1888468
2.5607963
4.3676004
1.2428974
1.5481529
6.7431374
2.0317848
5.4283695
4.992801
3.2255032
3.2156818
4.8401155
2.6393812
2.4094522
1.6353593
2.7003534
0.4248876
2.9362955
1.556055
1.3842887
1.5795895
0.82493067
1.2777033
2.5043678
52.061882
0.5327733
2.2715251
2.1810987
1.7969551
3.3091874
2.0882685
1.8288121
1.6084508
0.8978607
1.6014453
1.776831
1.8088926
1.2198663
5.492781
1.8482007
80.15948
1.0659325
2.1825094
4.2567086
3.325373
1.2306846
1.857992
2.1518064
1.5725223
2.3060958
4.6826534
3.3148847
