1.5776905
2.6065235
3.4983728
3.2313242
3.6009054
1.5791584
2.3106198
1.3953967
3.4282403
2.8475006
7.522139
3.005376
4.2934394
8.935969
3.930817
5.312236
3.1866696
1.8328344
5.107975
5.7342744
2.8119867
2.7368946
1.9855956
2.6287985
2.462829
1.3049904
2.433931
5.0886865
0.96070045
3.3514364
1.8308609
2.4827108
2.1778402
1.8498299
2.8152442
2.780223
4.2983522
3.1379893
2.66061
4.1691136
0.91050744
7.1812043
1.8021102
1.556208
4.143942
5.3527994
4.962367
2.9603558
1.0979052
1.9173987
3.8780377
3.4376912
6.4304338
2.3825984
4.1060805
3.1458457
1.1938295
0.7528585
1.4658197
12.667137
0.67248577
2.2725632
2.6589642
0.87534744
1.4261048
4.878379
3.0776734
2.0307477
1.0919278
5.547599
1.850311
0.65127873
1.4735923
2.5481472
6.1246586
3.788476
2.5597513
4.003036
1.0255454
3.4541547
1.7581383
6.172201
2.5122366
3.4494324
1.525256
0.8289125
1.8579855
1.2836761
3.579459
2.7944493
3.802146
1.0468303
3.0068944
5.883567
10.402022
4.8427672
2.296534
3.312173
7.5766587
1.0979512
2.9977734
1.6573131
2.010103
1.5942934
2.6838245
1.4418404
3.8594067
3.6488726
1.8300138
0.18776816
1.7861017
5.357344
4.1000648
2.5634055
6.30657
17.375586
1.6671844
6.8469343
18.035564
3.4388492
2.2873232
1.7258272
0.9283789
4.4157763
2.074903
3.6098225
0.9242013
1.3286053
6.1658664
2.1026454
1.885449
4.2282333
7.551148
3.5226746
3.8046596
4.3802214
1.684312
10.150407
5.3689213
0.9966306
1.049095
2.4010396
2.8216536
2.9034069
5.5377855
9.618734
2.4677117
6.6155496
1.2835993
3.6189103
2.4428372
5.078541
1.8888903
3.9903796
2.5764759
5.7167144
4.486412
4.580285
2.747452
5.0841956
0.6679863
0.8526407
1.419518
3.7708695
3.551816
4.6137366
2.267063
4.193714
1.6933361
2.0301151
5.666943
4.578409
3.012765
2.3985314
3.9062786
2.9230785
2.1660643
2.091512
1.8452237
2.8432255
4.044957
2.8784134
3.015984
1.5096178
2.3928232
1.697206
7.8228803
2.6332731
52.120617
1.2686093
6.5093307
2.6008809
1.5015363
3.6030414
3.6787965
10.444245
2.550633
1.1980242
3.62008
1.9577824
0.8844923
4.5098395
3.110842
2.7155504
7.189839
3.968456
2.7600374
3.0574393
3.4575377
3.9999933
7.0194316
2.3662663
2.8648922
3.0354342
2.064457
0.6475444
4.8400927
2.1435807
1.1682018
0.67098665
3.3039546
5.448727
8.4033165
0.2989256
4.5878863
3.5964677
3.1329336
1.9990095
3.052315
1.5478398
1.472906
5.219788
3.011406
2.9844143
2.7987757
2.3427212
3.736166
5.087396
1.9586722
2.6987293
4.038462
1.0566252
2.5913315
1.4925349
4.1027
4.8287706
3.34623
3.0588236
5.2167435
4.731003
3.4978392
0.8087475
3.0362005
1.6641057
1.9897155
1.8913976
1.2590339
2.1586213
1.4419972
3.4544065
2.6871147
0.62789154
3.7740068
2.9462576
4.51568
3.3679376
3.3262458
3.6743653
10.275074
3.586517
5.617605
4.0611053
1.8371391
3.3879826
1.0077837
3.2528272
1.8777813
0.7324818
1.0273361
1.512382
1.555982
4.1230426
3.9771247
3.3243845
3.7810974
0.8322513
1.3010784
3.5059524
3.2500463
6.005096
0.9528494
38.67894
3.9782984
2.564467
1.8209144
5.1978846
1.4982525
2.0955422
8.281396
1.7452002
2.6395721
5.0538554
4.3764267
0.8522133
2.7581348
2.1762977
6.0030537
2.428828
1.7466247
3.7405896
2.88824
2.6336114
1.4129685
3.0383415
3.1058643
3.3346288
1.0401973
2.1345177
1.4644792
1.1498525
2.2290614
2.7169628
1.5932329
1.4492611
2.0818675
3.6782506
3.5433323
2.2914836
4.2166295
1.9058163
1.6832798
2.5633633
0.6618357
2.4625401
1.1440587
5.860282
2.350028
1.8989367
4.370559
1.3556263
4.586978
1.6231606
2.3000731
1.9780272
4.309574
3.7420309
3.6018572
5.971616
4.101942
2.5886142
0.71665436
7.49273
3.257261
3.6353545
4.9115067
3.368487
2.0070415
1.7763461
3.3942232
2.7885995
2.945304
1.0647581
0.36994192
1.3931748
2.3193445
1.9290609
3.1619
2.0284553
4.9540267
4.529816
2.8119721
3.7874653
0.6082702
3.0678523
24.741728
4.7085133
3.0629752
3.9241416
0.55970114
0.4501765
1.7963022
3.9539213
5.608107
3.1937604
7.8187094
5.7964554
0.8560132
0.74897856
5.5076904
1.2400609
6.051111
5.983246
4.170343
4.3176327
2.4810224
3.6330433
3.019141
1.7498296
2.0863712
3.8473277
1.8477894
2.8292325
6.415027
1.1513183
2.2721205
0.4372023
3.8739295
1.117902
3.1674328
0.5717928
2.6028051
1.0575978
2.715194
4.077604
1.3618716
8.558238
6.4103365
3.304666
1.6763849
3.1782713
2.305348
4.787436
1.1828277
1.7262933
1.793161
1.2838576
0.9595061
0.902652
4.6462736
5.113763
5.9903774
3.4981072
3.3513021
3.4606488
1.2289878
7.702622
2.959189
1.7180969
3.801096
4.744152
1.7200158
4.2568097
3.8593447
3.9921758
8.300341
2.0331872
4.2967744
2.007307
2.676299
3.5319395
1.8786517
3.3627567
3.2211044
2.6601098
2.5209496
2.8565202
3.5536156
1.6169704
3.2014518
3.010687
4.105754
4.439589
1.4129795
3.5021703
2.9810085
3.2780704
2.853497
1.4131993
5.2271814
1.3548006
0.6187873
1.4875469
0.8064966
2.0095062
6.4843125
1.3289866
1.9059722
2.3390064
3.0018854
3.8832011
1.9761343
2.3672504
2.3941436
4.1166434
3.2179673
2.0244424
2.7849302
1.1511219
3.195999
7.835219
3.6303453
2.14021
1.1718792
1.2124885
2.9892924
0.8133417
3.4441154
2.1538384
4.6554313
1.5941151
1.7602552
3.4194226
3.2969742
0.9680629
2.2029424
3.1596403
3.7382646
1.9296967
2.3622453
1.1066095
8.034995
3.3545895
2.3667598
2.2573507
2.2258222
2.2270339
6.0280166
2.2926555
7.9295335
2.0307117
2.7793474
2.1813967
1.0774592
3.1531763
5.261666
1.2637274
4.302841
3.426309
1.5939558
0.73614776
3.0408175
4.3786287
3.356803
2.7182157
0.6669446
2.4165907
1.0159246
2.1292586
2.9338727
1.4512366
3.802244
1.9195988
0.80156636
1.2919558
4.9744782
4.009083
3.4779036
0.58458346
1.9764094
8.480173
2.9566488
7.6280327
9.617447
5.20979
2.3505423
5.277771
0.9451863
0.49079224
4.9584103
1.5312245
2.6791847
4.427528
1.9036015
2.3124378
4.0408196
1.6822997
0.82471836
2.1192627
1.2383655
15.875552
3.9827325
4.186544
2.114125
34.639683
1.3500496
1.7479583
3.3857336
2.9650493
1.1874667
1.8773197
6.5195494
3.228218
1.9053514
15.724507
4.958112
4.6361856
3.914192
1.3578622
6.803488
4.65481
1.1955197
2.6039793
2.887486
1.9419184
2.5744786
2.7582905
1.5038577
4.1907682
2.9570081
4.0580263
2.343691
5.18064
0.196705
2.5917141
2.1524973
1.1446786
2.9731495
4.6744003
2.0191512
3.160184
1.6235058
3.6340184
2.3131912
2.422372
5.985151
2.085244
0.59486914
6.4399095
2.083796
1.7317926
2.5608444
6.9333673
4.3312173
0.36737907
1.9289075
1.4247843
6.816144
3.481447
4.0971074
4.8546133
5.1325183
2.105257
3.3727286
2.2261555
1.121078
3.359109
1.5085238
3.228732
0.72424877
6.9182158
5.047712
1.8931876
3.5169935
2.9338727
2.7311873
6.655704
5.2634706
2.8966177
2.1407943
5.1394587
5.463872
6.865483
2.0876265
1.3266199
0.49401128
5.2870584
2.9847927
2.5144944
2.619177
3.4452035
6.8280687
1.851615
1.3280491
2.8109374
1.0798404
2.258605
2.0615623
3.833869
0.98148465
1.1887648
1.5688903
1.1896409
2.5011008
2.3946204
2.0082808
2.656112
9.082648
2.9840965
1.807955
1.8653293
2.6891866
1.9361799
3.13552
1.9335071
2.6574602
3.8654165
3.2097423
2.1780457
5.789
2.791379
2.561396
1.7932992
5.985034
2.495984
1.947898
6.246557
4.0677857
5.816828
1.4695468
6.9683022
1.2775958
2.2931223
1.899885
5.768004
1.1906089
1.5569074
3.8883762
2.7533066
3.7145581
5.092277
0.84746253
2.5866868
3.0461137
3.3085291
2.0516984
3.5445952
2.369152
2.7652047
2.4915142
1.4468322
4.107093
0.43152913
2.4857974
1.202087
2.8971822
4.206787
1.8137041
1.4043362
3.1325507
1.7784771
3.1491044
3.9636543
0.77206075
1.4662157
2.6279895
5.0842085
0.5213071
3.9802892
1.7325367
4.1172485
3.471114
1.2816875
1.2204045
4.6665454
2.832032
7.376794
1.7321544
2.9141932
3.9113212
2.6623542
5.2674932
2.5072901
2.2799945
0.8196179
5.504671
4.6264505
3.0685966
6.0177884
3.6399426
3.045951
0.8775693
3.181504
3.3865597
1.5131
2.5865161
0.86220044
1.7288102
2.9823785
0.6670689
2.4613829
1.1059458
6.6570373
8.427065
2.3822176
6.843376
2.9589589
1.8230352
1.2478704
3.7947874
4.9730473
3.8069873
4.7602224
14.3247595
6.4297357
2.404726
2.529828
9.920939
2.664674
4.4147553
2.023931
2.0948944
4.5314097
3.291911
1.684325
1.2368066
2.339224
3.116634
3.8029046
2.5597935
1.1756722
1.856654
3.4261496
5.021963
6.0186577
1.2428294
2.7496624
1.144404
2.5462518
3.2996
4.395407
3.520237
3.1528707
4.3804016
3.3415055
4.1050553
2.847971
3.6312943
3.7917583
4.1504025
3.271321
2.1016352
2.625894
5.016873
1.9043413
1.2349439
3.709287
4.803123
4.150935
0.5928761
1.7432075
0.5410408
8.5106535
2.097334
2.4910953
2.6337066
2.7222302
1.5544755
0.7429056
2.8411214
5.5409055
4.705039
3.6641016
3.7350008
1.840861
3.391357
2.6971714
8.675747
2.3092198
5.7181163
1.7745951
1.4211013
2.0683732
1.7920817
3.5557022
4.2056212
6.1852164
1.8167883
1.7848363
3.528503
2.0976288
6.233256
2.0238302
2.0260334
1.8825567
3.7986083
1.8174978
0.7733823
4.498628
1.7425472
0.68891823
5.5161915
2.8785455
1.3756078
1.0582669
0.6526018
1.7420913
2.0784056
4.137635
1.2155496
4.9810753
1.604758
2.3479488
3.7126195
5.1870213
1.9584548
6.351784
98.04459
3.8659685
2.8644638
3.3030555
0.99343
3.1012697
1.507639
4.290127
4.138098
7.1433873
8.332997
4.4183965
1.1368452
1.515942
0.86390626
1.1260436
1.6610179
1.7131106
1.4551587
0.85000896
3.1526146
1.1154313
2.9531558
2.4103446
2.2771945
3.0318882
5.9535174
3.3089404
4.041666
16.92338
3.2360847
6.595254
3.8134913
3.571724
4.224266
2.780139
3.537322
2.2111983
1.0350952
3.0394714
2.7915006
3.203509
1.4940219
3.0901182
1.1236196
1.562343
2.3357244
2.9579468
3.3948853
3.9004214
2.0486648
1.1773192
2.7224064
2.1778927
1.0526404
2.8011038
4.4074874
1.4024328
1.2238578
3.426424
1.9954399
2.1892948
1.8298277
2.2231934
1.729256
1.5785109
1.7979778
1.7465647
2.0854592
2.3522563
2.855659
3.772553
2.283279
5.10347
0.6785954
1.7818851
2.459503
1.5391968
3.7862608
0.26218912
5.4336133
2.3650765
1.7251612
2.0738358
1.2156005
1.7677387
2.7957673
2.0396621
3.3986118
3.0451794
1.9328824
7.4808183
4.8246346
4.257831
3.056425
0.9711596
3.3582437
2.5556905
1.2063705
0.6498708
2.3021715
4.4356923
3.8943207
0.7849173
3.2115095
4.3822684
3.0268211
0.62749034
3.1053598
1.3310632
2.961876
4.751406
3.0911057
1.0171041
2.6458888
5.908909
3.097321
4.359094
4.1750317
3.058142
2.5503116
1.4225762
2.019386
2.9368095
4.9794374
3.6828988
3.8021562
1.3164514
1.1416719
0.6847383
2.1077483
3.3768816
7.029082
1.7447444
2.8195603
1.5422565
3.2843173
4.4217787
2.271395
1.701733
3.4267764
3.753593
7.036232
2.3778286
5.4579864
1.6526024
2.6403956
1.41597
0.9266031
5.7313695
0.96997225
0.9831739
6.0214667
1.8222595
1.6317809
3.2756615
1.8645402
2.0944707
1.4879727
6.795448
1.8357638
1.8763825
1.8106341
3.3221915
1.1791738
6.4168267
1.0941422
4.779653
0.51297134
1.9815705
6.0218763
20.210112
1.9147006
5.835614
4.648925
3.7241566
3.1036005
4.314998
1.6450158
2.9851742
4.4244885
0.8691091
4.0515327
1.2374378
4.604306
3.86704
1.1408651
4.20269
2.7545705
4.19705
3.1605167
2.0534015
1.2667241
1.2778263
0.95174557
2.1791327
5.0559363
1.7050587
1.3818455
1.8811792
4.1495385
3.9714084
2.47008
4.0595293
2.9058623
1.756336
1.7800776
1.3708612
3.9405155
2.1351402
0.085981295
1.5538222
1.5526084
0.85668474
4.2954764
3.3230515
4.227179
2.05306
2.0887897
4.0008144
2.2909262
2.5542486
5.110504
2.7888987
7.4018598
2.2442806
3.5224724
6.2373676
3.7694368
2.7087872
2.842673
5.0810795
2.7427878
2.360141
5.677645
3.9224968
8.014798
0.86034185
1.4325895
3.8788025
3.2631989
2.7453516
4.2151904
4.4946537
7.47033
2.307278
2.3172414
4.5867558
2.914973
1.1341032
5.8546424
1.6605556
1.9933641
2.8171735
0.5878091
3.6547651
2.9182727
2.448256
1.8300616
6.3600097
2.6718435
7.155946
2.682693
2.4345973
1.7315686
3.8353825
2.2261953
2.4247408
1.772319
2.3088586
3.1868203
1.2395344
2.394863
0.7925299
3.8324087
3.8070412
4.1879735
3.5662491
0.821044
1.1744132
2.7663858
0.59966874
1.5004307
2.096061
7.3007407
5.3052845
1.9157099
1.6591908
7.2278695
3.8111637
1.5404366
3.9916742
2.083932
1.6987716
2.6458142
3.0389264
1.9103496
1.6398383
2.129883
2.3615875
4.463109
5.168893
5.3414216
3.1314278
1.6482153
2.7936816
0.65828425
6.614482
0.6143372
8.2477045
4.2454405
1.4324455
3.585312
1.32495
1.9228802
2.4786956
4.269952
0.9058026
7.678122
3.376063
3.6594312
3.4337788
2.1368394
3.9634438
3.1599436
1.2457881
2.0852637
0.91578865
0.6683242
2.1513786
1.8575628
2.8223243
7.795386
7.3670692
2.928311
2.0380232
2.6108725
5.8849154
2.7625217
2.5140216
6.7944703
1.9418848
2.968363
0.58849615
2.3547962
2.7537901
15.37051
3.27405
2.725375
1.684198
5.3674726
0.7885252
3.506887
1.786636
3.0187194
4.315858
11.797682
1.1077929
2.432198
1.9021276
2.8331707
7.892537
8.635129
4.375844
1.1793357
1.5913675
8.188115
2.8772964
1.0556054
6.359106
1.8066617
1.1020652
1.927473
1.2074529
1.4330022
9.834605
5.9476705
2.4956298
2.3698757
2.6208785
2.7540781
4.686071
2.131636
2.8770633
10.55027
0.71891034
0.8317977
0.8625682
1.1120249
2.8770947
2.2212849
4.7029676
1.4780663
1.9377644
3.4517453
8.03894
4.905969
2.8536186
5.0772066
2.0582798
4.107093
2.027341
3.8635426
14.187206
1.9602385
2.4600983
1.569299
1.9656309
1.733064
3.7485766
1.5488118
2.563004
0.9576603
1.4234798
2.2791612
1.6209195
2.4763756
1.9744601
4.317678
2.8876827
2.9461179
3.087032
0.48156238
1.8212839
2.1335933
0.30345064
6.7354283
1.1064284
0.5602526
0.8071157
1.6955612
1.473461
0.8882935
3.000193
7.856824
6.969165
3.7636182
1.7452834
0.995082
7.027349
8.443554
4.7907286
1.6892093
4.085134
3.5011473
2.3421824
2.4075854
1.5079168
4.118055
3.0495212
3.698484
12.450452
0.54445034
3.361045
6.17162
2.5699399
5.232578
1.9515084
6.2866406
5.911699
2.32276
1.4997423
2.7667027
3.555513
0.50146747
8.00338
0.41697106
5.002254
1.435795
1.4153806
3.2505243
2.8139503
5.219582
1.4485517
5.215091
1.9589783
7.19102
1.5089483
2.2388709
1.4036131
3.107383
3.6460924
4.4500656
1.2341894
1.0685102
1.749834
9.35026
1.7742844
5.87717
3.7754269
2.7766778
10.850576
2.4664562
1.8412694
1.1638776
0.30420882
3.1396704
1.5477339
3.9701674
3.500675
1.6061909
4.117981
2.0261796
1.0758479
1.8622053
2.6543918
6.340479
2.1874688
2.0593686
1.8748102
4.0763216
2.152176
3.9609594
7.565425
0.7160971
2.7159142
3.3391602
4.5504003
2.640618
4.7054405
1.0286686
3.6345224
3.0642772
3.5441546
1.1855603
2.4527445
6.659493
3.235048
2.7985091
3.064468
1.2151622
3.1397324
2.3151724
2.2266076
4.051872
2.1971877
3.7365408
5.6544003
4.54738
3.368096
3.2523394
4.0165377
5.1213126
4.5417523
2.5362463
6.9928584
4.9659257
4.5962873
0.8913839
6.852738
2.153915
4.176118
7.3703375
4.6312695
4.762492
2.0554583
1.0633117
2.4376624
0.5864951
2.332801
0.7999994
1.109652
2.0623634
2.240091
2.2693453
1.7190793
3.1898553
2.3185132
1.7555925
3.53489
3.0978954
0.8224752
1.8926417
4.10052
2.2590332
2.1242747
3.3972182
2.2207758
1.9475135
2.6024368
1.0549594
1.3110898
3.4519389
1.203114
3.0985978
2.3532913
3.0296118
3.3150337
2.7210157
2.2969575
4.7474513
2.822711
2.6931806
2.846908
2.1599414
2.22476
4.012774
7.411487
3.8175092
4.9584064
2.4496627
1.6363664
4.2223496
2.2569814
3.0522807
3.136428
2.8534584
2.2732196
3.2095182
4.6402545
2.2547348
1.8548586
1.0403198
0.6552902
4.8595476
0.14240538
3.7235174
2.50839
2.8482106
1.7186177
0.9774223
3.2903101
2.3896964
2.4404666
4.457374
1.1181643
3.5527284
4.2535963
1.0514634
2.0797555
4.603701
2.5013897
2.4340835
3.8047695
1.7699528
4.5071917
2.3747494
1.4620752
4.270951
2.119525
4.4141755
1.5853559
0.6424653
6.9848537
6.0259876
3.141242
2.1649585
2.1124728
0.59475434
4.4111156
6.6055994
2.4911673
3.7934692
2.8559766
2.1237752
3.567526
3.3852801
2.3775525
4.1157036
4.182071
3.5914562
1.7158139
5.433119
3.7677817
1.00303
2.1483948
1.9523842
4.8515177
1.6021531
2.0663583
2.0144343
6.4287095
1.2890304
3.3341715
3.417994
1.1010776
6.291837
2.1698017
3.0879073
2.0171602
0.4242577
1.5289986
3.0076902
1.2096027
1.1964151
3.795858
4.4027677
1.1609032
1.447499
4.8794208
0.81674427
2.2176085
1.7741016
1.2180487
2.0798562
4.5706434
3.5402584
2.877161
5.9119544
3.4870718
2.059339
2.6185465
5.349086
1.3593303
2.4135659
1.5592175
1.2300252
1.9179245
1.4885484
4.327904
1.6045455
2.9528358
3.6010463
1.2052981
2.1136951
2.791725
3.8881245
3.4770267
2.3675761
6.787315
1.1953986
1.2129171
5.5065556
2.8359046
3.2640693
2.357846
2.93746
2.4920893
23.685215
3.3296807
2.4138718
2.0908706
0.96195495
1.238915
1.3929806
2.132811
2.3009756
12.235145
1.5152268
2.996027
2.8288457
2.0983996
2.911786
0.7992906
4.9372764
6.138848
3.5172281
4.4684772
0.98283315
3.535788
5.4649396
2.0024657
4.3422976
7.1334634
3.0190997
2.0217643
3.4306448
5.1907787
3.468518
1.5626998
5.956708
2.0341299
2.9357073
3.841086
5.5205245
1.5838048
1.457283
0.99619
4.27725
1.751301
4.3035903
4.359647
0.8732076
0.8578951
9.137014
0.7090479
3.134178
1.9558315
4.5811625
7.582136
4.844511
6.6574163
2.0222661
2.5332966
3.4494915
1.7721926
2.32655
2.091167
5.789546
3.964118
2.297854
3.201524
1.9334269
6.800446
3.2697384
0.8811162
3.1775904
6.241114
1.6254783
1.7920724
2.2463448
3.0436893
2.0101337
3.5194614
3.3470654
1.0679115
2.6539762
2.2248843
4.357725
1.9719743
2.7443779
1.6756345
3.6849735
1.1748824
2.2201834
8.863118
3.319731
1.8387655
1.6666161
0.24546671
1.1096942
1.4179157
1.8643955
2.7671747
3.4957645
4.899648
3.1822457
4.9137244
3.637005
1.3713107
0.7244095
2.9980948
1.6834773
6.712863
1.3794546
1.965714
1.795227
2.9209008
1.6596417
0.8251564
3.279837
4.351664
1.9155062
2.140909
1.1282007
1.8667997
3.5607915
2.8430693
0.74205
3.1334198
10.124719
2.6291537
3.5022426
4.4133797
2.4234266
3.1009119
3.8473275
4.42564
3.0850868
2.306134
3.8441153
1.0459725
2.429126
3.9888413
2.2888942
3.2132902
3.7304194
1.3263922
3.033515
3.075361
0.38346714
4.4101214
4.5203133
0.6071448
2.157689
2.2921364
2.416895
2.1701376
3.4264174
6.79278
3.405195
3.8932314
2.3652031
5.7647743
1.7067679
1.5435188
2.126331
3.476098
2.7556896
3.422747
13.618184
3.371562
1.4727764
4.6160793
2.0995688
3.2918293
2.2831619
1.2094607
5.477988
1.7969415
1.0386012
1.6827252
1.197315
0.88250893
3.3508413
4.2029247
4.4365993
1.3544782
3.8133767
4.17752
2.714479
3.9002306
1.8422247
0.57706094
2.66785
2.626277
3.471047
3.7059376
3.8619978
2.9553835
6.969563
3.1189249
1.4192395
0.6366186
3.5248675
1.2590349
3.0677373
7.010804
3.1428263
1.5968847
1.1336594
2.7901516
2.1059542
1.3743899
3.540555
2.7608557
1.254928
2.5206556
1.4710602
2.3043985
3.0864925
2.7607536
1.5200529
1.9580188
1.2203732
4.38975
1.6680473
2.7844052
0.7924119
3.3587399
1.7349561
3.2917333
7.941775
2.4675655
5.3375244
1.8748354
4.176937
4.0111713
4.647799
5.782395
2.4593148
5.6006155
5.555859
6.291519
5.766668
2.3169777
4.5784497
2.5619054
2.4508986
3.5370374
3.3637621
1.1826628
5.615332
1.0915477
4.0748167
1.6342604
3.93525
5.915088
3.1630774
7.083386
5.20656
3.183116
3.850541
3.3752232
4.1889205
3.2879944
1.4794475
1.073754
6.539175
1.7170137
3.986065
3.3180695
4.055038
4.143605
3.0782673
3.8339725
3.3027923
2.9093006
3.5307777
12.546542
8.000016
3.8366127
1.2803196
4.057273
3.3943515
4.4774423
5.5257764
4.366728
2.7418227
1.4863516
6.367001
0.7648043
1.4847771
2.5219436
4.6565347
4.0534573
1.0353342
6.3609405
3.4687705
1.958845
3.9821298
2.5889502
1.0691004
2.469335
4.4717417
2.3580763
0.99204606
0.98271686
4.2196264
2.5251858
2.489908
4.2304945
1.3006781
3.2962203
1.8539338
1.2673649
4.4981313
3.86592
3.0391774
1.6689887
1.8512052
1.6520197
6.641103
2.4954565
1.8582917
4.540237
0.6017764
0.83407587
1.8758795
1.5084184
0.1593646
2.7222269
1.4394852
3.0281768
3.9479713
4.0158906
2.081419
1.6295854
4.502564
1.6438653
1.201818
6.9582825
1.4307094
1.6778865
1.6415411
2.9485161
1.3616849
3.969171
4.257014
4.7271976
4.897046
2.5569446
1.5439498
2.6452243
2.6468458
1.6704639
2.6110291
3.9486766
6.4855237
5.534949
3.4383225
1.1276052
2.2834244
2.3999581
2.277982
8.821469
1.082002
2.2249868
5.042995
4.9124093
0.9494257
1.2841817
1.2022272
1.28955
2.4582365
7.250358
16.958963
1.6585667
1.6822267
5.1048284
1.7526822
2.3870695
1.22623
10.265759
5.181715
1.5044072
2.3772047
0.898567
6.0843234
2.4383993
1.9923581
1.4133339
2.0919604
1.2884783
1.1648467
1.831731
1.6897289
2.0754075
3.226812
0.7642315
1.5701057
10.855009
10.995227
2.8795195
1.5086669
2.344119
1.9594514
1.1876237
1.7183464
0.80502117
5.8157506
1.3561869
2.977115
1.1757022
3.6204388
21.490234
2.5911243
2.255577
4.226621
2.631919
3.5281725
9.986251
1.7903619
2.7025638
1.9315989
5.23822
0.85346156
4.626154
3.2128925
2.7819858
4.2256885
1.1085008
2.4466074
2.1766021
1.2128229
4.5338845
3.0326564
4.610168
2.598361
3.1417112
7.2733903
5.664237
4.0142913
7.190157
1.9325871
1.3738813
3.7477193
2.67259
50.648304
3.2073715
1.2870542
0.3035617
2.0752046
6.723643
1.7284007
3.3592877
1.4557183
1.849498
5.724849
3.3614001
1.7989868
1.3740366
0.8118301
0.7730845
4.577387
1.5703584
2.1581357
8.092023
5.2447586
1.9180914
5.331669
5.0183315
1.391948
2.3683562
4.2259965
2.393926
1.6476995
1.2450289
2.4020844
1.7426842
2.6457374
1.3003728
1.8669319
1.0614389
3.7194078
2.5710151
3.1170135
3.3307588
2.2323759
6.1137
3.0253396
2.6139367
1.2666273
2.0104108
5.022179
4.193181
5.5303526
5.174359
2.7357142
1.043467
9.204057
5.7632904
6.024548
1.0304214
2.827568
3.926686
2.423922
2.882849
1.9082738
4.0580792
1.4658237
3.6824915
1.0021747
2.0490887
3.9639916
1.1048816
4.957533
4.172271
1.1321644
3.2824116
2.6544363
2.525073
0.5740886
4.819437
7.1426463
1.1117147
3.560077
1.04055
2.000207
1.1615756
3.8273232
7.3222756
1.8381531
1.8609669
1.4530804
2.0128422
4.1835446
8.365793
1.415525
11.079849
2.930663
4.4381127
1.5547016
16.225939
1.7845231
2.7023423
0.985155
3.1993606
0.89206195
2.4482439
1.6629801
7.1513853
1.5946835
0.73751616
3.1914225
2.6171184
1.6343875
3.8961804
0.90958196
5.0859804
4.274342
2.128561
2.9422605
2.575712
3.9707687
2.7285
2.676286
2.7445345
1.7133763
2.078478
1.6202651
2.7112608
3.2489214
0.9566416
2.7032535
2.618505
2.9854064
4.091488
0.0894704
1.7279462
4.60139
3.4294586
0.78028125
6.091437
2.28997
19.168182
2.4753814
6.177363
4.5892267
3.0073867
1.367981
5.6437383
4.2923164
1.5400343
1.7918485
4.7711506
3.1754074
4.6247196
0.9942896
10.593242
2.413199
1.6802052
2.2110052
0.72978663
1.3677202
2.04728
3.5672646
1.6639525
1.2676454
3.4229336
2.2741199
5.284339
3.445016
2.5743182
1.6420662
1.2784559
4.6380916
1.2307193
3.8261206
3.7474422
1.016643
3.6264913
6.4826603
4.3980317
3.0184247
1.5438645
4.468022
0.5967611
3.5873072
0.49211103
1.9177439
8.502987
2.7379901
5.052713
5.465364
3.6718543
0.8899247
1.8661938
7.191047
1.8625376
2.0235302
2.1292763
0.9041635
5.9955325
3.0140572
1.4823343
1.0204947
2.3970654
1.9501089
1.2869691
5.4059973
2.9688978
1.2798458
6.6767383
1.5920185
2.9442074
2.5896242
3.924841
3.182774
1.0890579
4.215275
2.6120238
0.86400616
4.2940717
4.822055
3.5297866
3.370468
5.580425
0.901544
1.7645866
11.397462
2.6509867
2.9508564
6.9974413
1.8193052
1.7067865
3.4221172
1.59552
1.2388983
1.3894181
4.0962415
2.4034305
2.378159
10.275813
2.896582
2.3952427
4.808261
1.2956649
2.4882748
31.781073
1.9519176
3.5840702
5.80313
2.7269301
4.5439916
2.4696782
6.416604
2.6412232
4.294592
1.4076109
3.2329316
2.6400237
6.2020726
1.5695251
1.0652026
5.33302
2.7993617
4.0613694
2.7304044
1.9199691
1.708385
4.459541
1.8652219
1.9933758
1.4843398
1.4948906
3.774062
2.569755
3.556588
2.7814841
1.0149063
3.5732865
1.0745696
3.7615526
3.1674964
2.1834352
5.0599327
4.6436415
1.9861168
2.750109
1.6886756
4.961891
2.6675107
2.5367243
3.0171118
9.448468
4.744945
3.2222366
6.1337624
5.8502226
3.3046038
6.4826097
0.87352794
4.6926103
1.4040264
1.7115618
2.8169262
6.4367247
1.2082994
10.090355
3.4092836
2.945141
2.8575878
2.8227994
2.3350968
3.097591
1.9459252
2.1247697
1.3723419
3.9809556
6.245876
1.8862579
1.5744547
1.5176971
2.4048226
5.5653825
1.7457317
1.7648174
3.3813515
3.6635969
5.5217524
1.9074585
2.708044
3.5951803
6.7671485
3.1827633
1.1066477
4.375106
1.7011915
0.92748195
1.6351657
2.4312418
2.8847218
1.7865918
1.8562608
2.618122
3.8169944
0.7611423
7.791267
6.4596477
3.4568698
4.6704016
2.3180244
3.9306
5.0087395
1.2463272
2.4623098
1.7584304
3.9182727
6.905188
6.9753013
0.8394622
6.1258826
2.168344
3.2344623
6.26236
2.2495863
0.65001494
1.562863
4.215404
4.689818
7.342209
2.315935
1.5950025
2.462103
4.0638595
1.0176777
1.5272819
3.5468504
2.973715
2.0473607
2.423655
0.26233402
1.9475743
3.846968
2.014176
1.5533729
2.7242122
1.7232554
3.0180955
2.9455304
2.1232653
4.8024044
1.7250593
1.6619884
1.0244963
2.7902768
3.0886142
1.526425
6.262378
0.72504604
4.33038
2.633645
0.90965
5.4337687
2.40933
5.7821035
1.4946715
3.694544
1.8288578
1.7578855
2.3965187
3.551091
2.964586
0.8548882
1.233048
3.2082646
0.37981045
2.7997968
5.0943923
5.3975015
1.2867397
1.2868191
0.6378502
3.1854784
2.8498268
2.82364
0.8156019
1.7967292
2.1976557
2.6927931
3.873406
3.4152129
3.1636279
50.241703
1.8604512
5.531594
5.284118
5.5614
4.8701825
3.0530503
2.855485
2.4893856
1.6108564
3.3400376
3.0414126
1.8566335
4.494276
2.0286534
2.499759
5.1453705
1.3480712
2.0207427
3.5482762
4.2699633
3.0806887
1.7685915
3.8525517
3.3028727
5.5451655
2.90853
2.3640828
3.4104493
3.1577768
5.8934875
1.519259
3.5555744
2.3256469
6.3150787
4.825856
0.8469395
3.892013
2.243965
3.8155205
3.8803058
1.6608481
3.7659469
4.023906
2.005999
1.3035504
4.002244
2.7538636
2.1220179
1.4603642
2.4536886
3.4998796
0.6095016
2.5210788
1.1920356
2.3055446
1.8850846
2.8544629
2.9429755
1.5020779
3.8503044
3.7770648
1.1241133
0.89336884
1.5438687
5.5400944
3.9421237
2.354218
1.3187889
2.4649904
4.5293674
2.9398425
1.1712335
2.1021242
7.628763
2.7414951
6.841801
1.9044379
6.6059027
2.4004493
0.9001983
1.7046573
2.7911227
1.0512956
2.195963
2.673328
1.3454425
5.45866
8.914237
2.6115086
3.5283966
3.5244386
7.155596
4.0302987
8.204772
2.2018127
4.4898677
1.328798
1.230976
6.5663443
2.9705215
1.7027704
3.1477592
15.291377
4.1061273
5.740898
2.645644
2.9002361
3.611483
2.5658958
2.581681
2.2588382
3.7648838
4.6385465
5.3731184
3.5036788
3.414822
2.5466275
2.5681255
1.9298625
2.9975412
3.2042937
2.2908292
1.7008247
0.5883925
2.9399984
4.0804625
3.553453
35.694973
3.8823817
1.6126703
8.224574
1.6256645
4.2457433
1.0868961
4.9981656
3.991306
4.419138
3.7682354
1.8478084
2.027662
1.9254496
1.0923584
3.3443766
3.0007284
3.6468682
2.3893263
1.2536181
4.8243046
3.3805883
3.6590166
1.8736084
1.1288996
2.2375464
1.6664029
3.154517
2.3288898
3.271349
3.4355166
2.3960366
3.4786606
1.4339134
1.2403327
4.1878166
1.7237073
2.0583093
0.88041914
5.405259
3.0746634
1.2255999
4.7713594
2.3187568
1.4561299
3.8288443
6.1190457
1.4480952
3.470938
2.4351847
2.587233
5.3811707
3.8791616
0.96698713
6.0485377
2.055298
5.6590266
11.513559
4.767961
0.880953
2.4185758
1.1720445
1.2174636
8.394999
1.2750262
1.482051
2.0789852
6.794805
3.8840775
2.5712218
1.3276147
2.1764863
1.7458084
2.4898472
1.8619707
2.1123943
4.8375297
5.4927197
0.88760734
2.8268695
3.72997
2.1695144
0.9917417
1.695788
1.9361423
1.8126035
3.675327
2.3427687
3.7867794
6.095242
4.2555556
2.7369847
6.3422127
4.9129014
2.165182
4.6149364
1.9161326
0.6649544
2.7515821
6.1493683
2.1768792
5.779476
1.5894942
2.048333
1.2247866
3.3401928
2.825675
1.787352
1.1045635
2.3232625
3.8225362
7.2707453
0.85415477
4.8587265
1.4366052
6.762756
1.049184
2.548114
1.3383704
0.8954921
1.6135259
4.4748235
2.5179696
3.888741
2.219083
8.426029
3.8173838
3.8972182
2.7227416
1.0208336
1.1919506
3.2484798
3.1568873
3.2821825
1.956141
3.2666988
1.9141413
3.8868377
5.350127
1.7587366
3.0625474
3.6534557
1.935065
1.693442
5.519782
1.9026595
20.56172
4.2851596
2.2163022
4.292435
0.54184884
4.6854453
5.0431085
3.5336745
2.8781695
3.5810955
2.2873652
4.400213
2.333764
4.34369
0.71292883
1.3342464
0.39655426
1.9889376
0.27378646
5.1818447
6.4822283
1.3592751
1.3982391
7.8590274
2.3939133
2.5342135
3.539194
1.3193394
1.4769315
3.5146525
4.6334214
5.934713
2.076061
3.6846142
3.9535735
2.5111473
4.4401445
2.928901
3.0700164
3.0970473
5.0592456
4.4636836
2.0925608
1.9246274
2.4653254
2.0775528
2.0725796
3.7280228
4.645049
2.6707842
4.369941
0.94275624
1.1652902
3.4750316
4.9283066
3.3978097
5.381154
1.2096876
3.8282545
9.4918995
7.925221
9.215004
2.2668898
4.1314015
1.7039622
2.5557761
3.4005144
1.480635
4.326825
1.9656732
1.6370279
10.291126
2.1687744
2.4823818
1.7215394
2.7861776
2.2903302
2.218528
2.2567585
2.08634
1.9055264
4.6793294
1.5483298
3.9064832
0.6540681
2.5147212
1.0745169
1.4756646
2.302985
76.56567
7.8888474
1.1603934
6.088633
3.0470173
0.70202553
3.4922988
5.7176924
7.1344166
1.7471595
3.749277
1.9933071
2.1702733
1.5858805
1.7335373
4.94837
1.9537486
2.7377882
1.8031046
2.0801773
4.14568
5.359933
1.6571416
4.524293
2.7566583
4.7303143
1.7784569
7.155234
8.045973
5.022992
1.6771649
3.4984276
4.538953
3.6988378
1.5371363
2.438875
0.8872335
2.9820588
2.6439462
3.352621
4.136111
3.4093122
6.2188964
1.0828677
5.169917
3.2617037
1.4356762
2.3306127
1.9487026
1.5316503
0.47454336
0.8415759
3.9079754
1.1321579
4.777605
2.5824027
1.8284262
2.5557957
1.0177754
3.289779
0.9480668
10.047715
2.7402072
3.8000696
1.2368776
4.0725594
3.691625
11.547861
1.26861
1.141196
1.2395546
2.9224482
2.37636
3.8166106
3.1533642
1.116823
1.1889594
1.6822255
2.3185744
3.1021657
0.74385077
6.2180166
2.2721703
3.3755593
4.3168063
1.4762068
5.8879604
6.684802
1.0742687
5.156263
2.4128134
1.6271386
1.768674
2.0516405
4.738953
1.9113085
3.678634
2.9118974
4.021127
2.4743612
6.2948313
5.285523
2.0422108
1.4305493
4.197455
1.453997
3.659442
0.87439346
1.4850111
2.0746353
4.020909
3.278683
0.78185385
4.643452
1.3930943
1.5376793
6.599587
18.790358
1.8516688
11.05299
5.165997
0.96565366
2.9592774
2.4226024
4.6710706
1.480829
7.318456
2.8867764
3.1193979
2.3069427
1.9978482
4.621413
1.3258698
1.6411505
1.3168919
2.0544868
2.6256905
1.0161334
3.302083
4.602904
0.81215596
1.9900732
2.2204204
0.80971533
2.9302132
1.0043145
3.7467582
1.5506254
1.588661
2.5453975
2.1586633
2.2380736
2.1478388
6.968973
2.939866
3.6159208
1.7556008
1.2817492
3.4018838
1.423382
3.5313692
4.385985
0.98729
2.8567233
2.02087
3.7101133
3.7735374
3.2957304
3.7821949
6.1243467
5.6430664
1.8150272
2.3051562
4.2216907
5.5682993
2.0800023
2.1009147
1.9221778
1.1555799
5.7682734
1.9676178
0.26534644
15.350637
3.3144317
2.7130911
1.4480196
2.5313935
2.2385871
1.3877324
2.4099662
1.7645205
2.105066
2.4342208
6.2543583
3.5259116
2.660218
2.6256368
2.231268
4.312434
1.4838197
4.4927797
2.4121141
11.34514
2.7654657
1.2837412
2.1754622
5.0497575
1.4304368
5.0645533
4.2961745
2.0417728
2.088699
1.618242
1.2624865
1.976694
3.7750773
1.5906211
3.7757668
3.6849387
4.758795
1.8218315
4.076065
11.852641
5.88188
1.6868322
4.2296767
3.2851307
4.3470654
2.4144118
2.8255157
5.385667
2.6203046
2.0918953
1.3428278
2.8925915
2.0443473
2.4868064
1.0640333
1.5874294
1.7583902
10.594341
1.6097122
3.8022788
2.9453604
4.255279
4.506848
2.0998814
6.955682
1.9261601
4.1101174
4.655415
1.9860336
10.203017
3.3536806
3.4004667
1.1145879
3.9671638
1.2650636
1.8370706
0.67563725
3.0894606
3.2350113
1.8823912
0.805531
6.2087593
2.9379873
3.0615778
2.223618
3.5911825
0.75864434
3.7679574
2.3595269
4.804895
1.9732664
1.8256743
2.2589016
11.191244
6.64637
6.4639783
2.8906732
2.542048
0.8697333
1.254676
2.628237
3.6740618
2.5644317
4.9568934
1.130864
3.796233
3.1650681
3.9644306
3.9296055
5.0790386
3.8625462
0.99178135
5.7699056
2.1280248
2.0125554
1.8253285
5.0984316
2.1670792
4.204693
3.5306416
3.9246774
3.3465555
2.6572657
4.2208414
2.1865544
10.769742
0.67237633
2.4294512
2.2502306
2.7782266
1.8431659
1.8764653
3.9096062
5.434688
4.8568215
2.5234776
18.818356
1.0254586
6.1834273
1.8579456
3.3491745
0.7924471
3.122319
1.0135236
4.516587
0.47405103
2.858116
1.8943998
1.8878208
8.447244
3.4676073
2.2332025
4.427208
1.6695431
1.1742519
3.8197453
6.077628
5.7073374
2.0307617
3.927079
4.420511
2.1449518
1.5506155
2.434736
8.433195
2.5229084
3.6598592
2.157815
5.898034
2.1935935
3.603246
2.1936002
5.370293
2.584505
3.4354422
1.657782
1.0682297
2.5710478
3.4373612
3.0045087
6.219395
4.6518073
4.5310044
6.079927
3.999932
2.299187
21.336472
3.2145808
4.060423
3.9885428
3.2247906
1.8202169
1.3945303
3.6023242
3.5679688
2.3188035
2.9821153
3.303657
1.7096916
2.1253357
3.5328972
1.5720986
4.0864124
2.3836854
3.097915
1.7353517
7.285168
3.7794938
0.32253397
3.5857196
1.9523859
1.84346
12.894798
3.2746577
2.2866836
5.9728518
5.4241724
1.3316928
1.7122232
6.467329
3.8449972
1.0567225
4.1299725
3.676879
2.5822594
2.1742218
1.3843393
1.2129804
3.1012895
8.752267
2.4571462
3.8616493
2.1797602
38.051838
6.4860168
3.1541028
4.659117
3.5486524
4.9457192
1.0466211
2.2522564
4.4070096
1.7074819
6.823056
2.1648335
0.7348652
3.0636752
2.2523787
3.2385209
2.8188055
3.1311488
1.5235689
1.2997782
2.6437564
3.7254376
3.315768
1.3870127
1.9795238
2.1904733
2.3672218
2.1348658
3.696897
1.2278757
3.4842694
2.535989
1.0547104
5.732658
3.093508
0.64605844
4.4078994
2.725896
1.8555843
1.2503481
3.0211377
0.63547033
2.7695358
3.242852
1.9724424
3.4831128
1.3766192
2.154972
2.4494884
2.9924645
3.9401352
2.7553368
9.207711
2.5438523
1.7020924
1.3243893
2.4660065
3.6672642
1.0712808
2.6833336
4.3791595
4.5459685
5.9590373
3.7590284
3.854744
5.102564
8.967593
5.7781124
5.003983
0.6577806
2.740184
5.906221
1.6685714
3.4718292
2.5191643
4.237887
2.5000372
0.40242282
1.9038928
5.099867
2.869812
2.010985
2.9971576
3.9320838
1.9665353
3.2749424
0.32017648
2.9143507
2.2264879
5.545409
1.5460689
1.8588537
1.3426716
2.469508
2.3412855
4.2042093
3.852155
1.202918
1.83559
1.6715214
0.51124686
1.9151484
1.2969228
3.1542366
2.9965825
6.047102
3.6171694
1.1548604
1.534571
1.9060445
2.4347763
2.545211
0.5804569
1.9283822
5.768666
1.0165915
3.3749363
1.734413
1.6012244
6.7930484
2.4188526
2.3351033
1.1123887
56.998886
0.7414568
3.6608202
1.2691854
0.73874736
5.342767
4.4949055
2.9641855
2.622209
2.6862767
3.1169617
4.420603
2.6679325
0.7280878
2.4807565
3.9941773
3.2144163
4.813928
4.0354934
17.997402
1.8554369
2.5345685
1.405347
2.3181195
3.9335873
2.6065328
2.1712933
2.0973036
1.5005211
2.4265432
5.3327165
1.5614917
1.2798175
3.1792564
1.696172
0.7174868
6.234226
0.92603594
6.153758
4.1127157
1.1237816
3.4828134
4.1599636
1.3449367
3.5948308
4.012413
1.499787
2.2696946
3.0682747
0.920499
4.1817284
1.6118978
3.8951004
5.236718
3.4876456
0.9694589
3.037599
2.696467
3.786767
7.3759937
1.8941981
4.6079526
3.4697893
3.6839235
2.8062322
2.0727918
3.7274504
3.5665586
1.3797678
1.8193523
2.340866
4.5691223
2.57354
1.3815376
5.641339
2.290292
1.5476917
2.1031728
5.514218
1.08669
0.5506332
3.0008194
1.8567814
1.9797846
2.1262212
2.5859818
1.233027
3.485443
16.187037
0.758836
13.108788
1.4612168
4.2575655
2.862562
3.1588285
3.215017
3.4414513
5.544393
2.8888896
9.089448
3.8820293
85.80972
1.3775952
1.7907434
0.6270851
3.4700391
0.64213955
3.813807
1.8962754
1.0944608
8.6708975
2.9338806
1.8675754
3.7168112
4.077069
2.8871136
1.1339405
2.3780835
1.5014671
5.5281253
2.8523428
3.4979148
6.3873553
5.020888
3.112005
4.548699
2.3684037
1.5077828
2.1899087
3.168541
3.862909
2.147323
1.3629531
4.3158064
5.903324
3.9335215
5.0055313
2.0811167
2.4596968
1.5545034
0.8016525
2.6368065
2.604923
2.6409159
2.1320229
2.6990197
5.799973
5.936543
3.9843307
1.0562352
2.8282437
15.132154
10.0825
2.10814
4.5393124
3.6433725
3.4022365
4.409509
1.5673255
1.6907253
4.1332684
2.2632184
5.467331
1.7708397
1.3752038
3.820983
4.572852
2.1379602
5.176368
1.8144773
4.1862693
1.6101433
4.6569724
5.588388
3.4624534
1.5234119
1.9948583
0.85365164
3.332754
2.6322165
3.7208662
2.9911253
3.1270618
1.7178051
2.8544724
2.0093853
4.572488
4.662066
7.856991
2.0549219
9.992837
3.88476
4.313148
1.0004869
1.3860322
3.1957247
4.1955442
1.4676826
0.58938324
3.0839815
3.20613
2.927065
2.9424953
1.5305558
3.692367
2.3180332
2.3406863
3.9076533
4.299963
4.6208444
3.1677597
5.2184424
3.290867
3.2110355
0.8682445
1.4057811
3.1030488
2.7111368
1.7173601
37.151974
2.8889172
2.7346597
1.5539801
3.3037627
1.0740712
1.0889678
1.1874119
1.1714947
1.2609793
3.0264785
21.32752
3.1611676
2.4502556
3.5664408
1.6962996
6.285064
1.7601693
6.168419
2.8575506
2.6378338
3.4452767
5.466916
1.3832759
2.2895348
1.9738518
4.4034977
3.054969
2.4821463
2.016069
2.6815107
1.231737
2.5716345
7.5205994
0.68605644
2.7180445
3.5108035
3.7264438
1.6941068
2.2433014
7.638557
4.5957303
0.7650267
0.9805318
2.1425798
3.0335343
2.8068619
3.380254
2.6240106
2.4469194
6.252442
4.051167
1.2008852
2.9404726
4.096378
2.067778
2.0481892
6.7257986
1.2399975
1.0992745
4.5004287
3.0303152
3.634501
1.4519684
1.2210195
1.49455
3.2196314
2.0093808
2.2584891
2.7078657
4.1014247
8.377561
1.5503937
1.9868159
1.5964707
1.785279
3.1676738
2.9570878
2.6985962
1.6638013
2.7886617
3.703734
4.0581126
0.5897641
3.1086485
2.3492918
3.3022516
2.2048998
0.3688357
1.3325669
0.8792247
2.6208088
4.4400706
2.814436
4.3450246
6.103511
2.8281713
4.2683687
1.9669998
1.1451358
0.90631247
2.4055946
1.5327221
2.2842424
6.177287
9.560485
3.531923
2.4935396
2.0440564
3.240169
1.9858918
6.4278226
3.6208644
1.4437883
4.1096487
2.8954825
1.0985883
1.6523622
1.0050929
3.1351762
2.5610247
3.5115836
3.0102518
7.0757713
3.690937
6.3511214
1.880629
1.722108
1.3705083
2.2381234
1.3025312
1.7259098
2.4818704
2.0765502
1.0955684
2.670032
1.7199701
5.990782
2.6268158
7.4888115
1.443677
3.6898513
3.7807946
3.3420887
7.908896
3.6720278
4.719387
4.0912237
3.7498703
0.69248766
3.7754927
6.0997877
0.82826877
3.512226
1.1294069
1.7704659
2.5663292
2.6893737
1.9449868
0.33585754
4.0636935
2.3881607
3.0621307
1.9115103
0.59881634
2.6595943
2.3004394
3.2839634
1.9301801
2.1592836
10.395425
2.2684922
4.884462
4.8311157
1.6257974
4.7073555
3.4694414
2.880159
5.4341955
2.835556
6.948998
5.49983
1.938257
2.4285815
2.5586858
1.8870908
1.6140772
2.9219496
1.574096
2.63241
4.414429
1.4767562
3.366215
3.5230992
3.9017346
7.4751053
1.8694088
2.7995589
2.8488638
3.6799045
1.9787751
4.0977106
5.237407
1.1192212
2.0075288
2.5453033
78.611626
3.0024269
1.6690216
2.150471
1.0494308
8.359433
2.5023024
2.9122863
3.2670813
4.955439
1.9222634
2.2563608
4.13268
8.898629
0.7162366
5.0273843
2.900567
1.9301363
3.335438
2.2613015
1.135015
7.7623463
1.1887578
1.4818604
2.3362606
3.7142296
2.8243496
4.260763
2.9996881
3.5378191
1.2949051
2.0103035
3.8869596
5.389797
2.841545
4.432845
2.2860324
7.816746
2.4447258
0.61913127
5.680441
1.9193151
1.3328798
3.2388425
2.1271791
4.9715
0.8759946
1.9100286
15.736264
2.9599357
22.822006
1.5594499
1.2478666
3.162548
1.2338575
3.0040474
5.8113637
0.86220133
1.9083748
3.083461
2.8164194
4.152639
1.4749192
6.1345744
1.8749986
0.38068128
3.2004037
2.5586872
1.3220142
2.1361914
1.1381345
1.326824
3.977296
6.804116
4.325968
4.5596943
2.6273344
1.38555
2.8169813
3.207608
2.1375372
3.6440835
1.7529831
1.718237
2.4782996
1.0035496
4.4652815
8.946269
3.8858333
3.4015417
10.738839
7.8320813
1.3471507
2.733835
0.87929595
1.7726063
1.1172211
2.3914816
1.9275159
2.02481
2.2847435
6.653186
4.0455356
2.1272223
2.7179635
0.49015555
1.3176198
0.92812604
2.4182842
1.6908565
2.672141
8.747378
2.4363608
8.163459
4.0742474
2.7243361
1.8649743
3.8192618
1.7566756
2.799884
4.0008063
7.128397
5.0050554
1.4700158
3.9113138
3.2620842
2.193788
3.2038686
1.2731515
37.9623
1.600712
7.2250223
4.6933393
2.83967
1.5504123
2.7421148
2.1436288
1.3776199
4.0172973
4.0664434
8.793494
7.0058064
1.6713265
7.57165
0.5543912
3.580926
2.885317
11.484459
2.6201649
1.6656756
2.587948
2.5400364
5.613711
4.8743863
1.0132966
5.6563363
3.7117891
1.0350028
2.3567877
1.5634562
8.783873
1.5507586
2.7328584
5.860616
1.043166
5.960158
1.8230456
1.2931697
3.0945115
1.1554819
6.008922
1.2674543
3.157891
3.1681433
4.1073895
6.655083
1.8205892
1.0590074
2.973779
2.697981
2.182927
0.7076751
2.470136
0.7692736
1.46785
1.9821963
3.5032165
1.8987867
5.9616385
1.7247133
1.5635052
3.614913
3.7533588
4.4182377
2.086429
4.2275805
2.406561
0.5775178
4.4908385
4.531093
2.635501
0.51629585
3.5388715
6.1413836
1.304818
2.7228208
3.117593
4.434726
3.1641493
4.251812
2.7531261
1.5460637
1.4643351
2.7857027
3.2937977
2.1468923
0.89716655
2.8328032
1.6495003
3.2804027
4.0659847
1.4540508
3.4180741
1.3341349
1.5574214
3.509341
2.0325892
3.4882472
2.1438668
1.9706612
1.4660455
0.99146473
2.9246962
0.8337707
4.0563383
10.384105
0.5122107
1.8609917
6.0755715
1.4379666
0.66224533
3.021394
5.203625
2.0693731
2.391007
5.1917095
0.34417972
1.1723882
3.774444
5.708761
3.3146148
2.5100439
2.099871
2.117542
7.9377275
2.3630445
1.8157578
2.6485608
4.8521647
3.168517
2.6871066
10.0939245
2.0624762
2.3216982
1.6886169
2.828857
5.2062206
6.078205
3.8137167
2.5564487
1.6734495
1.9705077
3.1270123
1.2813357
2.6884146
6.9357624
0.94628835
5.329158
5.728369
6.341932
6.2938175
14.021657
2.8505716
2.2201993
6.0995226
4.316807
4.9332337
3.5632193
1.7212362
1.5815663
5.578862
2.2253244
2.2654448
1.8486357
1.2056999
1.9694127
5.27499
4.5087023
4.6469812
2.9532583
2.8400042
4.9285264
3.5268373
0.82004535
1.9219407
1.68452
1.8713405
1.3480253
3.3192356
0.97142243
1.0484328
2.8756993
2.255817
4.5573616
3.0079885
0.8541197
1.9258603
1.106069
4.3079147
3.0539494
3.3477829
3.802911
1.4511776
1.8994609
8.943321
1.9904675
1.5735716
3.8089337
3.6655352
12.006927
3.668697
0.7361945
0.9054493
2.701868
1.3389511
1.6754154
1.8915055
3.8749132
3.5090237
0.20967093
1.7247716
1.8249135
6.0865607
4.618243
5.46143
6.678643
1.2363993
2.3806102
2.6249902
1.4659555
2.0027256
4.9934916
1.7183622
4.510343
3.4605958
2.9494083
2.122057
2.940514
2.0709538
2.506132
2.8491297
5.6133304
1.4000927
4.7607427
3.6193292
7.7441497
3.370335
4.818223
8.9134865
3.7685862
2.7989223
2.7642694
1.4637787
2.4740345
5.703029
0.31904766
6.3190427
7.2983265
1.2312526
2.9248517
3.081702
3.1050363
1.3208358
0.7014988
2.3833601
1.787652
1.0834227
1.4322543
2.6791596
1.7696437
4.6617117
1.6763858
8.352054
3.5649214
2.3776004
3.8792179
4.4675264
1.90762
2.1181216
2.8014443
5.0128765
2.1698794
1.7615639
6.1462483
4.807475
3.3891718
6.7027464
7.040756
9.353716
0.97321033
3.031815
0.42917952
2.5623193
2.4222302
3.0250025
2.2026901
7.104336
2.3614929
1.5625643
5.272225
4.1089587
3.3154707
4.725268
5.817364
1.775885
1.3426872
2.7212057
4.285699
1.6204805
2.4176295
2.9310148
4.116534
2.7252445
0.94488597
0.95551074
4.133447
3.0580242
1.8502485
2.2466722
1.8299602
1.17539
3.342356
1.996713
1.348232
2.631006
1.7004584
3.02752
3.5828104
2.139836
1.7852527
6.0779414
0.90319
2.4848235
10.208432
0.72566897
7.902828
3.2728748
2.4580855
1.771837
3.4591613
6.8081627
1.0018091
1.2584333
1.6413312
6.33795
4.0739827
1.2662853
3.0492368
1.8965832
3.7538655
2.577459
3.252306
0.7171246
4.3709636
3.313939
1.0049657
2.131984
3.4719923
0.8584679
3.1873155
1.1156422
5.924002
3.5049126
8.694492
1.5985668
3.4392285
2.2366562
1.5689706
3.9722679
6.2409534
2.310072
1.4602978
2.9233258
4.8571267
0.8721785
2.5929937
1.0726957
1.9049131
1.4927067
6.5986323
7.0297093
3.1543064
1.534899
1.0892661
3.2105114
2.151622
2.493579
3.5635774
5.2846446
4.7524295
2.492976
1.6592541
9.8195
2.8485599
1.5267473
2.1979525
1.4033568
1.7650455
2.7694461
1.538726
1.0119977
1.5047785
1.4871258
5.893983
2.9908557
1.2621957
1.213364
1.5651072
3.01833
2.0019553
1.9185424
5.295749
3.6334383
2.814858
3.1193917
0.5620576
4.298343
4.6955924
1.7374551
4.794633
3.933888
5.6517262
1.9513282
1.5985988
4.570045
2.8668363
2.852734
4.0703154
1.3754663
2.4673152
0.1663233
3.8499186
3.4469998
1.877821
2.059834
7.8733816
1.9726335
3.61897
1.5373316
2.5085
1.5900946
5.726793
2.3156688
4.472878
2.4884946
4.7785077
2.3907776
2.4914968
1.9718709
2.2435856
3.0389686
2.6992822
3.9021857
1.4266192
1.2808495
3.5319386
3.3530865
2.625303
1.7784497
5.303569
1.5173315
8.777889
2.3842583
5.633513
1.6534276
3.0489798
2.796412
1.9660689
4.2056923
5.248653
3.0543702
2.7067635
7.3468466
3.7756686
2.2744799
7.345819
6.3714657
1.445023
2.930151
3.817803
4.6476088
1.7638128
1.9023453
1.504575
5.063682
1.2810303
1.770289
1.0681996
2.7046432
3.717911
3.6542053
4.595996
2.4570122
1.1030914
0.9416992
4.631941
5.226588
0.90577585
2.2017212
5.2740054
1.2118317
2.6682923
4.513633
0.74378806
5.122289
1.7954513
1.5617483
4.9757657
2.5920596
3.726398
1.0300449
2.4204726
1.8878953
2.5016842
6.002408
1.5883063
4.502119
3.8443809
3.579435
2.589136
5.14617
2.419882
2.7631407
2.0879583
4.5531435
2.759517
5.2382035
3.949948
2.4589345
8.579239
1.8577062
3.0854862
3.0445962
3.2028625
6.786749
5.6857677
2.471706
6.9262376
3.6209316
1.4226369
4.688569
2.1020086
0.13921955
1.3144882
2.1354709
4.412367
0.32053673
1.7538182
1.2106215
2.1590111
2.0823765
2.3936753
4.717357
1.7503057
1.5839303
4.8661904
3.3243341
5.557317
2.7188747
1.721419
6.1069765
3.8440623
2.6247523
5.082129
2.2866354
3.9830043
1.5055226
1.6609014
2.8361602
3.2435102
1.7934937
0.21098304
1.115627
1.2036271
4.8823304
1.205326
2.3249755
3.556849
8.670727
7.9353914
0.58239317
2.307575
2.281945
2.040388
9.903857
4.8576283
3.2284303
3.0621893
10.096723
1.4278783
4.14761
3.4471412
1.5854326
1.2166717
3.665917
1.9272256
3.5247056
0.39653197
2.953267
2.8166375
2.5183132
1.6479758
3.535766
5.035928
1.219538
2.1913824
2.4292617
10.531072
2.4012194
28.980661
2.3900044
1.3629551
0.690226
0.8974352
1.7038882
3.8929644
2.2874234
7.2098846
5.9528756
1.8425797
4.412321
4.436698
7.8197317
3.3023849
6.3737555
4.066306
2.0479605
5.474115
4.24958
1.7165238
1.4047185
3.6563413
4.891187
2.6709483
2.6737947
6.926349
2.1429095
2.4933026
5.301531
5.7218714
4.189479
0.81257224
1.3051515
1.9170791
3.2065775
6.941149
2.928665
6.392548
2.2139368
5.1261096
0.8249292
5.940342
4.1418257
2.9094443
4.28343
1.9715589
2.3380587
2.9975183
5.5793552
1.118573
2.3735697
5.1321774
7.0371737
6.449131
4.001206
2.1254337
2.636577
7.982938
2.4998555
4.4131064
7.098805
0.72195816
0.9271738
2.448719
1.7522917
2.2104185
1.0754865
1.6680343
2.1347203
0.97720593
9.202761
51.376175
1.1016765
3.223915
0.95262456
3.4526277
1.0319909
4.0588965
2.7872272
10.326995
2.6860697
0.5789975
0.9221553
0.85674775
2.30556
4.186309
5.002008
1.4939125
1.2868806
2.1983829
3.8782666
1.927948
1.727803
3.5313785
2.2512734
3.4808276
1.9295317
0.6065985
8.608638
1.6027677
1.723299
4.5301013
2.9326947
1.8298582
5.634198
1.2817311
3.9631093
1.8710108
4.1462464
2.5537467
2.8585343
2.8274348
8.257383
4.5657406
3.0691807
2.062543
2.1621597
4.93209
1.4608736
5.4332733
1.7035781
1.9163126
1.1502646
1.6849718
4.4277716
5.3958535
2.1544807
2.1540658
2.114063
2.2538805
3.5501378
1.2705455
10.938122
4.3846807
1.6486181
1.5924661
0.95700586
7.0730696
0.8501971
10.009311
1.2582048
3.1521988
2.1037304
4.906557
2.5965614
2.2305062
2.6521788
8.136842
4.23865
2.1857505
6.534277
3.3219645
3.3194585
6.2987404
1.6579597
2.1819546
5.8964977
2.3505492
2.3778417
6.072897
1.6525245
3.4162855
1.0370917
2.39326
2.276445
9.187665
5.3159385
2.4523597
4.727859
2.49793
1.3892436
1.7708452
12.870347
2.9061446
12.38137
3.2724328
1.2036179
1.349077
5.0835238
1.9017634
0.6895995
4.1004972
2.4538085
2.3054159
3.930163
3.8824515
2.4314992
3.6191027
2.9804604
1.8063062
2.266163
9.8548355
0.56665415
5.0567093
2.5413215
6.13948
1.2830672
1.5595685
4.2195287
5.216417
3.3120031
1.1355151
4.1261377
2.3514607
49.239742
3.285766
1.4726722
3.1252143
3.1157928
2.6147282
2.9109657
0.9628986
1.5836086
3.1024249
2.8234212
6.4984984
2.919042
1.1846879
5.8828373
2.621389
3.8579066
1.8991921
1.128061
1.1969557
6.3989406
2.98907
4.513545
2.1128383
6.147438
2.7279916
3.6985693
1.1316106
2.131381
3.4069026
4.511913
8.101758
2.9649582
1.7671683
0.65947336
2.123219
0.9522625
5.757522
2.9384153
2.1766264
1.314526
3.2009668
4.443995
1.2723036
4.336476
3.0740578
5.226207
5.033453
2.82263
15.146704
2.6436167
2.9263284
1.6954503
2.6485398
3.282536
1.8932364
2.2150571
7.3294597
2.5449362
1.5723542
2.2484782
3.732957
2.7259588
8.717709
7.92321
2.3280523
0.6557427
2.4496298
4.3230777
1.4495885
0.24566953
2.071851
2.6770139
3.994096
4.0319033
4.2943783
1.8685924
0.9314642
4.2321186
3.1257298
0.65840495
2.63397
3.8783185
3.4964595
0.624477
4.552532
3.1478734
3.555636
3.1098046
2.9125712
1.3141692
4.064597
2.4675145
1.8788193
1.8733803
4.2526813
2.5738797
2.1403246
2.970392
4.8612604
1.519665
1.2834556
4.445931
5.054119
2.521319
3.1987493
2.0022671
0.7551245
3.95084
3.0612981
2.5696032
0.63586634
10.884798
3.0317578
2.0833416
3.5706568
2.3485649
7.2537127
3.9491324
13.465724
2.8152368
3.3880928
3.231127
1.2075917
5.0593643
3.0256712
1.5343257
6.146502
1.0298182
3.2456963
3.6451218
2.138525
1.3068777
1.6895467
16.932747
2.1932304
1.5601038
1.8110654
3.4747517
6.1075516
2.6641622
1.9086628
3.357777
3.1224127
5.8012204
1.4269031
2.7571466
3.613969
1.0062832
3.1961398
3.268041
1.9945092
2.0086033
1.2280234
3.3292916
2.2933927
2.4866874
1.2271237
1.9692769
5.603739
13.623497
10.42267
2.0201635
1.4317634
4.2139316
2.197129
4.3925376
4.1478314
1.1620296
2.5889814
2.1462953
2.964658
1.5086603
2.088831
2.5401967
2.1038303
2.5193956
4.142878
1.5635682
4.832472
1.3701406
3.801409
6.445582
4.288925
3.6708083
2.2930367
7.569402
4.6188936
1.937953
3.2535243
1.458611
1.6347556
4.0075197
3.535641
5.248366
2.9005358
0.95422316
1.2108482
3.8142068
10.879112
5.9627833
10.861872
3.2087257
1.6007473
3.7853277
1.7468674
0.7304027
0.24725138
2.838467
4.288936
2.1401093
1.4213609
1.9606594
1.2781618
0.6403624
3.2854605
2.2565851
1.8989488
2.228256
3.6339016
0.99095243
7.898024
5.7121406
27.26141
2.1738262
2.8770986
3.1360135
2.6767838
4.1316147
3.4092457
2.518161
2.7186244
2.5987697
0.6232138
1.7822915
5.800151
2.481823
0.71206987
1.7971891
4.047613
2.4898036
2.1953757
2.872523
1.6919199
1.0582811
5.5712614
7.3462906
4.6963005
2.6837173
5.971204
3.4131348
1.789426
3.3922112
1.4485089
1.6300601
5.770696
4.663797
2.0470388
3.164477
2.0991218
6.362394
2.3761082
3.679907
1.371765
3.0683174
5.328281
3.0716696
3.1721635
1.8443389
1.4063694
2.920837
8.99909
5.709082
8.460858
4.131612
1.4258734
1.5644845
1.5525417
5.7440095
1.3090398
3.463105
1.5327743
100.85408
3.4876792
3.1491938
7.513003
1.6211752
2.4263687
3.7504003
2.378275
0.77289575
3.6487327
2.3471816
1.3089752
1.646627
1.3838867
6.7957935
1.5806427
0.37516618
2.6486716
1.2568719
2.093843
3.7983463
3.3438122
1.4836956
1.3847252
1.0255172
3.5456157
2.0065591
2.7474751
1.2925806
2.480936
3.9959767
3.3883622
6.81223
2.7796097
2.945323
5.0554876
0.84457916
2.705018
2.7466543
1.9252031
6.469158
3.5769696
2.6305177
4.6399145
0.77206933
0.29543445
3.7580268
5.8124695
4.5587063
0.58276075
1.7906358
1.6086919
4.1756754
2.1320906
2.6190634
2.0130699
14.662441
0.9406674
0.64016837
2.9200845
4.313478
2.6931024
2.6989155
3.187203
1.7884591
7.0557933
4.668638
5.59727
3.626725
1.4362073
0.7560317
5.702799
2.3049934
3.4386292
3.0675325
0.7829805
4.734019
2.415233
2.1250095
3.0142221
2.1692715
3.0193372
1.9394866
1.2192487
10.487558
1.3882005
2.0614843
1.9173317
0.9493678
0.62286776
1.766089
2.1257772
6.9671702
3.0682285
4.1876574
2.6626756
4.718848
1.8399843
1.5416383
3.0393956
1.9316139
2.1365082
25.746714
2.0954616
2.680033
3.6118934
7.9733825
0.7212003
4.149592
4.6764374
5.767012
7.69861
3.748038
1.8218553
1.7889904
2.8586593
4.880267
1.9507567
3.9229896
0.92616
1.4387068
4.4404626
1.4987636
1.2700906
1.7058343
2.9026363
4.0526104
2.6750836
3.3982718
2.8236325
4.0424757
2.6173182
2.9076235
2.9075441
1.0904824
2.3688052
4.8314443
2.0157404
2.2461436
0.7084697
4.076262
1.7689275
3.3026047
1.0518125
3.495324
2.8670788
8.888783
1.2566468
3.711772
4.16018
5.790472
3.1363392
1.030452
4.312835
4.0311356
3.3524263
2.5480194
4.7367687
1.729951
3.6474524
0.49612474
4.3405867
1.249208
5.3352375
0.68049824
3.1238098
6.6065574
5.573858
2.8508031
0.89980614
3.2370431
2.0577207
3.2257159
7.635433
2.0480912
3.15149
8.31088
2.1916015
2.3909142
3.8097095
2.1748195
4.020467
4.9347944
6.9193172
6.871874
2.9516263
6.008796
3.17221
4.8757386
3.235556
1.5765684
1.4116952
3.962607
2.8707688
4.498239
1.4464386
3.0986671
1.1684623
2.4783037
2.5121932
3.8698952
5.7870564
1.677993
2.1823912
4.0371017
3.4973087
4.505711
2.4275627
2.1749232
3.468494
2.1516159
2.9414277
3.4305263
2.5716352
2.6532164
3.1733534
0.9698034
1.1896877
3.6218657
0.7927556
2.675544
1.9736952
1.6700763
2.812202
0.8805081
1.7865419
3.0722437
2.222667
1.5275891
2.121782
2.5477145
2.3495705
1.3889875
4.0630045
3.4905496
3.6053324
1.0108792
2.9537687
3.934922
2.7471178
1.9136174
3.2170732
4.7859344
1.9077044
5.5360274
3.3138015
2.127216
5.1833506
1.2182945
7.055047
2.1471741
3.0026422
3.1541657
6.1657047
2.1272964
1.6516683
1.5688498
1.5132241
4.179664
1.0096875
5.7035646
31.525131
4.799771
1.7328644
4.2917438
2.3339636
2.223504
0.76561046
3.270512
3.6013258
4.3883924
1.8200957
2.452188
2.8671927
0.6231762
2.1191657
6.80854
1.6714116
5.637944
4.9964995
2.4518209
3.6405485
4.9996247
0.8927809
2.5734673
1.5358924
4.0675106
0.98723406
2.9554787
2.584527
1.1521877
1.9090288
2.7234223
1.4069418
6.00844
2.8988044
2.9251242
2.3119018
5.2906127
2.6071706
10.169699
3.9171293
2.9946673
3.3002727
10.652806
2.581557
1.6785446
2.769369
5.163438
1.8999254
1.1887392
2.5241442
3.1341197
4.412947
4.5485826
1.716917
14.061207
0.6229147
3.3992512
1.0365744
3.2922068
2.5780828
3.3017511
10.577664
5.5984983
2.3782847
4.3659377
45.382587
3.169198
2.044732
4.368638
0.70982903
2.3097086
2.4180443
3.2190294
1.5845888
4.0418696
3.059281
2.601796
1.0496998
3.187336
1.3152031
1.9639416
4.1952825
7.364144
2.605858
3.0155299
3.2028499
2.3522027
2.7141683
1.2668872
1.8421335
2.1741753
1.313961
3.1051567
3.0924323
4.4521976
3.437609
2.4658337
5.6103086
2.310697
3.6764374
1.9327344
2.7003071
4.473317
3.2503347
5.6534724
6.7371454
2.4739683
1.8515865
3.1422834
3.053646
3.5096662
2.540897
5.335401
5.0505223
2.7516737
2.5299962
2.4662113
2.8459392
1.7389342
1.9613141
2.794894
1.216149
2.604076
3.9050086
3.03818
1.5133221
13.516422
2.661338
3.8416746
1.5632195
3.6886268
3.247976
2.091875
1.3131046
1.3269005
1.1159455
8.859198
4.401033
1.5672112
3.7471142
1.6242503
3.1447322
0.7765247
2.6802318
2.556179
3.1414313
5.3331523
3.3582985
2.3606908
2.5074608
4.4489803
3.3693347
3.1168563
4.448227
1.4571302
2.2633138
2.2868512
2.7792652
5.886524
4.5374312
2.284683
2.6664994
0.9000717
1.6939293
3.3805363
3.9301994
0.59142995
1.1815056
4.0553727
4.822666
3.1647866
2.924741
4.40594
5.046012
2.2018676
5.617496
3.1386278
4.036797
0.7248861
1.4885976
1.4221195
1.1676155
1.7870333
3.01703
6.385202
1.4118842
2.9689434
4.058039
2.6967762
1.8450922
1.7749681
1.5472952
3.3035715
1.2619544
6.6624675
3.218466
3.9845653
0.91202575
3.6725261
2.51393
3.6909614
4.2709002
6.3246903
2.8495228
3.9530795
2.425674
5.382721
2.004804
3.4305983
2.371428
2.164791
1.3849908
4.7036057
3.2912617
3.0743225
2.427401
4.961575
1.2785478
3.4277935
3.3893037
2.9226885
3.331172
4.826397
1.4549677
2.5774953
1.7593073
5.8261995
2.389667
5.0847225
19.351503
2.390163
4.3032007
4.232208
4.4395943
3.3051562
1.9234695
1.4665012
4.5622888
6.129217
2.577813
2.6808202
4.1988974
0.6965016
1.5299907
4.1310134
7.0957656
0.48050672
3.0614405
1.7081554
4.157751
0.91495967
1.8996983
3.6952543
1.5784223
1.6523942
1.2138178
0.5737816
6.4098625
1.4542004
2.9141915
3.0827584
3.3440254
5.0215573
4.3997374
1.4998981
3.13156
2.4069848
3.6757245
8.050015
3.0857882
1.3762445
2.8482294
3.2506192
5.6923637
6.600856
2.0196512
2.5865476
2.6661181
4.4284573
1.5431266
2.9314365
1.3122957
7.040616
3.958404
1.348952
4.226801
1.6423955
3.6673105
2.1359413
0.5109201
5.577714
3.750836
1.1187717
3.2237816
1.0769832
1.1101137
1.9280297
0.65697837
2.1957717
4.080861
1.6283528
1.6479417
3.240085
3.667836
4.315201
0.9820299
2.2628043
1.6541078
4.580862
2.7990947
9.974123
3.0149748
4.331843
3.1446514
1.5914193
5.08568
1.399162
2.2864733
2.8600414
3.1019933
1.6207492
2.6309924
2.7417152
4.173097
14.23542
2.4732163
2.3220644
5.7777944
1.958756
1.0607905
1.1629182
4.2004256
0.78216517
1.7671722
6.809172
4.8451695
0.88537854
0.8946153
2.353125
2.6869285
4.325063
4.3835545
1.2903049
2.51869
5.4247007
3.3837354
3.4833667
2.8478115
5.351017
1.0585992
4.4148707
2.0817444
1.9725319
3.2212086
0.7718541
1.9181194
1.7645297
5.1812463
5.2185736
6.43037
1.5993297
1.2920222
14.393775
3.955808
4.7976604
1.5210809
1.7796438
2.7663808
2.2648022
3.0724149
2.5741491
1.772693
3.164242
4.988925
3.3065972
2.9490125
2.722784
3.6070292
2.3039129
5.920657
2.150812
2.6666439
2.5800464
4.674671
3.5911734
0.72952414
2.0734427
10.687456
2.207221
3.490503
0.46007597
2.6352284
1.0115901
2.5637662
2.0153751
8.96506
4.4911013
3.1236467
1.3761606
1.1627687
1.5655648
4.410472
7.043538
1.1886897
1.5778749
3.8334355
1.7286704
3.1670487
2.1791067
4.8949347
3.1565135
2.8106768
1.5226059
1.9826545
0.5835338
1.7453899
6.4489093
3.1867445
4.133708
4.056926
3.2061458
2.5202918
1.7327572
2.6512258
3.1820319
61.832565
3.5293896
1.1248189
0.8303942
1.8858538
2.1626778
3.2087505
1.5156765
1.5182759
1.498457
2.7430806
2.934257
4.6910152
1.7421409
3.192904
1.3204961
3.3329637
6.2627664
9.317505
2.5185792
2.3160872
1.3337207
6.555326
1.5152234
0.85771245
3.6411343
14.36804
4.308638
1.7948925
0.9334293
6.5951724
2.5550456
2.1782925
7.4085
4.856384
2.1402333
3.1565778
4.613769
1.3658518
1.2748026
2.521199
7.1676655
1.5333565
2.5821826
3.0384123
1.642537
1.2205096
2.0071049
1.6875242
1.0228959
6.728667
2.3279738
4.0047207
3.532662
2.695788
7.450069
3.2823722
5.8456874
2.1395614
9.458741
7.656997
2.0466528
1.5420657
5.8960676
2.1284769
2.3431196
1.7478521
3.683102
1.9968066
2.0975635
1.3962436
1.0150105
3.4644916
1.3692057
1.597841
2.5005262
4.830485
1.9991257
0.78340745
0.4086555
3.995619
3.0254936
3.9276981
2.8723981
5.229559
6.29584
6.072629
1.2150141
4.4799147
2.020612
2.7906163
2.8157573
0.827334
1.7904017
3.0536847
6.233838
4.5617657
2.0977983
1.0190482
6.367503
0.8541978
3.9959488
1.7685492
5.4497805
0.74683875
6.2410774
4.40478
4.758229
1.5101136
4.3850336
1.8233663
2.0141022
3.2831478
3.7748628
3.1080117
2.6376722
3.4097607
0.9991139
6.1357546
1.4026055
5.191006
1.9915587
4.49239
2.4059052
2.7040892
7.030626
3.0273395
3.505702
1.3891157
3.9282146
3.413401
2.6567516
2.8608992
2.8138406
0.96177083
1.5881916
0.8405249
3.2723813
6.0211396
3.8786716
4.235379
4.4415894
3.4692712
1.7663184
0.6285745
4.112063
3.476089
2.1972675
1.5391906
1.4423189
0.7071998
3.825025
5.141873
2.11632
2.024012
6.428479
4.4053335
2.00305
3.9097095
48.216774
2.8277097
1.934476
2.6419518
1.4583633
33.497746
2.1087344
2.9538443
5.270986
3.6207128
1.8763878
3.7735507
1.0074584
5.04779
8.13424
2.5196483
2.8604832
4.9806557
1.2050217
4.7414556
5.1030817
1.3768928
0.8829445
3.5820758
1.6284488
3.836273
2.6117425
2.9622028
1.4102925
1.9273818
2.3491697
4.4413466
2.9063914
4.326554
3.0415416
2.5607092
1.2795587
2.147616
6.954759
3.0634177
0.69147897
3.6080441
2.6694086
0.38886696
2.1661792
2.6607013
4.0838737
2.2383974
5.847562
0.26520067
2.1103437
3.6447778
1.8862696
8.778358
7.688343
3.8658063
4.046321
14.285038
4.947692
5.665782
2.0878675
0.6873669
1.3493859
4.744259
1.6765572
4.0337787
2.5646594
5.8481865
2.1763084
2.906553
6.5636134
2.41255
4.3845186
4.4725556
1.0148464
1.851514
2.64139
1.9896191
1.8640728
8.211247
1.000237
3.849907
0.9978422
4.2432995
2.4795494
2.473318
3.3019886
1.5301933
5.1731486
5.6790457
1.6999168
0.96871847
3.450359
36.386623
3.236354
2.5839295
4.634657
5.7389283
2.902318
3.2587264
1.7047493
1.5746746
2.073163
4.1854825
1.3361961
4.0069857
3.6010084
1.7616514
0.7914557
2.8073244
3.0816793
3.8385918
3.3103037
0.5615725
4.9139957
4.6096673
0.7696634
4.4726815
6.749003
1.5750378
2.9708714
1.7121619
3.5495079
2.1210861
4.4425306
2.322211
1.0567999
1.9944052
0.7858729
1.6024826
1.9860067
4.8997555
2.6433485
1.948487
2.5778086
5.095288
3.0229177
3.2480643
1.5855325
1.461424
1.164651
1.2656493
2.643425
2.239903
3.1209297
2.5735877
2.9802716
3.856766
2.0960984
1.0606459
3.0318453
4.6289043
4.3733487
5.78773
2.1931326
2.8936787
4.3497443
3.1219637
5.4237776
3.215157
4.7278686
3.3548694
2.7551563
7.267588
3.1751032
2.2412078
1.4551058
7.0047
2.9702067
1.8589981
3.9241521
1.5062495
1.3650428
4.3147025
3.0163918
0.68620664
6.4513702
3.5431998
4.272116
2.366383
2.0149848
0.73605365
3.602338
3.2595634
2.7370045
6.411787
2.1722305
3.0995688
2.1265526
1.6069752
3.281923
5.591385
5.402838
2.3992853
5.298708
1.5507687
1.2552799
7.9836583
7.7192354
2.8177528
3.426075
4.5054736
3.6712778
6.5844417
3.186547
5.9812155
2.3844001
4.385445
2.640149
1.0773613
5.0939693
1.7825391
2.3380346
5.907922
1.7315387
4.698726
1.9867511
4.437267
3.7524543
3.9578674
1.0440092
2.5450954
2.2402084
2.3080425
3.4736288
3.3943005
1.7660551
0.8811349
5.8683686
6.6270576
1.847681
2.6651158
0.9242212
3.1148167
1.7038101
1.3081546
2.8953285
1.8323828
1.020255
3.2664053
2.7505188
1.7838479
0.56555647
3.2756636
5.1897206
2.9030955
3.0013528
3.1723187
2.151487
0.46782663
3.4556448
2.215379
6.450506
3.8657453
3.3737638
2.2268238
1.6551826
1.8847537
1.3992714
4.6426744
2.7597237
2.3121586
4.2663555
3.8358693
2.7555041
2.9239147
0.78794533
3.5087767
0.9380774
3.4755642
5.834781
1.3683606
4.0134497
0.735833
4.065902
2.129591
6.7747345
3.5111685
1.3516212
1.8476555
2.69098
2.606626
4.5434575
4.633654
1.9803408
0.9249118
2.2491298
1.5479757
4.6335006
2.096441
5.0176706
6.4815354
9.361874
4.9371
2.3298025
2.2772298
0.95024836
1.2689942
1.8132906
1.651805
0.62446475
1.2868435
3.5533524
5.8443747
1.7068453
1.5340543
4.598763
4.631808
1.9961038
1.0585446
22.780182
1.4287986
1.4160575
4.7847366
3.630631
2.1028674
0.5384857
2.8537655
3.0048904
3.9769235
2.7683902
4.4399133
4.906521
2.7710307
2.365235
3.5084672
1.0994488
4.9413013
2.698453
1.9669933
3.5247931
3.7233202
3.4582458
4.7167797
0.65093255
3.0946505
1.746624
1.5496767
3.395786
0.94888735
5.613824
33.981148
3.445761
4.079045
3.0695226
11.030937
1.273737
0.52011037
6.8768725
1.2723395
3.286612
2.5541089
2.678596
1.7115604
2.556603
4.835356
6.2540393
4.871439
4.0139127
5.327919
2.9361
7.848179
2.542064
2.4275546
1.0871778
16.141489
1.0133315
6.1612883
6.686278
1.5044942
5.5007744
4.3158555
2.9226599
2.2922757
3.5550508
0.59282774
3.2569532
2.3017094
2.8758771
4.4581976
4.2801194
1.9460001
2.0541074
2.7478058
7.1757917
5.941309
5.455122
5.0935235
1.448407
1.6912127
2.313126
0.521917
2.3309436
6.50553
3.376684
2.2157314
3.0194435
0.08599262
2.957888
1.691647
3.76714
12.636106
2.582699
3.1633768
4.5960107
3.3336794
1.6814657
5.04868
1.4953017
2.6758945
2.7640421
4.33904
0.89933115
1.1578218
4.058902
1.934655
2.9002457
2.96258
4.3764215
4.065381
5.7854166
1.4362229
1.6856337
2.8757572
3.5714
0.46452248
3.1425138
2.9158134
1.5837172
2.3123379
2.6404946
0.44513485
5.0429926
3.0908859
1.5476543
3.3055513
0.9693502
2.1070879
0.8311154
1.7920489
0.87286466
0.89454055
0.5187639
3.7615743
2.3752987
0.9382509
1.6602882
1.9405168
1.1878783
2.2440665
1.8892286
2.4335835
3.328249
1.6292067
0.6866007
3.727978
2.4082334
3.1513743
0.72968733
2.5796514
1.9378337
4.890257
1.4538229
2.1189632
0.8934583
4.8475647
1.4060755
1.8541886
2.886598
4.319339
1.939081
6.3312035
6.1567287
0.9609144
2.3437407
7.2395287
5.5988946
3.325824
1.5861268
1.1658953
0.9608199
2.985367
1.2033517
0.8102268
4.1623807
2.0001323
5.1070423
2.562676
3.5095038
2.3869493
6.508964
1.8447584
4.514928
6.169853
5.2863417
2.1985543
6.3114467
1.0264704
4.085154
5.478727
1.2451798
4.8897533
2.282656
1.8037096
9.351897
2.7901437
3.379418
3.711756
51.632114
1.9951237
2.234968
1.8217824
3.5671446
2.246257
15.314159
1.2715112
2.7780588
3.9099646
1.692657
4.6226473
4.104451
4.1867166
3.0290604
1.7411143
4.1884594
1.2809078
2.6220326
3.9261315
1.7275989
3.023394
2.8151565
0.7721205
2.1141698
2.1286
3.1331031
2.9046915
8.948302
5.4857426
0.9604877
4.103184
2.2270796
4.3316875
5.173206
2.2773957
0.8867249
4.3293576
2.287786
1.2609001
1.0522408
4.421117
2.0702114
1.7682555
2.336692
4.450402
3.7889252
1.711132
2.87622
2.2756896
3.191228
5.8105645
2.5108905
1.3804804
1.6761305
0.560769
3.0488214
3.9355903
1.4882082
1.7128854
2.2561488
3.503282
4.363114
4.6351924
2.072557
3.6325903
0.8115388
6.9295907
3.812308
1.5240787
7.1407857
1.8948457
0.8275183
1.1119696
0.7271499
4.3377695
1.1745495
3.2683394
3.354782
1.9958112
2.2396452
1.9088565
5.566317
10.813692
2.3511207
2.4836137
0.8726261
7.392419
3.1674664
3.5699425
3.6037335
6.0609875
6.657243
5.6193404
5.180002
7.07149
1.6789436
3.2562623
3.6414165
1.287836
5.125543
2.723062
0.6157433
16.652134
2.331583
2.4028964
15.924576
1.5071642
0.6889112
1.5282905
4.55701
1.7410328
2.641261
7.0467405
2.8406215
2.3655457
2.0841548
1.7791146
1.4901425
2.1735048
1.8497152
1.7202678
4.4050674
1.7359987
2.9294677
3.6536067
2.502037
4.8141937
1.7265157
2.1503384
5.708984
3.0099893
1.5689155
1.5696679
3.1584399
2.2204368
0.90091175
0.19541036
2.043915
2.3802223
0.9567492
1.3029009
6.5424275
3.4061878
3.0130143
1.1777709
2.267002
2.7340372
5.723944
1.6582681
6.511688
1.9024655
1.8270346
1.9669379
4.9764433
3.862025
1.7730746
5.73184
2.9265604
5.0165825
5.520842
3.5497332
2.6609907
1.4050683
4.103507
1.8805084
7.4434032
2.1991334
1.676708
3.141304
2.907446
2.1311896
2.8570356
4.3357134
1.5960733
3.2905672
2.1359317
2.4716783
4.630845
2.95479
7.455866
1.1252124
1.6328454
3.3558989
2.9840138
5.628962
2.032748
3.536202
4.830852
6.7694016
2.8581443
2.0856493
1.9676355
2.4652584
2.7813137
3.0933926
5.8201547
3.0292804
3.7348
3.4491124
6.4475384
2.6815999
2.7602885
1.1234434
1.1087632
3.2704403
6.3665385
7.107337
3.4300249
3.8034384
4.6399364
2.2816987
0.15589628
2.7626748
5.919109
3.925666
4.0488663
3.0147634
1.6098889
6.3572855
2.3515944
2.0237997
3.644198
2.0289626
2.522676
4.040884
1.7713606
6.378858
3.6142437
1.3946239
1.2359222
4.696847
2.7044716
2.0743914
1.9647005
0.54413325
2.5248878
1.9731216
2.7749271
1.8981547
5.428043
5.423883
4.9576573
7.01059
7.330087
2.1967483
6.636127
0.7672555
2.7414985
11.485944
1.6501957
2.0469177
2.6266234
3.2919557
9.339216
0.8199759
11.313646
4.1624045
4.611066
3.0599923
4.745769
3.483563
4.220053
1.3957002
4.1883054
2.4243233
2.6192346
1.270462
5.2580767
2.1785078
0.605324
4.7278748
1.5821183
5.1572776
2.2754712
1.6986604
2.7512867
2.053395
4.693195
3.7418468
2.323994
2.7065911
1.8180735
4.0807843
3.9749727
1.6832205
3.885693
0.17918709
2.5221405
6.184008
5.676293
4.033766
16.974186
2.3175044
2.1382995
2.6475005
3.0961347
1.9298135
3.7591069
2.0222404
7.0954127
5.0647893
3.1727598
3.6339185
2.419828
3.331227
1.218887
3.3819616
1.2123019
1.6019962
2.9157
3.9756002
0.7881655
1.4360694
6.54355
1.8826115
5.835735
2.420124
5.857784
1.4230239
2.0177212
9.348673
9.244147
2.7869587
2.0937054
0.1584892
3.9298959
2.3800313
3.787071
3.6925526
3.9512973
4.311839
8.995028
1.1304294
5.974753
1.9035734
3.5852554
5.499956
4.2464986
3.8645322
2.8565702
6.647093
15.315537
8.45324
6.341641
1.7650989
1.8395205
3.1845114
1.5277964
1.7221087
2.695852
2.1795266
7.3415847
1.7525219
2.6784532
2.4577203
5.890603
1.7861784
3.69404
3.527416
3.6074412
4.9436684
0.5184962
13.029148
19.539894
2.6024323
4.755146
2.9634845
2.9772038
2.443056
3.3720016
1.2013998
2.8292446
1.4318966
20.72447
2.9016576
3.3573422
0.89535433
2.8586226
3.6292353
3.8857772
3.6319687
1.4888502
2.2072382
4.908653
3.8567266
2.8338602
4.1947203
0.43038234
2.3938599
0.43431455
2.9443383
1.0371095
0.96273506
2.4188235
2.0514178
3.6575956
1.309187
1.7531545
1.2175405
2.2396631
3.2024803
4.0174804
6.7544227
2.586112
1.7308639
2.8609657
3.2675598
3.7308602
3.3852563
2.2757816
1.8305241
4.0823374
2.3910668
2.7354932
1.4436306
1.5147482
1.1073197
1.65838
3.5905874
8.197296
4.367746
2.7487788
1.4864649
3.6367812
2.7605674
2.27515
0.6376516
1.3569299
2.2326505
3.8809173
0.88951546
0.96498275
1.3062847
3.607105
1.5705304
8.519259
1.8110931
3.232089
0.8945358
3.6494007
3.0806353
2.8205965
3.1889334
1.5512226
9.581609
2.3966818
3.3171382
1.7703636
3.7218566
6.9296007
3.3784904
2.1741385
5.087105
1.821012
3.3923972
2.315616
2.323046
2.65618
4.4591527
6.4687605
4.41348
4.578814
3.0520577
0.65928626
1.2553165
2.4194822
5.532823
1.8649418
3.9939985
2.2439487
3.8868961
1.0994438
3.526022
2.1799917
2.0371122
0.6738334
3.23535
2.7489128
3.0526695
2.165939
2.6958475
3.4339767
6.85795
3.3239586
1.8105521
4.2873716
0.75495034
1.0362703
4.9083586
0.6516129
4.8197494
3.0414157
2.6137094
1.497939
0.6630068
36.938343
1.6502807
3.171018
3.0552912
1.6986941
4.9781
2.6011095
5.143011
3.2912438
4.6417966
2.0773365
1.3122331
4.438325
1.2923732
2.354869
2.3939912
1.9284182
2.46137
4.2857966
3.784471
2.412137
2.0491805
7.0925064
5.3803496
2.9466827
2.7543974
3.188825
1.0890933
2.2883015
2.394892
2.7408729
7.5197406
2.5886657
2.9549382
3.2438717
2.3950856
3.8645375
0.3370817
2.496277
2.3321896
3.0963159
2.6499407
1.8568347
1.4708549
1.2168881
5.850714
3.1654346
3.8716648
3.0947804
1.9459755
4.6787515
1.1454961
11.491202
1.0440571
4.5529537
3.0121236
1.4974562
0.7655316
4.364592
1.2235928
4.5067816
2.1747868
2.872905
1.684147
3.3645434
2.4884136
1.4303502
0.5850259
2.3942614
1.7473966
6.419343
4.6073813
3.361641
3.7473006
1.7085786
2.1244166
4.473009
1.4002095
1.1044604
3.8397655
2.3769228
3.991973
4.761878
1.117313
3.6213992
3.184906
3.8728058
12.3235235
1.31507
4.32365
1.0433356
3.317696
2.3547895
1.7117095
1.5837342
3.1497955
0.9578289
3.8394163
2.1276972
3.180215
2.544114
3.048362
0.8445727
8.601882
2.8222752
0.17719871
2.5844874
3.0322518
0.8647708
2.4745874
4.121405
3.6498427
2.368763
1.573377
3.7726595
2.5673249
2.7244754
4.411478
0.33268028
5.4125767
3.5958006
4.22797
1.4319146
1.5977302
1.700978
3.0099049
3.4905922
1.3469924
5.1995845
4.5807633
2.624919
2.6419442
2.5203
1.8823694
3.6872833
1.1984507
2.201885
1.2293676
10.195808
1.1757053
3.9632473
4.910923
1.2061713
5.11009
2.7978103
1.6810067
3.0520973
0.7945562
1.113835
13.510614
3.1914382
1.4266646
1.9745919
1.8866082
6.368471
5.123064
3.7782068
4.6553326
2.7060611
2.3914046
3.0954626
2.1695259
5.3044887
0.9442677
2.4033985
1.6923074
4.976734
1.2634772
4.289768
4.5348673
0.56019425
0.99911875
1.8919754
3.2329438
1.1732275
2.4082913
7.132901
3.234454
5.44123
4.2065744
4.1073227
3.6812716
1.5046489
2.6283517
1.6526729
4.6877756
3.2931142
3.4394655
3.80869
1.7051502
3.2554562
0.9785546
6.2967415
9.414234
4.8598056
3.4874377
1.8144151
3.6535609
4.368816
1.023611
0.60918385
3.0694432
1.046236
8.202794
1.6728296
2.6896975
0.43768156
3.4242074
2.0763958
2.598574
3.1944308
1.94268
1.9250506
11.078537
3.7111378
2.1816378
3.573489
3.7154794
8.44639
1.2189842
1.7095836
4.1575327
0.7363092
1.6253728
2.2210147
23.169971
3.7049093
1.8439374
3.6361358
0.77070427
2.2805078
7.49589
3.496822
3.6012967
0.84877294
1.7585464
1.6025188
1.643468
5.235389
1.3946279
1.2798325
3.3942113
1.5278751
1.575372
4.119544
2.497039
2.969533
1.4602487
6.227455
1.9973016
4.467876
1.8890932
2.7875724
1.866017
2.775378
35.797745
7.4788265
3.5338442
3.8850265
5.2371054
4.0792236
1.5360872
0.21673608
2.544055
0.9797816
2.4247625
1.5149497
3.042348
1.2268314
2.6229641
1.6556016
0.9600291
3.2936666
3.019592
0.61167985
1.9631158
2.911162
4.6453376
3.1763964
6.540163
1.3942482
6.9083915
4.363605
3.9011493
2.0276616
2.5207512
2.8169777
4.0176506
2.8754478
6.953105
3.1003206
4.517119
1.6604614
2.3384843
4.4808927
3.5652766
3.0409214
4.9246006
4.6212764
2.956539
4.839495
5.150806
3.451941
3.1902018
1.4949994
2.5745635
3.9329429
5.300638
4.0149646
1.7627488
3.835792
2.4636927
2.3653588
5.034983
2.5659919
0.8487819
3.868392
5.267284
3.3308492
1.9680519
0.9098184
7.1946206
2.0727985
1.6930223
6.9908133
4.945666
4.335439
2.593606
1.9845235
1.4336926
1.4184434
1.3157538
7.3682303
2.1794047
2.5713346
1.3453393
3.475048
0.96561414
2.4790435
1.3785635
0.9695635
36.2788
2.9084508
3.3681755
2.1359887
3.65257
3.3088257
3.6997528
1.8711306
0.4737474
0.77414083
2.896288
2.5453959
3.9351845
4.302501
0.9896306
4.005306
4.8793716
3.13684
2.1451762
3.6678197
7.1708875
3.3850033
11.385179
1.6321633
1.2253963
4.311195
2.1171327
2.4418116
2.6847417
1.6969196
6.910986
1.6751192
1.5148969
0.8315529
1.1786857
3.388514
31.58383
2.0720654
2.3120105
4.0971766
3.0595684
0.79485965
2.5031002
2.3359568
3.425486
2.6674788
0.8794465
3.0999756
1.4689128
3.5872731
2.077116
2.8544195
3.2864027
2.1892135
2.266091
0.23984112
3.3315496
78.85587
3.3845575
5.7999554
1.6632391
3.4204447
2.7324166
0.9781129
3.6649122
2.6945515
4.0613246
1.4328209
2.61407
4.552515
1.5989181
1.9186524
77.80104
7.4678373
3.6845708
2.7518337
3.037056
1.0829874
0.7769639
4.61806
2.1398757
2.1925483
4.0514693
3.3284237
5.1590524
2.3015306
5.288394
0.4887256
2.260251
2.656526
2.4926424
1.6665013
0.82055956
2.64349
2.1120038
2.1854167
5.5371146
9.04683
2.1594853
5.9942045
1.250461
1.392075
1.4075967
1.5704254
3.022728
1.7750841
1.681953
2.1699464
2.1178093
5.7174773
2.4821289
1.5379292
0.90551746
4.116686
2.903045
1.8777403
3.6680763
4.674862
4.9483967
7.819163
5.371603
3.345448
3.4856682
2.4521246
2.0411937
2.1095586
2.1748073
3.6171753
8.43804
8.104308
2.8654082
4.0128856
4.923815
1.6248997
3.0685797
3.3721585
1.9651139
0.8052121
4.526632
6.9273653
4.3466845
2.419477
3.1064045
2.0506663
1.5183648
4.2046323
3.925214
2.9871287
1.9721314
3.865157
3.624585
1.789705
2.2042732
2.0490127
2.3780432
4.645735
5.9624996
5.1907945
3.1030035
1.8760701
1.9142683
1.1446888
2.5712526
4.39547
5.588629
0.80048704
2.388446
3.7689953
3.5810187
0.99445534
1.1780316
4.4012027
3.1817787
4.117214
2.5390866
2.6255147
1.4747331
1.3844649
3.5615788
1.9224681
1.4356164
2.285524
2.671278
1.0354433
1.2261994
3.0592704
1.7761235
11.068012
4.8620124
2.8172302
1.5614965
1.0706037
4.4983516
15.337765
4.3113866
5.137571
4.14098
2.4690738
6.129002
2.6778293
2.5159657
0.9005835
0.5394688
1.4459393
1.5246564
3.6832385
4.80612
1.0429046
2.0208035
5.1617556
2.6699493
2.4445057
0.9390916
10.479706
1.3282696
3.0225964
2.5344203
2.4158394
1.1746109
2.9946744
1.2343432
3.0494823
5.437641
0.68516237
6.890191
0.96520996
2.0119634
3.0135965
10.936085
3.901303
4.8170033
6.9988604
0.43275583
2.0253108
10.520276
2.9363742
2.6029813
1.2177086
4.433616
5.3724647
0.32745174
2.1960125
0.5380989
2.6606617
1.721998
4.4601974
0.6191633
0.80415344
6.107391
7.421416
1.8168669
2.1112654
4.285709
2.030822
2.7802248
1.8661188
3.307575
1.8265643
2.7387362
7.8197083
6.5352182
6.5069585
6.4867153
5.556182
4.061118
1.1124107
2.1350667
2.476387
2.453265
3.8842757
7.074371
1.3912847
1.7896535
1.6190063
2.8732471
5.080529
1.5576993
1.7470251
1.3054947
0.88035226
1.9369824
4.4700546
0.72532606
2.8495238
2.6725695
3.4422996
2.4251904
2.9367058
3.7299635
2.8394635
3.8056483
1.2015284
5.2855196
1.1776178
4.019521
3.540217
2.0801241
7.349197
1.7695471
5.045553
4.0738373
1.3380537
1.6397077
1.1475083
6.7279634
5.2367463
3.7069178
0.6173588
9.237194
3.2238538
1.7604581
3.4135563
0.5364098
1.4150907
4.7028146
0.40866014
6.4344387
0.9563363
0.22760807
2.3874
1.6675799
1.1681058
3.1413307
2.4237158
3.1446335
0.86121
9.425498
3.6882298
2.899279
1.7302582
4.3278522
4.2080927
3.701578
5.6254907
1.5362836
3.1323142
1.5344615
5.029713
1.1521714
5.847895
3.004566
2.9442818
5.6068497
2.8596613
2.029109
3.0046384
1.125067
5.934379
6.3056836
2.3159876
0.6440195
5.2605786
3.2385223
10.695272
1.3732479
5.0578685
3.8930058
2.488931
3.6509538
1.2164059
3.628106
7.407566
1.6129433
6.4656262
3.6132956
3.7186882
2.9696434
0.81513536
1.5355031
2.9201217
3.210718
2.3727052
5.4294705
4.5840635
1.1094689
8.289916
1.8529062
3.1462615
1.2406749
6.264784
1.5479759
0.83543104
2.429331
4.8007846
2.2970698
1.0029231
3.0984888
1.5964028
3.221083
21.301722
1.3154737
4.117527
0.6026621
0.44203365
0.5793701
1.2781445
2.1322978
2.5561564
2.3558245
3.260985
7.40428
7.0183597
1.3896505
5.1137156
1.6539217
1.347344
2.6402705
1.6665645
2.1829045
5.409808
5.5229797
2.5416305
1.4427502
8.174068
10.3828335
3.8582692
0.47220767
2.6085916
2.197372
1.7991865
3.4546754
3.5082383
1.2512666
4.4641857
3.6964593
1.2790178
2.792195
4.5436425
1.7468885
1.1197736
1.1319727
3.04862
2.0594022
3.7982323
2.7523873
0.54368633
2.081013
4.494456
0.68841267
1.7472699
2.684207
8.806286
1.3943518
2.1812286
3.7884595
2.816167
1.8279314
9.323855
5.148553
3.9516268
2.4695113
1.3771979
2.4205227
2.4969246
4.4832845
0.8359474
2.033331
2.6367786
1.2919211
1.3411955
2.248953
0.742906
3.831216
2.0006166
1.4084558
4.1842036
3.4197478
3.8836515
2.0119379
2.3319263
3.1447804
1.4560112
2.3853433
3.1888733
1.8565162
3.607023
4.145799
5.9939275
4.037699
1.6257498
1.4904678
3.7561808
0.6974114
2.8896568
6.2943935
1.6311525
1.6173619
4.088972
6.949391
4.6150155
3.0768685
1.4168148
3.843064
1.6006532
4.256627
1.0582784
7.7691846
3.6243303
5.509196
3.384993
4.7667146
3.850953
8.703397
2.838366
4.8457856
3.9749906
3.6309798
3.248939
3.8392596
3.101735
11.609737
5.685656
2.0423756
1.0105507
4.0479035
0.9084263
2.4466357
3.529009
2.9375343
1.6188996
6.1331215
3.096748
7.516847
2.3585577
3.7879071
2.6838465
8.584214
4.843421
1.5703648
2.623335
3.0663614
6.8279567
1.0852233
5.437926
2.4450889
1.3365376
1.7229567
3.8368495
1.9008509
2.74337
3.1129847
1.0198034
3.1401272
3.8469656
1.0246148
5.7490115
2.4650576
2.1382282
1.2954853
3.2693489
2.1393545
3.1687434
2.20031
1.8423196
3.1416347
3.0901194
2.604304
2.6828544
2.4686792
1.4516141
0.8797227
7.1466737
6.147516
2.815405
1.8940718
2.653602
1.6603581
1.1674273
3.275653
6.171839
2.4360895
2.0858793
2.0619385
2.5953867
3.7587562
2.0101323
2.1254075
3.464538
1.6239016
0.7232231
4.1671596
2.4650602
1.9373847
2.1657987
2.040815
3.231047
2.5512326
1.0592359
2.9853592
4.1746373
5.6803966
0.9917916
4.321364
2.363647
1.4586552
2.8497128
1.0835401
5.125568
1.5470396
14.086109
6.7063036
3.2394009
5.2197127
3.6257756
6.266273
4.3523784
2.78073
0.962062
1.6053894
2.916191
7.928835
1.5548404
2.678395
5.7067604
1.8690573
2.9259725
2.1581028
4.6844754
3.2057855
2.016794
1.5930269
1.7855159
0.4111571
2.843722
6.749213
2.8153446
3.004623
1.9229306
0.6931975
2.715355
2.398965
1.3911835
3.2587452
0.8159114
4.589856
2.556163
3.904732
3.5251663
4.340713
4.8295364
1.5281963
1.924151
3.271856
1.5746543
3.1888516
3.4439795
6.2052836
4.265999
3.0519447
6.063297
4.2612343
2.1266344
3.8828802
2.574237
6.992033
1.3457936
2.2151225
3.4896164
6.272938
3.3601916
2.3536253
3.3086085
1.3173364
0.93997204
2.3859525
3.1566243
3.0408885
3.399837
2.2872505
3.3114004
2.3523557
2.8778815
2.9741194
2.7068634
3.7254415
0.676783
4.2535586
3.4430733
4.9533415
1.8896947
4.744502
2.6293192
3.0481503
3.071202
1.8134218
1.4243128
1.6449136
0.6159496
1.7479895
1.5615175
5.16745
0.5136573
0.8449522
1.9051102
4.0733232
1.2204121
8.236142
1.6277533
1.4933674
14.062932
9.374949
5.888846
1.0209877
0.9801673
2.8867445
1.7507015
2.0277162
2.5656838
1.048735
0.30737475
1.3396823
4.719997
2.527174
20.190071
9.334967
0.8413524
1.475904
1.1824166
2.0073345
2.108049
1.8478771
1.6422186
3.771617
4.782781
6.9904437
1.4144045
1.9245178
2.3701835
2.1564453
2.5028787
2.1343803
1.5201513
6.206549
2.5889716
2.257421
3.694175
3.4394233
6.508899
2.1793382
2.6453292
1.1339265
4.4868574
2.3066459
4.521162
0.41283008
2.4320574
2.7285793
4.9205127
4.202391
1.0946904
4.6361613
2.37803
3.3434198
1.989861
2.3812768
2.383701
3.4052603
1.1438329
5.1451445
2.1688476
3.5135407
2.833147
2.2685761
0.5385912
3.7107103
0.74111325
3.5865984
2.338296
1.9434123
1.6415532
3.724409
4.651581
2.724795
4.232679
0.9462944
1.8166859
1.9436814
6.1591854
3.3975265
4.5077677
3.1937616
2.6729746
42.731606
3.2429714
2.2146175
3.028653
2.4687471
1.8896526
0.69676334
1.178256
1.9389386
1.4312785
1.5619242
3.0801177
7.7022285
1.4891201
6.1904736
4.6095595
1.4779396
1.6549702
1.7035086
2.2990997
0.3850705
1.8253245
35.551865
5.0184855
1.4696006
8.940004
6.152845
3.9622912
1.6894451
1.725719
1.847464
3.150484
2.9601014
1.3929131
1.2351668
2.9400187
1.705334
1.6913092
1.4386958
3.7005005
2.5326536
1.7294351
6.285466
2.6296582
4.8516865
2.3558328
2.955033
0.74182343
0.72645146
1.9653642
0.9320287
5.5709085
4.8833876
4.58511
2.2702243
1.1453359
1.7659813
2.435672
1.4050848
35.89581
2.6125438
3.0421824
2.2393978
1.0908612
2.1841972
2.4824586
4.7069974
1.7455456
35.94513
0.79557097
3.9191098
2.819036
3.8463972
1.599918
3.2054908
3.8832102
1.9042058
1.5705096
2.7178378
2.036354
4.8348384
3.052253
2.3292165
2.3296113
1.2701199
1.965212
3.090403
3.0308244
2.6989472
3.354536
2.7979484
2.8125007
2.2302167
5.214479
9.645023
3.0500715
2.1002314
7.8964753
4.822081
3.02685
2.505979
1.4194113
2.615996
3.4317439
2.2884068
1.5810441
1.1110907
6.472267
2.111036
3.5064385
5.754808
5.335429
0.37778616
3.1004753
5.090578
2.0684915
0.5677129
3.3433912
0.36472887
2.4216616
1.693522
5.641241
1.7699863
2.1848655
3.9999874
2.6460454
1.1409321
4.6338663
1.9005319
2.787806
4.7799754
2.7315025
2.759915
4.4381056
1.32527
6.272421
3.4618413
2.6525748
1.1861331
2.5403304
5.9586816
1.9192628
3.0420363
2.8671763
3.9954877
8.783847
4.9877014
3.1993756
3.2852173
3.0740547
3.4515784
3.1423717
1.4362321
3.1896617
3.3199651
3.5215082
1.8018014
2.9129755
2.4380128
1.9004058
2.3927677
1.584507
7.146918
7.086545
1.8452852
3.2726128
4.3965974
2.6032777
2.3576047
2.8632069
1.0995144
2.1732981
4.276639
3.5462632
4.8067365
1.5973241
1.3057257
2.4751554
5.67075
4.918465
2.9895868
5.2415447
3.0832322
5.8513074
2.347449
1.8676124
1.8846474
2.065627
2.5968893
5.9109573
1.7502433
3.7795935
6.839015
26.469667
4.928824
0.28737754
3.0898025
4.511249
2.2964811
6.600681
2.197498
3.902357
5.150334
6.457807
1.6356994
8.787759
1.6302814
2.9169893
1.4309357
3.622457
2.4326649
3.570815
1.8084025
4.184704
2.8027258
3.961303
4.5425353
1.6814518
1.5475973
1.2537498
1.1204299
12.43011
1.7581621
2.6822608
1.9943248
5.2166424
2.9505076
3.689536
1.3773805
1.9349169
4.431569
1.3735396
3.3986773
0.33864704
1.5988063
7.786333
1.6685176
1.9751216
1.8323839
1.102215
1.7795132
35.72661
3.8734925
3.4938617
2.553383
1.9050459
2.5681596
2.5184286
2.2621784
2.7420042
2.1166406
9.549459
2.3793638
4.080054
3.576542
0.7140644
5.0596
5.1585717
4.290163
2.8296487
1.7989192
0.5019962
1.5478245
3.3826246
2.6718266
8.554626
78.12496
4.4420667
7.821831
1.4992391
4.5843997
0.83228254
2.5027096
1.596973
17.004692
1.0325329
0.8349993
4.640436
3.3811586
3.2790515
1.7263275
4.709166
4.0905666
1.8763628
4.175547
2.790626
1.2646984
1.3432165
0.56031936
1.2095549
1.6229434
2.6465425
4.6972494
7.1097856
4.097764
7.240708
2.2678885
3.4222703
3.795687
4.74609
1.1708305
1.7206713
6.3859544
1.6140356
1.9168583
4.831512
1.7614324
1.9699514
2.8147895
3.6179113
2.6016223
5.2852664
4.7126875
10.897986
2.3907087
4.727342
1.3391967
0.87875247
1.599692
2.7342572
4.728456
1.84374
0.9128328
6.3157134
6.1267996
0.70113987
1.4739519
3.591232
2.1751277
5.295186
5.6176906
1.3517835
2.1552317
1.975103
5.9252048
1.8603429
3.5563157
2.7050047
0.881232
1.3748647
1.6112986
2.2490609
3.4494946
3.925625
2.2696939
3.4400342
1.9493366
1.5303658
6.506818
4.518174
4.648579
0.8714916
2.3351574
0.79587185
1.1313285
6.424603
3.2210896
2.5458052
3.00273
2.8496444
2.7469292
2.7421718
2.8028505
3.0786438
4.7089715
2.3034184
0.8231477
4.8406157
1.0384068
2.9213634
5.3557158
5.134056
3.6933117
2.4814053
5.7876315
5.290866
2.1170352
2.5305238
1.5156244
0.66122717
2.8983757
5.829598
4.534098
2.3251643
1.390438
1.1050926
2.1565137
7.2812395
4.451417
4.838425
2.1402552
2.2862194
2.3734295
7.4254317
5.1135597
6.3050632
3.4512289
3.054387
0.6721404
1.185969
4.0008683
5.092327
1.6863936
1.8405685
3.6824799
2.1274533
1.4541491
1.5100994
2.0388544
4.950447
3.0567768
14.148871
25.95698
2.2886956
3.8372183
4.6430893
3.1026483
3.4669738
1.8642813
1.5411272
1.5989065
2.0358062
3.4325275
1.5107111
2.1779969
1.0736265
2.6172276
3.5014741
1.8966181
1.7002621
5.581067
9.306705
4.040917
3.8984036
2.5112438
3.2147384
1.9407614
11.863749
4.9166965
2.855665
6.487557
2.7644567
3.0178554
2.796017
1.572283
1.6191286
2.3302124
5.9336762
1.3067853
5.44795
3.7439008
6.2900834
2.844914
3.2187397
3.2643013
2.0027826
3.6720235
2.8554084
1.1831471
2.097526
1.1517192
0.82356524
4.0337224
3.6802366
3.5300658
1.5911843
2.9136062
4.4895244
1.964584
2.9143047
5.24304
6.1511364
4.5141006
5.722028
2.7907302
4.8467784
1.6100433
5.9590816
3.2647517
7.587522
5.4456124
2.797536
2.558642
2.478796
1.6410939
2.0972435
2.9308023
2.0920348
6.0478325
1.6226814
0.8894659
16.652882
4.2420692
1.7452455
2.3246486
2.4432676
2.900068
2.8297315
2.3517225
3.2831023
4.530809
2.2305665
6.1198378
1.9382544
1.5381947
3.124755
3.1599665
1.4201686
3.9029784
1.2765007
3.7515423
6.7470684
1.685127
4.6491084
3.2540946
4.8711896
3.9374602
3.8053129
1.0884295
4.8637896
3.3095798
5.5675583
4.41364
2.0430968
3.7738097
0.884947
3.9453769
2.859805
2.154662
2.4843194
2.6453612
2.187862
1.8475721
1.9485196
4.0967097
5.14173
4.0891075
2.5073655
1.6272053
1.7369115
10.385079
3.2777712
2.1775432
3.4388406
4.425321
1.1658679
1.6113409
2.249311
14.240125
3.4891462
0.17652422
3.5661354
1.7539408
5.119223
6.5539856
1.6519401
2.2054071
0.36637884
5.8752284
2.4928699
8.7959175
0.608353
0.41192186
3.3381388
5.311681
1.0122176
2.3296661
0.8938269
6.9555244
3.38109
1.297994
2.168688
1.5571399
0.91520905
1.0577873
3.6073213
1.7046866
5.7236676
3.4870484
3.8331063
2.88062
2.9892554
1.4283912
0.16434585
2.288637
2.0309248
6.9492064
2.031685
1.860738
1.5620142
2.0353484
2.9046483
4.4760914
1.1251345
2.9564168
2.7704237
3.1659153
4.9003873
2.6229055
1.5395206
4.0220766
1.7488062
2.5099826
3.597606
2.7835734
1.6714653
0.94718164
6.374722
1.8529865
2.632724
1.0113329
4.043954
2.234828
2.3149729
2.9030912
1.768794
1.4003477
2.8597424
1.31829
5.360231
2.96088
4.949218
2.3157198
0.4658524
3.1155612
3.07203
5.8854027
4.692302
2.6675704
4.1028533
1.4269243
4.9364333
2.6195307
1.8983207
3.494959
3.2684557
1.6562935
2.572954
1.4438308
1.8670486
2.560532
1.3772289
4.789057
5.819158
4.3321795
2.9505818
1.3484173
2.254675
3.6272058
2.706956
6.2213154
0.97929347
2.3783011
6.051251
3.7134962
2.3964813
1.8257221
3.9792595
2.709916
5.866165
3.5809762
3.7464128
0.9249619
4.7801476
5.026268
3.5301356
3.7210546
3.892794
1.2927448
1.2137942
3.04718
2.0823953
2.5847929
1.529674
0.903858
2.9165652
2.4473317
4.521647
1.7007428
3.5844474
3.049643
1.4475565
5.316342
1.9464314
1.2115729
1.5104865
1.8819269
5.348082
2.5853806
4.697873
4.645194
2.9499278
0.7491047
0.6096358
2.2958179
8.24133
5.844735
5.952183
3.7576478
0.091756895
2.1170568
3.9487996
2.625029
1.1142848
10.72893
4.825005
3.4710531
2.3089666
2.8206592
1.9457318
3.8766341
5.337729
3.476863
1.4008586
5.483744
2.8077447
4.899425
57.47773
8.85924
1.6715695
5.255931
1.6509808
1.4060228
1.8134899
5.9549427
1.0295118
1.4060152
1.0154423
1.2178543
3.6285677
2.2851791
3.1056013
2.3709946
2.5825667
3.078446
1.8240174
4.2087374
2.6195652
4.140508
5.5166883
6.052551
2.50977
2.2693179
4.521141
3.7127275
5.2760777
3.773439
3.1414478
3.8471515
5.075707
2.5355897
4.280378
2.082126
1.5575174
1.9613601
1.9668626
4.5978284
2.4096587
2.983268
1.4290102
1.3421518
3.4099793
6.9842963
1.578282
3.8187757
3.5391479
2.4290912
3.7408934
1.5043133
0.63290465
0.8983503
2.226509
0.61129814
1.5809461
1.6769902
1.9853699
1.6903462
3.0620918
0.63287926
2.4824173
2.9992964
2.3639808
1.9486932
4.299641
6.407058
4.238328
5.362705
4.395472
3.552385
3.1866798
4.0895743
3.0540984
0.8400594
3.5994115
2.6359103
3.679964
2.404951
0.75530356
2.1531765
2.0500953
6.7123237
0.69265836
2.4593213
6.5114927
0.5823175
2.0786858
4.183778
2.1205611
0.41949987
3.1812088
7.3187394
1.2300987
2.6565228
3.9661143
3.7268722
4.649429
1.8968827
2.5274112
5.558518
4.772115
11.593878
2.2875345
1.8607237
5.0735035
2.436321
3.997706
1.0430826
0.9991288
3.2178168
8.058164
7.7512345
5.897734
4.105964
2.4424512
1.706365
3.4111557
10.318733
2.2030036
2.3205523
2.7085803
1.9744735
2.382999
5.025886
3.4802544
1.9060491
1.2981884
2.244663
2.497677
3.0153885
2.009375
1.1259364
2.7419047
1.7796383
3.6856928
0.70654285
1.9081804
3.3565724
4.1005654
2.9290125
2.8157775
2.7029636
3.4304767
4.5444255
2.088719
2.3928335
3.4384086
4.0408254
1.8060539
2.3349338
6.273535
4.842246
2.79842
2.2900593
5.0045156
2.4075882
0.64392483
3.3640947
1.2354553
3.033057
1.500436
1.89211
4.550759
0.7190346
2.755511
3.5821538
3.4778464
3.4690862
4.365618
4.1832585
1.9989717
3.559131
2.8161354
1.0349382
2.8098843
0.8967165
0.8905764
2.4254384
6.1242437
2.0895452
3.588831
3.9220943
1.7454144
4.692194
1.19714
0.53299886
3.7610025
10.397448
7.8324776
1.5235679
1.791977
0.5910327
5.1063485
3.003885
3.6971445
1.2420348
1.1857551
1.0995291
4.0008016
1.2030803
0.61758435
2.3605301
5.164165
1.2905316
5.487678
4.6697645
2.7251675
2.1656132
2.5516515
2.6768796
1.3827666
2.117671
3.5972717
0.9608004
2.1649544
2.4237685
1.2837498
2.8930516
9.547959
1.0009747
1.1066887
2.2568545
1.995028
3.895214
6.971669
4.4718504
2.0439558
3.1959863
3.7560027
1.4360198
2.707182
1.0393819
1.7886142
4.47432
9.611988
3.057296
2.7306914
1.152404
2.7485664
9.886585
2.5141237
7.5818253
2.847244
1.4949317
2.6937413
3.875704
1.9258016
3.2244499
3.4108093
0.9967708
10.645104
2.873568
3.5846603
2.9984715
1.0007735
0.25784123
0.7249277
2.5439782
15.32398
0.72196805
2.545429
1.2912334
2.1961224
2.568846
32.609592
1.4546511
3.6459801
0.3168221
0.93035024
1.8545133
7.4530716
1.1263615
2.1694672
3.8267555
2.7863379
3.0542517
2.7522788
3.3911366
1.9121684
2.7146225
1.68534
6.37129
4.9219894
4.171233
10.842679
2.027951
3.9646795
4.5960693
2.1434283
1.2512512
0.18078601
2.5777307
1.3364214
4.1377206
3.0346293
12.785068
1.8009485
5.5845494
1.5199481
2.9498317
2.4502947
2.0158904
1.8369128
2.2844949
1.5775822
3.451992
1.1231622
2.706451
2.5967062
1.2411919
0.94111705
4.6973658
2.6592987
2.5206351
1.6374471
1.6985176
1.5986161
1.8556104
0.9940487
7.7760096
0.86267716
1.8149576
1.9141356
2.8165095
5.9317884
4.427472
2.1968746
6.418516
6.467785
1.1629593
1.2409378
3.867038
3.7873085
4.0070696
2.2331848
5.058481
1.8569738
1.975843
2.6665192
2.194726
3.5352278
3.7377605
2.5381393
1.3272434
0.8422206
1.8340428
2.3173385
3.7771912
2.764633
2.1359196
3.5183644
1.2966881
2.3836248
1.3893412
3.2846076
3.192053
3.0418997
3.7764997
3.331519
1.9084537
3.9279287
1.2588408
1.6626141
2.8279502
0.8102307
2.459842
5.86287
1.2724873
1.7666572
2.5851927
1.2625053
4.6666026
3.3086534
3.7387826
2.0999033
2.5681005
3.788359
2.0753214
1.0063784
2.5414317
26.353252
4.63157
3.0312445
2.2046614
1.5372889
2.975224
1.7774342
4.103005
2.5549052
6.703552
5.4848676
5.1442327
1.2078998
1.4298097
2.627147
4.8893003
3.5564787
3.915675
5.1992955
3.6852596
2.6221511
3.3780963
4.8615685
5.213043
6.0608068
1.3762444
4.7884564
5.7308145
2.7547908
4.0762286
2.5064003
5.6258416
2.21379
1.5563743
1.3757272
4.390462
3.1627855
0.6882936
1.8401498
0.7964671
4.8138633
2.323065
2.640139
7.445434
4.729328
1.3813328
2.1452775
0.79522526
2.0971124
11.229017
2.439991
1.7427258
6.4077806
1.9407632
2.8099458
2.5139515
4.440592
6.248682
1.7408968
1.6228576
1.6136372
4.96018
1.7475082
2.690549
0.6806268
2.835449
1.3236907
2.8865597
1.8898166
2.3808239
1.5683037
2.7913628
2.0375054
1.4542294
4.2122
0.514391
3.8036366
2.5924888
3.4669938
4.0013027
0.35304657
0.8495863
3.501035
11.412475
1.9873896
2.0235925
1.9536698
2.7526777
6.4211974
22.451647
3.9049842
2.9012918
0.78960735
4.378681
4.5498595
6.4349623
3.8910105
1.9617652
4.695885
2.1963825
3.2618046
1.3426416
1.8932778
4.5504785
1.79034
2.026551
2.1225986
0.70505726
1.8131404
2.2157354
2.7428756
3.6027331
3.663435
2.0566218
5.9885707
1.3053963
2.805623
1.6297586
10.821815
4.976291
0.44425625
2.9571083
4.158958
5.583392
0.9404673
3.438911
3.200062
1.8599951
4.99744
2.4789305
1.8286643
5.1441655
7.538093
6.459354
2.3587384
2.4795866
3.0837264
4.2147593
2.8414106
5.15255
4.712621
2.2246966
2.048329
2.5408747
4.071163
1.4443144
6.4954715
4.3601427
10.042724
4.26232
1.553991
2.3873272
7.733415
2.371778
2.3100836
1.7056133
1.2874613
5.954659
1.0247282
1.4229941
5.14536
1.6563224
4.5939426
3.5706813
4.1912956
3.3440437
0.75223285
4.167235
2.2186725
4.10867
1.3404046
3.432605
4.7443357
4.082281
1.4378386
2.2818217
3.3004231
5.5861444
1.6433072
0.29741555
2.3916454
4.1503115
3.4293437
5.317562
1.5601081
7.9566016
2.586695
2.3459616
1.6438271
2.1919787
3.4427223
0.4344073
1.3323002
1.7412286
1.7265457
6.3308764
2.4320607
0.69428265
1.3643738
0.7455952
2.449118
1.7344494
3.9617698
4.418478
3.0642576
2.311244
9.770497
3.8083866
6.993008
2.4795797
2.804439
0.7410689
1.4204348
7.0457683
1.8691458
2.386908
1.3631104
9.525989
4.1222534
2.4034603
4.4115486
7.0962744
0.7867048
3.1876853
2.4667654
3.6175358
4.1230655
3.6504934
1.6346797
2.4689717
2.7681699
4.7930217
8.1901655
2.2140057
2.2578182
2.887616
1.8487242
5.556698
4.735825
4.5600357
1.6231904
1.9234245
4.959017
3.4033136
5.0571837
4.063557
2.6066592
4.239724
3.6301956
3.732134
1.1527451
4.6141295
5.043042
4.475716
1.4745492
2.6746309
7.489471
3.9796903
12.907871
2.8602276
1.2706616
5.0289435
1.5377483
4.454718
3.0734715
3.3946836
5.386692
2.6169627
3.6962824
1.5235385
1.6832043
4.881075
0.630474
5.630833
2.699601
2.8507771
1.2094334
7.745439
2.0052474
3.9883192
1.2205493
4.8843875
2.7826576
1.1430488
2.4697652
2.2576222
2.4609795
4.038413
2.311533
3.7749903
2.085265
5.4452615
4.1446557
1.2913487
1.6446955
1.0744383
0.9942076
3.080503
1.6956812
1.083167
5.5100865
2.746365
13.201125
4.402891
2.0616775
1.7420968
4.1130347
2.9803267
4.91137
3.8226807
3.5085394
6.5334115
1.4431657
4.5858107
1.3019446
5.078186
0.9300103
2.6467247
3.6290815
1.2280815
1.4368007
0.7921128
1.3606944
3.8362134
5.0085216
1.4434041
5.526868
0.92213243
4.968681
8.246839
2.7000508
3.0038514
1.7099731
4.7704515
2.429176
6.685237
2.990599
1.5308605
4.0189214
5.226076
0.7480235
3.0961008
3.6925404
2.923248
2.2894306
3.722571
4.1413736
2.9230766
4.1109776
1.3817551
2.3172197
1.5946419
4.931639
4.4613004
1.4090351
3.2609646
2.4900272
3.3155205
4.7840533
1.7924649
5.579697
4.0815682
1.3773026
7.779481
3.347694
2.3004413
1.8043132
2.8607306
0.6620325
1.8153192
5.115387
3.0949285
6.15359
0.75013137
0.5702005
2.0103614
2.476234
0.8309018
1.9450288
2.6781788
4.367081
2.2288737
3.0569425
4.0884137
5.7108793
3.3699963
2.1016676
1.7315277
2.5043783
3.866596
6.124321
3.094015
3.1516623
2.719215
3.56489
4.7741327
2.6813114
3.1996913
2.0962114
0.65528536
3.5828884
1.4323423
7.6447134
6.562124
3.1543193
1.7235425
3.856807
3.0628529
0.9979908
0.35843793
2.0052176
1.6513194
0.3845776
2.1762784
2.3270664
4.1755037
3.324341
0.8449507
1.7360973
2.4326952
2.5954556
1.5860339
2.551768
4.686003
2.462622
4.5594296
2.0764165
1.5988216
2.4563055
1.6041228
1.3378702
2.6676924
1.9678233
6.07441
2.3220768
3.8845882
2.881542
21.846516
0.69392973
6.8231792
2.6149364
3.397501
2.995757
6.0299497
1.8740407
5.32519
3.3986676
2.4284184
1.9841366
3.9261084
4.957152
2.4375482
1.201053
1.684684
16.513628
3.3126059
4.7049947
1.3015769
0.5811069
1.0968102
2.1867254
2.8503897
1.1314683
2.0234158
1.6626464
3.134763
4.046093
4.057221
1.8331187
2.0969226
7.6486435
1.8031001
5.735856
4.0267367
2.1380413
1.2906144
4.922953
3.5138872
6.9150057
7.9913287
2.606627
4.219109
5.0825996
3.0554655
9.747107
2.540079
2.490581
3.6947782
2.8278677
2.0222023
1.7205195
2.8395147
2.128445
21.918673
1.1359441
1.8703953
2.5687997
4.7145863
5.4036202
1.8866858
3.2701437
2.7840288
3.5372784
7.3522344
2.125574
1.3681431
5.4306197
1.9742584
1.1003951
3.904117
2.3547914
3.2494576
0.81152207
4.3962646
1.2563014
7.320368
0.9806732
2.6837356
3.6889195
3.2268329
1.8592936
4.3132973
2.455226
2.7801654
4.9191055
1.422584
2.6815162
1.8126618
3.3117247
2.4930258
4.7637753
7.2908387
1.4723642
0.7624978
3.3423142
3.705116
3.6706257
7.891384
6.2347236
0.7870847
1.0973891
3.6776888
1.1830441
12.619667
2.5263035
1.5534867
5.287186
3.1136794
11.029115
3.2753139
3.757728
2.708086
1.5036755
2.6374874
4.3186073
6.4958506
1.5875396
29.220345
2.2776973
2.326571
1.9369937
1.6514139
4.0769515
1.1992828
2.761586
3.7990913
3.096793
0.35360292
1.0616592
4.535063
3.6629326
3.2112694
6.130729
2.5825815
3.438944
1.9622557
3.9549859
1.2710794
1.6535641
8.700422
2.117131
1.681061
2.7536962
1.0104114
1.680598
4.4199452
4.6406736
2.6622725
0.45568237
1.4240628
2.9703074
5.621522
2.8620968
1.696733
7.2430515
0.5322226
3.6094353
3.033005
5.0811305
3.4718924
2.3456428
3.563846
4.883348
5.966483
1.9451157
0.6941868
24.32429
3.3702917
1.574557
3.4770434
4.2702847
2.7825453
3.082722
3.603537
1.5691928
1.5948647
2.236561
0.7768968
6.780164
1.600331
2.1069145
1.8193358
1.2689533
5.307993
5.512943
1.9374541
4.222824
3.3389573
1.8511584
4.078421
2.1723745
1.4218924
2.9605029
2.9684722
1.185589
1.9840719
0.80337286
3.4820492
2.0658913
2.3183112
1.042251
1.5806702
1.9383223
2.5374544
2.4002678
2.9814925
2.7652726
1.5713315
2.3209732
2.776912
1.1483082
3.8987696
12.544914
7.87873
7.035854
1.4611806
2.2799706
3.4006708
1.9060459
3.0840025
1.9739548
0.99561137
2.3710134
2.170253
19.404768
3.816621
1.1361154
0.9939845
1.615771
2.316892
1.6153883
3.2515607
4.823028
2.7273943
2.0114365
2.5360062
10.507845
4.9326253
2.751036
3.9676616
1.9092642
2.8249478
2.772648
1.9385835
6.6512523
2.167448
19.960793
3.3532925
0.76378334
1.3190043
0.59555316
3.2216063
1.5680498
2.3576705
9.4787855
0.7671694
0.42518476
1.9325367
1.3327409
2.895639
1.8433491
2.903112
2.3832366
2.9733129
2.9268878
2.871922
0.34565446
1.7076113
2.0294313
36.808224
2.314532
2.2848544
2.8878899
1.5317565
3.9861639
5.820073
3.57065
4.0886474
1.4412857
2.074025
2.6243725
2.8222222
4.8912153
2.8028576
7.5139704
2.371387
1.4113103
4.121497
2.0153337
2.4983358
4.028809
5.073592
1.2690244
0.42189157
3.5223556
2.6393824
20.66215
5.1186194
3.3295715
1.4535629
2.0152502
0.52143294
0.7166258
3.5297518
2.8096008
0.8707589
1.1085497
1.6321492
0.8761097
0.9741514
1.1293325
2.607296
6.389761
1.0965633
11.605694
1.1521821
2.3826852
1.6795169
2.704174
3.2953146
2.3227336
2.6916263
1.1176889
1.6568701
5.1787906
3.270628
2.5577936
2.289847
3.0338879
1.7610276
4.573812
3.165314
6.5733542
0.30330548
3.3818147
1.925812
0.76583475
6.620117
1.4337277
1.9767635
4.913647
4.1192417
1.8482201
2.2002923
3.7881677
11.800827
4.077102
4.380315
8.03907
2.4873292
2.6072164
0.8949757
2.7113335
1.9090991
1.6252425
2.5975854
3.6662543
2.234713
4.9135075
2.5389392
1.5961345
4.9086127
2.5076017
3.7190523
8.808836
3.59264
3.6536562
3.0162623
1.5697573
2.5353558
4.2832227
2.4654179
1.4603418
3.9492772
4.604568
2.9017413
1.5712944
1.0777917
3.1191232
0.9106261
1.6346867
1.5309249
8.210414
1.4178509
4.1598
6.056617
4.6015625
2.8658178
4.272517
2.5104501
1.643564
1.5875593
4.130463
0.4926894
3.3888779
2.0833805
1.0359675
2.2197433
3.5176747
2.1240597
3.5060866
1.4457785
3.8079784
0.7706353
3.6183894
0.09043934
2.4370275
2.773479
1.2817742
1.9562721
3.992059
1.2880086
1.1209215
2.5496671
2.4102933
5.4336886
1.2139872
1.06039
8.836799
1.8804965
4.7900662
4.1695743
4.642905
4.5849414
4.3734536
2.2171807
3.2812445
2.165914
2.200979
0.29812646
4.943563
1.8235893
0.7986455
3.2239556
1.5926615
1.7426932
2.1509876
50.149742
1.806159
1.5792722
3.3062367
1.4561188
3.6329975
2.1380062
3.5890918
0.8971002
0.7034915
1.6005636
1.8529936
2.8131244
1.3737885
2.0811088
1.9462379
80.4043
1.3095584
1.6145114
4.059082
4.3133974
1.7533224
1.3528491
2.4853487
2.2435079
2.7947984
8.847419
3.29497
