2.7726557
1.9370322
1.5191078
3.0030012
5.840103
2.029375
5.62543
4.6757135
4.0662837
1.486824
1.3579348
2.155436
3.5411284
7.268771
2.863513
5.07393
5.7107387
2.4435265
1.6703571
6.605219
4.2241936
0.6207972
1.9794954
1.6997851
1.1717048
2.2444065
5.7118278
5.519918
2.2306557
4.4058423
1.8317735
3.7562673
1.4947888
3.199697
2.7209582
1.0112048
2.662247
1.4602264
4.233264
5.1792874
1.322624
6.5644007
3.4061835
2.385474
40.00112
3.2270353
4.4492397
1.5742136
1.4015739
3.846413
1.5928344
2.0932124
3.51696
1.4361305
2.4101832
3.7864394
1.6269312
2.8174489
3.6104114
10.344377
2.022907
4.3059106
2.0060081
1.457424
1.8634572
9.114672
1.1594975
1.5694654
1.8678942
6.5488157
7.0852995
1.6558849
1.1255876
3.2680826
2.9232469
3.8051918
2.427443
4.2287116
0.8205895
1.0536464
2.625077
3.8469198
4.043626
4.2093387
5.0396323
4.281133
2.560351
3.6979992
1.9957452
6.9317217
6.4379263
1.3594754
2.6537516
7.0131803
12.784859
6.8527007
1.6960891
3.5547984
5.371756
0.36054116
2.5062943
4.5294895
1.0675577
2.8399217
1.6213521
4.925433
2.5033917
5.181873
2.1112797
2.2445424
2.9497287
5.823341
6.145693
2.3133607
2.0809202
17.075363
3.75547
8.937515
26.613142
2.0608459
2.9315627
1.9255611
1.5233129
6.352845
1.5625046
1.6218742
2.7596076
1.3966026
4.6912413
5.0900993
4.035107
3.0958905
2.2058208
4.812223
5.281854
7.4436793
1.6589239
4.7208214
2.2005932
2.861029
1.8072726
2.9149444
2.9819
1.0760474
2.2977624
2.2338505
3.4818203
6.5256667
1.5470539
5.2137628
3.7861307
4.5367503
2.5705588
7.410202
2.41954
3.8066618
5.525966
4.3204155
4.9247866
2.264842
2.9537146
5.3327923
1.0632406
3.0192919
2.0574107
4.0511084
2.9590428
4.9597588
0.86253786
3.9482195
10.16115
4.572538
4.756936
2.6472354
3.4627795
4.095769
3.7638164
3.8251147
5.2654085
2.6836622
1.3632544
2.1362996
2.712479
1.6231543
1.3969448
2.6228573
4.2007327
2.7296314
55.88423
1.4072305
6.9756255
1.2504592
7.5026917
2.288607
2.7786565
9.277745
3.1287186
4.487482
4.658032
2.3388133
2.3860118
42.291195
1.4762554
4.2528787
6.345719
0.70893943
1.597267
1.9157121
8.139928
3.2511826
18.05847
1.7190009
1.559846
2.324225
1.8495625
1.7624418
3.1963885
2.6853786
3.8540566
3.2839694
3.5789506
5.963086
11.550649
1.6121069
3.5182712
2.301041
4.730883
2.1682286
2.3985052
2.015675
1.420883
3.5429773
1.0374712
1.6017282
2.0256598
2.4884365
3.4442027
2.4802325
2.4232888
4.894269
4.233704
0.94535786
2.788445
3.1435087
2.234252
1.2022672
3.0677564
1.3278947
4.942324
5.641128
1.4064863
1.2637343
9.130363
11.033931
1.7742597
2.4461803
1.952532
1.4804401
1.354211
3.420735
2.6714146
1.4563893
1.838745
2.2267754
3.1507547
1.6912526
1.128719
2.6321793
4.167908
5.475751
5.943627
6.93927
2.3679852
0.90484256
0.8224635
9.377804
5.1452584
2.561416
1.3879675
3.5409625
3.2304213
3.4520617
6.0680676
2.466571
2.0937245
1.9721783
2.85341
7.27591
3.5721617
59.942444
3.2192132
5.7816887
2.0435843
2.5436883
1.5113628
3.367834
2.2526522
3.3751943
13.580812
2.564674
4.7424636
3.99129
5.7803774
1.6465355
2.6864688
1.0386297
3.1013744
5.5002193
1.9430177
3.2137146
7.36552
1.3648092
3.623292
4.3179083
3.7142968
4.543354
2.9872997
3.323228
1.5124706
0.849713
3.922036
0.9684974
0.69329596
3.1094904
1.2010266
5.5010195
3.7922919
1.7428161
4.5459857
1.9522778
5.538243
3.398867
3.5512145
4.2178106
1.7380553
2.5954056
3.5973675
0.6565426
8.343413
2.1002607
1.1679171
2.7331953
1.505977
2.2473881
7.1779275
6.576533
4.0854373
2.850616
4.831364
2.3128672
0.21250898
5.4120893
6.197021
1.6250793
2.7616577
6.3222456
1.6806254
1.3915299
5.453875
5.377952
10.36784
1.2496829
2.195905
2.3819258
3.8362327
3.4229858
3.9093778
5.1616344
68.93003
5.9839892
2.3551023
2.8232157
2.1885927
5.099937
23.577152
0.8719414
1.8754063
3.6956127
1.4392848
0.8935506
0.9013961
10.68763
3.6300046
3.6681008
3.8885708
3.1028426
0.8601735
2.4763837
4.8989806
1.992062
6.569841
5.050094
2.0276408
3.8164778
4.587119
5.2463923
4.356343
5.3197613
3.7363305
3.8131588
4.1314964
1.901669
3.4503007
2.1212056
1.3232108
1.9673821
1.9040298
1.785341
0.65051025
2.046188
1.5044545
3.077007
6.2169013
5.3840065
0.7264737
4.605162
5.200971
24.049618
3.4739666
2.32672
1.4915546
1.765326
3.0894265
2.5007746
3.243547
2.6395545
1.8028585
2.0042214
3.872691
5.128014
10.456059
4.361336
4.4515843
1.4723915
2.1208694
9.09041
3.6622853
4.4110227
5.8904223
4.1577015
3.1757417
2.4293313
2.2497482
2.8741865
3.16982
1.832791
5.2443905
4.933416
3.676719
2.9291203
2.0647788
2.3907306
3.948542
1.5792316
1.4930815
3.091135
1.445125
1.275127
3.2561114
15.432902
3.2678752
3.0949516
2.8736646
0.6474548
0.79075104
7.0872955
4.85742
1.9335022
2.6007113
2.559161
1.6869906
1.9174695
0.36081976
0.5594871
23.55647
3.0074546
2.0696259
1.5984972
2.0734754
2.7356842
1.7601012
2.0156097
2.100662
5.9856615
6.1267557
3.9711003
2.5473588
1.9352782
5.1241937
3.8173428
2.1770394
0.85972416
1.6409636
0.92232513
0.94366235
2.799582
2.8600314
0.3485529
5.2496023
2.8183343
1.9020579
2.4055567
3.9458704
3.149294
2.0616395
1.6908258
5.4278893
2.1359847
4.490194
2.560207
6.0961323
2.1004508
3.9954615
5.353851
20.071413
7.359822
6.624491
2.1754155
2.479177
2.4149747
1.6607519
5.9541717
2.9150455
2.081672
4.2915163
3.0849001
3.5495903
2.5158718
2.1795146
1.1849333
1.9355476
4.8393326
2.3998601
2.5479956
4.257129
1.7832118
2.839168
3.5005434
3.4121475
1.3194158
3.58331
4.8401823
1.1275451
2.4620552
5.6582747
4.5884023
3.0861397
2.2749293
1.7236087
4.599876
3.9159677
4.796905
15.539703
3.8635051
1.9522845
6.687714
2.056219
3.2521574
5.211114
1.0408199
2.390086
5.7362657
2.636209
0.89605725
2.564626
2.8444002
1.0987113
0.9763411
1.6419271
10.748293
4.1706533
5.404621
1.9505155
36.77202
2.1336215
3.1008084
2.264603
0.32173347
0.36892384
2.2108963
6.3029327
3.7711885
1.0264555
10.416872
3.351829
3.514752
3.5579433
2.6533935
5.1294584
6.329358
1.2382512
2.1372936
1.6778347
3.8493075
3.2220762
2.6145794
1.8754663
4.2155666
5.5499043
7.163927
1.9758735
6.7098703
2.7101882
3.0356994
2.6458337
2.7553265
4.178309
9.878015
2.3157287
1.8577727
2.5849452
4.117276
1.4172549
1.6870862
2.0036585
4.611864
1.2631979
6.841828
4.0897527
3.0746706
3.9633756
6.685262
4.6754947
1.6504562
3.5946887
0.8769179
8.11592
0.7742491
5.0202427
43.722828
4.995133
4.7707267
3.9432585
1.7001939
2.1023295
4.674825
4.155377
5.9776525
1.0137035
4.4984922
3.635409
1.5925124
3.6655512
3.23692
0.43994626
1.193057
2.4719763
1.6340472
2.7289293
3.5074017
4.4824104
1.588634
2.6200104
2.3963528
4.223959
2.8297248
5.1287656
2.5440044
2.4547787
1.1066593
3.214683
5.6880093
0.88627934
3.2331295
3.519845
1.3024747
1.47486
1.7866158
1.463885
2.322015
1.7974192
0.7776866
2.6890082
3.394613
3.3711631
4.220189
7.551015
4.9911957
0.7891428
0.99695253
4.0685186
1.8235325
4.8207326
3.4561813
4.3638635
3.996991
4.1954765
2.4588492
2.373536
4.2319403
2.9284997
3.1447368
4.2180734
2.8789217
1.0693759
4.0195794
3.510947
3.7145557
6.036863
2.232123
5.3453317
1.857892
2.7927618
9.184884
2.0232873
2.539739
2.0518804
4.3839884
5.5787964
6.489355
5.2014794
2.134246
2.8601408
2.158851
7.175307
3.0791762
3.3738534
1.9088044
4.1292815
0.9146865
2.1618946
3.2917244
2.7269511
7.2981834
5.459753
4.7094917
1.582958
2.2784889
4.4491415
3.0372825
2.0202208
2.0915074
1.6590462
0.9930966
2.677461
6.0467644
2.802118
1.6361046
0.5383882
4.2652583
3.6349444
5.360669
0.95211685
0.95215327
3.93416
2.7357635
4.181493
0.53565866
52.70474
3.692266
4.979507
2.8207908
1.7312074
2.8491073
7.3155236
28.497736
4.318392
1.609272
0.6296531
2.4873335
1.6760356
3.8328552
3.8584208
2.4921103
3.5991411
2.4715645
1.2917653
4.1937613
1.7962838
2.440028
0.942336
3.9150836
5.960351
0.5964302
6.762414
3.2019331
2.9693544
1.0610012
10.471115
6.5271645
2.833067
3.1903846
10.954069
2.675356
78.88754
5.5515466
8.643736
1.7206999
1.6408671
0.43639788
0.6030021
4.386933
2.9683104
2.1592393
3.8107114
3.7511866
4.6919966
1.778488
2.9335637
3.6637108
2.6392634
1.145053
2.878977
5.184506
5.850028
1.7103404
0.44171613
2.199557
2.344051
1.3822755
4.6942277
3.046929
2.5668526
2.0382159
5.6675644
3.2059124
2.8022342
1.8440304
4.002221
3.6259043
1.1677161
1.48342
2.7063491
3.758629
1.4158825
4.489117
4.6807756
2.8620417
1.2589835
0.9793159
1.8596407
4.7753196
2.2077944
1.0667111
1.5397035
2.8620217
1.5407125
1.019705
5.756192
4.8364882
5.967182
3.6685665
7.842244
4.7813306
6.40141
1.0684478
5.7762833
9.226586
2.8000882
2.94871
3.6225693
1.356483
1.8056402
2.5621953
1.3253614
3.4416757
1.6655678
3.5204487
2.9549117
4.4645486
4.2270737
1.6835023
1.2731557
2.5840101
1.5594238
1.9906952
2.747103
4.9658456
3.3013842
3.3446913
5.6248193
2.65735
3.0505383
2.0239902
0.25906557
1.7518538
1.9587737
7.303363
1.8651675
4.901528
1.9832618
0.71555096
7.419239
3.592421
4.604696
3.5377417
95.09674
0.6109678
1.1900781
4.390684
64.65692
2.0656247
1.1802782
5.3844647
1.5991756
6.823909
4.7238984
4.766131
1.656977
3.408171
5.207608
0.9745905
3.1816807
4.181606
3.7721956
1.8114201
5.2425146
1.5735122
5.3961353
2.7364676
6.117507
4.471256
8.835933
4.0722737
5.5074735
8.38778
2.6031663
2.0185661
3.084308
5.0852213
3.2386098
1.4553149
4.2844167
3.9539483
3.0780344
4.307176
3.0527391
1.5213534
3.1628032
3.9279926
1.9914339
2.2093444
2.6718576
2.367181
3.2873945
5.752261
3.1121235
1.7304575
1.8667654
4.247525
5.816451
7.002241
8.873538
1.1489543
1.420727
4.509287
1.0894349
2.884806
2.2329967
1.109393
3.0751822
3.7558334
1.6711055
2.0832896
3.1551664
1.7547936
3.525792
4.451881
0.7695098
5.2511425
1.489907
1.3555324
3.3264008
1.9453232
2.88131
20.009714
3.228419
1.4764664
3.126556
1.7126461
0.9641408
2.1053894
3.1505005
2.2831206
0.61386555
0.8002456
2.1640837
3.4538226
5.746244
4.0407867
1.7693348
3.4595277
2.9690263
2.8422875
2.2647126
2.2929964
2.706319
4.7562222
5.094104
1.0664439
1.567316
1.8919953
0.8529091
3.7654436
5.0171843
3.1246047
1.1781951
2.426481
7.831654
2.3222885
0.8715248
1.8461761
2.995637
4.160759
3.2439165
3.0506947
1.7759886
1.9161377
2.0203662
2.9381027
4.667635
1.8359792
4.0616894
2.4524035
3.9691331
2.5378609
3.8590827
1.8612411
4.6620727
1.2298914
2.8001833
2.444064
3.2593732
2.8251584
3.7659888
1.1160518
2.2257214
4.63888
5.449471
2.4792426
4.0730314
1.0794706
1.5148323
5.4801464
0.60171056
5.4020066
2.9577262
2.9432921
2.1830516
2.298119
2.4233725
1.7031059
0.8670185
2.0304399
2.3683434
6.526643
1.3625854
3.501738
1.9737525
3.3713195
2.6412883
0.7818854
1.2267624
2.5180087
1.8074207
1.6212795
6.493067
20.77523
2.319936
4.7727675
5.6291375
7.966825
4.907913
8.77069
1.4333035
1.5007747
2.9676228
4.439859
11.462329
1.3358448
2.9219987
4.293042
2.8898194
7.3289056
3.9935052
2.7329814
3.671344
0.95841336
2.7675645
1.2667019
1.6580662
2.850798
1.2808163
1.9707886
1.5737934
3.308764
2.1556787
3.475414
2.5693665
3.7630477
2.7107177
1.0382483
1.8836433
1.1665168
1.8398864
2.1477196
0.30517653
1.2215033
1.8515304
2.0609107
1.4389791
1.4187832
10.271101
1.3880935
2.6102781
3.4861672
3.7262707
1.9538357
5.8379917
0.5084075
24.406015
2.4552588
1.8388902
3.7272892
0.35573983
5.747347
2.6869717
5.1449094
1.9123626
2.1430287
3.7444992
3.5293496
12.218449
1.8794073
2.0351384
2.6301308
4.6351886
4.9267597
5.71487
4.601004
2.2013087
6.350376
0.95801336
2.6700852
1.917215
3.3629196
6.107836
1.6703434
3.6710117
1.6524683
1.8018236
3.373364
10.70976
1.9844582
2.1376958
4.110247
5.378555
4.8151417
1.3840793
2.9417777
3.861487
3.0152683
3.316923
3.3650544
7.135673
1.671637
4.088241
1.41134
4.8844013
1.5046214
1.5998158
3.0610468
2.136626
1.5554073
3.8591552
2.847678
4.1645226
1.2915109
1.9885267
3.3046775
7.1148148
4.5697417
1.4928051
2.7993739
3.6524801
2.2292018
2.9636128
9.292589
2.5457652
2.8159199
3.1314793
2.5042522
2.8997266
1.3834778
1.7253451
1.73316
3.0678823
3.478102
2.6099553
2.2120914
2.1357243
3.917918
2.0059798
5.148725
0.44617686
6.2689776
3.011769
1.3516754
2.3802857
2.0170672
7.99293
4.276315
2.1622548
1.1096042
2.5152693
3.3139672
2.8910463
1.0156757
3.1000125
1.6507213
2.7522905
1.4810729
0.9810229
3.0864341
2.9346948
1.6177951
2.356185
1.8210526
2.7653372
11.0163
3.4475179
4.3213735
3.461949
2.7572346
6.3200836
1.8535143
4.6580625
2.0442266
3.1280024
0.26931322
2.200243
2.168403
82.385796
4.365921
3.2282677
3.067169
3.0294046
1.4313248
6.0810513
1.4818618
4.2835183
7.7127147
2.7843213
3.2079496
4.629476
4.7733226
1.0190625
7.845646
4.7042327
4.115797
2.3988783
3.2540653
6.2471213
2.7664752
2.966839
7.076825
1.63469
1.716354
3.792659
0.8984543
4.671899
4.2909427
4.555774
1.1741674
2.0148883
3.812004
1.0248543
5.783601
3.9757123
1.4957244
11.4338455
3.1268132
1.2821537
4.1403766
1.1957867
2.9080372
1.8492754
1.9306397
0.88616145
1.4373043
3.4412568
11.5022135
5.1837444
3.6067274
8.382937
4.381805
3.6944935
4.275372
3.2688317
11.629059
2.155029
1.3453571
2.3416204
0.67436373
2.7536376
1.6363035
1.1054894
1.7776589
1.093298
2.4552019
5.6549964
1.6231396
1.4909042
3.6229882
2.6353624
0.59106785
0.51142025
4.9473686
5.995147
1.1125872
6.2747507
1.7286506
3.5707815
1.8759012
1.9892523
1.5172261
3.6137092
0.52338886
1.4960302
3.609295
4.064161
5.094869
2.773133
2.3129902
3.0329587
7.7459755
3.2229953
9.901173
3.9966538
1.7328198
3.2098978
2.044188
4.496856
2.589478
4.665572
2.4423466
1.3340333
12.722208
2.0669034
6.467616
4.8768244
2.345756
2.5374634
0.71695197
5.71219
4.2752295
2.0064893
2.6346881
2.011963
3.8947897
3.5709991
1.7603868
1.2187525
1.5220509
1.6929802
3.2127533
2.1569297
3.2494848
4.9545364
2.914144
3.4830065
2.6337597
5.3195486
2.3243432
1.7026093
1.7992898
2.3610594
4.9827466
2.5272782
5.2290845
2.3531718
1.2635491
3.6752238
1.5669991
5.772578
4.0294714
4.965563
6.991923
3.5717216
1.2365925
3.2836478
2.6680527
2.3323507
3.4839706
4.4759426
5.6800227
3.4298143
2.9816422
3.263767
3.1156244
1.7183003
0.72190505
5.3467865
4.533709
2.1771615
0.58324677
12.435276
2.548692
3.047179
1.7748905
0.7376738
6.596201
3.158396
4.636194
4.756511
3.017272
2.2033148
2.75825
1.8588201
2.7793083
0.30800846
3.8544655
5.308123
3.7331247
2.1469085
6.1035438
1.2735903
3.9476612
0.44352496
3.8056796
3.7775145
3.585036
5.192726
7.262147
4.9729943
6.7997108
2.4855416
2.0768728
2.4424593
3.1757848
2.3790622
7.33223
3.1310265
2.3255944
1.7400906
3.8936746
1.496068
3.4922633
3.0228527
1.278038
5.168823
1.5922062
0.66212356
3.73162
1.2741221
2.158119
2.6180873
5.0739636
0.8727544
1.6124085
0.9630218
0.90580404
2.8840468
4.426546
3.170833
1.34638
3.461393
1.160308
2.6589353
2.889488
1.5651202
1.6302965
3.3886693
2.1840637
2.0254264
2.0731478
2.4267561
1.0521902
4.6011724
3.0393207
1.1165466
3.9969795
1.4182013
2.902127
2.2938607
3.2805414
9.353909
0.6524396
3.4934967
2.8582947
2.336021
1.381218
5.0266294
5.333748
2.1531947
2.686533
2.2946901
1.976361
4.1601777
1.2577043
2.2461777
2.0987053
1.3141814
3.6771665
3.3346314
4.330419
1.8253701
4.5946445
2.099411
0.9560697
7.378972
0.7896599
4.8448277
2.1895196
2.5073652
5.207679
2.284349
4.4598937
2.801758
3.3300478
2.8453054
12.186725
2.899361
3.4689028
2.7109616
4.1158876
3.7342703
2.1236565
5.3833413
1.7143118
2.6090233
10.061608
2.1870995
2.8942885
6.513776
2.2265847
7.399871
4.010854
1.0489676
6.065111
1.6152973
3.3115637
0.7144607
6.0763984
4.0315433
5.0106745
4.1466436
7.250626
4.7223716
0.24518475
0.8072221
1.4715406
7.1067324
3.4280884
2.496595
4.495545
5.3039017
2.4833186
2.6714458
2.0551035
2.0755177
2.8487399
2.5713656
5.0613155
0.97176135
1.6443715
0.7328917
7.061724
1.9083612
1.8976983
5.6343613
1.6435045
9.739281
1.6497444
1.4194491
2.1709347
1.565178
2.4711914
1.384605
4.235044
2.9405856
1.2714537
3.252218
3.9779956
0.31001043
1.9314128
0.72608525
1.5776471
4.4045134
2.741485
2.0421517
6.0207157
1.9065194
1.6930645
6.318848
3.5893536
2.53157
4.1734447
3.939171
5.0699134
0.9356062
1.1094668
2.5134215
5.3148775
1.098332
5.4760385
4.201665
4.0896397
2.7814987
2.4987476
2.8770893
1.9053574
5.465357
1.023488
1.7214696
8.678297
2.245619
1.3437189
2.4052837
2.019847
3.7898715
4.679213
6.996357
2.3462086
23.838604
4.3392553
4.3026004
2.6114018
3.1294749
0.81307346
21.071087
2.4823744
3.5241623
6.095768
1.5928147
4.28585
6.899844
1.6208189
2.268584
2.3345377
5.322308
3.4292383
2.0265539
2.2743642
2.4493413
2.3615296
4.419112
2.1911433
10.207272
3.8412027
3.652175
1.4048574
7.090726
1.5011241
3.06193
2.3485422
5.7905965
1.197781
3.1129558
3.9369793
5.837478
3.6996794
2.7637253
1.3434309
2.079483
2.0636358
3.1705885
6.0001855
3.840866
1.1078604
7.60382
3.8418746
1.6156194
3.4534054
2.4652498
4.029166
4.6489935
5.9218407
2.2099848
2.3552458
2.0348248
5.3970656
3.6723158
1.2361705
10.149732
5.181207
5.321465
3.2644856
3.1693175
8.60464
4.6973095
1.7328598
3.174093
7.3620405
0.6530394
2.1522722
1.1875112
2.7820044
2.7537923
2.5110009
0.9985645
1.3002982
1.926234
1.5448347
5.1189446
3.8368382
3.6532078
2.7025423
3.0841327
0.47636324
3.5234313
2.878099
1.4070679
4.078985
10.234092
3.2041981
1.791541
2.2580624
5.0765715
0.90692765
1.3235784
5.544874
2.5218122
3.3139772
4.426848
2.704024
4.3470263
2.1090968
2.7131777
4.9608326
2.938116
0.87731415
1.8034872
3.165991
0.4512148
1.7228981
4.9490757
4.675743
1.4766768
3.1655233
4.032184
2.5588627
2.52885
2.3215177
2.381148
2.8749368
5.5910525
1.6982784
3.7987182
2.392619
3.0191069
1.9211452
1.4619733
2.317413
0.97693634
4.802366
2.0589786
1.6439965
2.4629107
1.5997185
5.5145698
2.5003893
1.9895792
1.7319343
4.882605
3.2902627
3.5644693
1.7262453
2.21446
6.906906
2.9562757
3.677158
0.26298097
2.3225796
2.91757
3.0711148
2.246294
2.724406
0.6811673
1.7788854
3.159622
2.65554
2.4522696
5.642072
7.2055683
1.9108281
14.274148
7.002459
0.94360435
1.7138879
3.841654
2.8809967
2.8237782
2.177137
1.3358678
2.0828786
2.4481344
1.9077941
2.240526
1.3791668
3.1327853
2.9202163
3.690074
2.9061143
2.2360303
2.8006816
3.2136543
2.3703136
4.4378214
1.1874663
5.6003532
2.5658917
3.6150036
3.3391101
1.0340078
3.095008
3.0902355
3.0134661
1.1240568
3.1604524
8.959094
3.7041063
3.1559145
4.4976273
3.5985298
4.276521
3.4108984
0.71593267
6.4149985
1.2579151
4.192703
4.802136
1.6816487
0.7551603
1.2239487
1.3928363
3.334573
1.821416
2.760738
3.1465087
1.3406926
6.231192
2.1842933
4.0260105
2.7999377
1.739078
1.142756
2.6036546
7.941775
3.8772655
5.441674
3.145505
6.1942906
5.4321804
3.1333363
3.9496427
3.8751726
8.06739
7.168671
4.513603
7.6352243
0.69063455
1.3604227
0.8739055
2.405033
1.5336928
3.4583278
1.8228009
4.718503
1.1813074
3.5446908
3.5573783
2.3044846
14.730992
2.6666708
4.254249
2.0276186
2.0111976
5.8689303
1.2296386
1.7926936
1.3143301
3.8000968
2.91909
6.8791294
0.86479104
4.4419594
3.836277
4.6658707
4.371394
3.9221373
1.8442342
1.4130741
2.7856593
3.0400488
12.356128
9.966075
2.8082883
1.110529
2.7749345
3.2525325
1.8338653
4.6333475
2.4437
5.3552184
1.6097347
7.3182473
1.3135766
2.8768985
4.742267
7.6215816
7.5836897
2.2031062
2.6661468
5.202346
1.7783899
1.1717426
5.39821
0.9439255
1.359852
8.60821
2.2066796
3.1281755
1.6888242
1.4555491
2.3659935
1.6096596
2.3365963
1.5437734
3.2876837
6.719778
3.5562098
4.2500854
3.157291
2.2074466
1.3203237
1.9694405
1.0439799
3.5036004
1.6277963
1.2545377
2.9895453
2.0048902
2.6044884
6.5156517
1.7094706
0.15629913
2.27525
2.545638
7.5484495
1.6056021
2.993891
1.0711011
3.3829896
1.9556341
3.0106049
1.9352483
6.1830297
1.7173479
3.1960697
3.3000221
1.2596091
6.735617
1.8672055
6.612167
1.6880301
2.4603305
3.7274582
1.0457411
1.6416324
4.3768086
3.3089988
3.0336878
2.820382
2.9728177
7.8977375
0.9861302
2.0298045
2.3175828
1.9295489
2.825401
6.398902
4.3175325
1.9345664
2.2336214
3.9986336
1.5567446
2.8219898
3.363123
2.510302
3.5690176
9.078208
17.427904
2.5883381
1.658662
0.9839593
3.5260756
3.8151202
1.5966798
15.184754
5.5081587
2.7780674
4.3210907
2.661152
5.2523355
1.4434391
1.9251137
1.7459071
2.9310436
4.6028104
3.1619906
3.53771
0.7757817
3.4819868
3.3628335
0.7655431
2.9694731
6.303959
8.80229
2.9525533
0.79985225
6.5883536
2.6698055
2.198862
2.7544174
1.869251
7.248351
1.6805706
2.8937473
9.061952
4.870455
15.206004
3.9192483
1.4693753
3.1906579
1.9162242
4.70463
1.2860464
4.3885574
1.2778027
2.0193846
6.49769
2.4131873
3.8579712
1.7193443
1.8168042
2.0717108
5.063744
1.1794504
1.8318188
0.62271804
3.5929363
0.98178
4.01212
1.6884854
2.7948275
8.3547945
3.5110862
1.3404224
3.6866128
4.093475
1.8576716
5.2829022
3.6420155
62.46223
3.0901165
3.0763133
2.2160876
1.3040848
2.8409715
2.1944466
2.5127366
2.4452274
3.800571
15.777886
2.1302342
0.8861694
0.9539754
1.400873
1.040084
2.9421859
6.120119
2.203871
5.020552
11.697478
0.8871609
5.166435
3.6605914
4.4166017
3.3079326
4.402907
4.5120554
2.1794221
3.1486757
3.7172348
1.7923528
3.3996358
1.5684322
1.8173344
3.5905924
1.4374543
1.4622074
1.6832536
3.831482
2.088097
4.3574696
4.188116
1.9575807
2.7686276
1.5909251
4.889083
0.5719512
2.8502514
3.444922
1.5666155
1.3497047
10.607894
5.0957336
11.384577
2.6239302
1.6895759
2.8774524
3.5404043
3.4077458
4.265096
3.9616618
2.2221344
5.126803
0.5794926
1.8617704
3.4165938
2.4637854
6.8504953
5.5071054
1.8961254
2.1907604
4.361803
2.805951
1.345656
2.2645714
7.8514667
2.9903333
3.4187906
1.6048868
4.068942
3.8686352
0.81456757
5.6806326
2.7032936
1.0686156
4.324993
5.762939
7.7976017
6.3422093
3.1395068
9.369083
3.124687
4.6424947
1.4274858
23.378334
2.9350545
0.9316614
3.6254468
6.2219133
1.9879248
2.5361693
4.540472
7.9286995
1.100106
4.074488
4.849011
1.5006258
1.7264296
1.3294097
1.0811106
4.8603287
4.938192
1.4935571
1.8162504
3.235972
0.5362451
2.6231985
4.32462
4.386329
2.7581573
1.9186841
2.3622458
3.5909784
1.9818547
2.103536
2.6516135
5.735705
3.403356
0.9234728
3.9353268
3.566124
3.2445836
1.4751991
1.9339515
1.3643014
2.688319
17.376251
2.3432379
2.6092043
2.3601594
73.25087
1.9287635
1.7290434
5.620139
2.2118769
0.778667
3.9253395
4.220207
2.3086984
1.8069096
10.485831
3.4682481
2.8111293
0.99598783
1.3226868
2.1534684
1.4556094
4.252565
3.5418165
2.7558074
4.5534744
2.6740656
2.6051474
3.3492706
4.0535026
2.7171946
3.6606584
7.373608
2.2666588
3.6806865
5.207433
0.8672469
5.106641
5.505209
2.001247
6.941495
3.2088068
4.1177454
3.934583
2.191814
2.3489454
1.3395804
6.0747833
5.5493054
4.1248803
3.558038
2.9391742
1.9074816
2.7678945
11.236314
4.55345
0.7922852
3.0768313
0.40986025
3.7983644
1.8454423
1.6548926
2.1866214
2.980502
4.475011
1.404962
2.4232106
4.6339445
2.101148
3.5610323
1.880182
1.5382112
3.8534415
2.2379184
3.5358222
2.136257
4.7775965
1.1258026
3.9623337
5.1967883
0.42635623
5.6219964
1.9425054
2.6090877
2.3221235
0.59714925
15.18504
2.6825564
6.9618
7.915048
2.9525847
3.8480675
2.137572
1.0154111
1.6711917
2.4924397
1.640946
4.1157093
4.28585
7.936369
4.965419
5.4360213
5.0107117
3.4414818
5.8198256
16.145481
3.1283123
3.3016927
6.56607
7.2030344
3.8463104
3.3806233
3.7044687
2.1500597
3.8653805
2.2938952
1.9824975
0.6068643
6.597882
3.8870053
1.1031412
5.4046435
3.727598
4.4674325
1.7898567
4.0713763
2.3214545
3.5521033
3.693097
1.2847455
0.6514647
1.3701074
1.1279795
3.7147586
1.5296327
1.1338972
1.0056959
3.0705047
1.0202465
2.820819
2.0259252
1.6073393
2.4828734
1.1460359
1.4266596
1.3143011
1.6984123
2.5478704
4.005897
1.5318701
5.5669866
5.071348
3.8851094
2.6735032
3.1852856
2.9410946
2.2655149
5.281329
1.876374
7.726021
2.2172475
1.4203027
2.3940258
5.9449854
2.7522576
6.6912155
1.5874736
2.1011598
2.0757523
5.376445
3.8789992
0.8595337
4.169268
3.0383055
1.7125208
3.9210904
5.739792
2.7068875
1.3727568
2.342741
2.1493337
5.449875
2.6826801
3.2812254
3.5952353
2.7895381
9.891881
4.37058
1.2731572
2.387804
7.289896
2.1772587
2.3589494
3.7184038
2.220145
3.2498956
2.375016
0.97892106
3.29023
2.9550676
1.0102476
2.9548357
6.369576
2.5683184
3.6571603
3.3492987
5.784764
3.7274127
3.2926917
2.357862
2.8853061
2.050197
0.8586591
5.60094
2.5670528
4.3211
8.310677
4.301411
3.3501086
0.994745
0.71097916
6.9781704
1.8747289
4.9891
1.0785421
4.221984
4.6126943
4.585978
2.1858172
2.042991
1.455801
5.912099
1.3223686
3.4161592
3.3733296
1.7433711
7.188212
1.6573548
0.3375781
2.7595246
2.0693312
3.7373567
1.4982283
1.912603
10.343836
0.5452081
4.008144
3.3780072
3.9353635
1.9847775
2.4205806
3.1662612
3.4837613
3.4596632
3.782121
0.82232356
2.4583929
4.7603984
1.8450211
0.78218085
2.4801226
1.4511094
3.7475426
1.8325404
10.52745
2.1545906
3.3770123
2.747525
2.2855332
3.1224413
2.954408
1.2648455
2.3210084
1.6511335
1.3396493
2.875808
0.5822658
1.7930561
0.45955303
1.2172577
2.6173823
1.0626738
2.9961452
2.6416476
4.72162
0.7086535
2.8756604
3.6611826
2.370702
3.3347008
49.012005
1.2844554
5.076577
5.8422484
3.3428829
3.2782805
3.4505591
1.815853
3.606653
1.3482201
4.375878
2.0292196
3.3538444
4.532877
3.4127378
3.874647
5.3122025
2.939572
4.4112153
4.454814
2.383871
2.8739681
2.8261025
3.5502203
3.8002057
2.2005985
8.622229
3.3093965
1.5101346
4.7284617
2.246482
1.2750833
2.370186
2.1016865
3.6967514
1.9374615
1.849162
4.0220237
2.7628574
2.6207395
5.710766
3.242174
5.6352835
2.6273816
4.074887
5.8814383
2.5693238
4.431217
3.6704943
2.827478
3.1097972
3.3909094
9.549991
2.995651
1.875231
2.229111
3.8127255
1.3595438
3.6763086
2.3198357
3.715142
3.4155755
1.5600471
1.0731626
2.2282162
2.1008854
2.5317957
0.8381951
1.1978885
5.9105973
2.5629468
2.2970288
2.282839
3.8563728
5.933135
4.4767084
5.127624
1.9601516
2.6866465
4.347984
0.4653143
0.84888184
2.4449751
4.251434
1.6136966
3.1021369
1.8638967
4.6337686
8.35109
2.534463
1.2772225
1.514391
5.464562
1.9914572
4.4239383
1.3644146
3.8439314
1.890856
3.8598652
5.975392
2.799402
3.9803674
4.612124
90.92091
2.71564
7.624077
1.172723
2.3253787
1.8006734
7.563601
3.8060906
6.012786
3.4357893
5.000417
5.150446
3.814129
2.4619412
3.8266284
1.5988895
6.4817185
2.2680104
3.2626107
5.4335732
2.9080365
0.9717966
6.773998
1.4056019
3.5688505
39.7251
5.0438347
6.127987
7.6495447
2.321014
4.501748
3.8826063
3.0381446
5.129414
0.6765688
5.6991463
3.8550415
3.0352755
3.2771611
1.8878397
5.328772
3.2839534
3.2709599
1.1203766
2.2955644
5.813103
9.1955185
0.473165
1.4765828
3.513895
1.8283633
1.7240332
4.4570093
1.1918681
6.13886
4.358066
75.53678
3.8006926
4.6718574
2.0417001
2.8302667
2.45553
1.150144
4.244644
5.511621
2.7078128
4.4962416
3.3018897
4.655624
2.7361565
7.1895833
8.400733
2.1805875
1.746198
2.1115632
1.9997357
6.0227823
2.498009
0.5595316
4.1365366
3.2818608
4.93858
2.9351683
8.338109
2.9282181
3.3331292
1.5578963
1.2116469
6.049828
4.6968403
1.9649304
2.8893604
3.7599666
2.6807008
0.7784726
1.6921482
2.0773435
0.9882135
2.3150234
4.9158225
0.20069309
3.4999325
2.0203009
3.5673118
1.8571014
1.6602112
4.304086
1.2491323
1.520115
3.020695
1.7450564
2.5134184
2.7861154
2.08597
8.036272
1.4801913
2.4345214
1.6908542
2.6397462
1.5408498
5.696567
1.4829537
3.0629253
4.1176844
5.8331866
2.7266486
8.44876
4.234718
6.4454975
1.0834255
2.0995617
2.671994
1.7680478
2.6445699
2.410316
6.495691
4.955455
2.2293684
1.4563352
1.8973557
8.3103075
4.1822176
1.3349499
1.7849381
0.7012135
1.6494315
2.9716678
1.6848935
2.3366802
3.0923212
4.8736954
3.1972368
1.5239068
0.5003765
1.6427791
6.4885607
2.101646
3.258497
1.3431281
2.200796
6.9234676
4.0804415
1.5824246
5.3243847
3.893903
3.786862
4.168965
3.9291708
0.9575991
7.084839
1.4263804
19.524042
3.099133
1.8616796
1.0977325
3.5336838
1.8831024
3.5446284
4.798436
5.0150642
2.6528635
3.72013
2.1810546
1.4809891
1.63692
2.6247392
3.171642
2.5278711
3.0388458
2.5452793
5.4201303
14.353671
1.2216738
2.0498796
4.263897
1.7922511
4.5378537
1.0473219
2.3679404
1.9215285
8.627684
3.0966916
3.7100523
3.2325459
5.367961
5.583591
1.6251256
3.8991947
1.044493
2.9702406
3.543633
8.436451
5.7247195
2.7890882
2.9010754
2.2970011
3.5735412
4.0365696
1.3711607
1.4349267
2.4932153
3.1183481
2.6016915
1.1685232
1.6103146
6.7317505
7.5098977
7.1600466
1.8260602
3.5944085
4.3291492
3.1230335
4.5395765
1.8422151
3.753633
2.0202658
0.79212606
4.114688
1.8941298
10.370906
3.082482
3.632901
6.931936
2.7146173
1.5966989
3.0057397
6.337969
7.4232326
2.7353547
2.0097792
0.8163064
2.9379494
6.576723
1.0139183
3.5585687
2.8441925
2.117819
3.3415563
2.9304342
1.693415
58.200344
1.8941277
3.4194307
6.938092
2.6670833
2.0816803
1.4629009
4.0988636
7.0542784
2.325278
4.0643153
1.6782191
3.2247918
3.0535946
3.312055
3.8162382
1.7863532
1.7044847
4.329519
5.066525
4.1275744
6.95809
1.7236946
11.094246
1.7133836
5.0545096
4.6496787
3.815363
30.765697
2.7169144
1.0812291
2.6260743
5.1993546
2.503628
2.4486978
2.6842332
1.2711111
1.8022795
2.261878
3.5429585
6.346816
3.9156854
5.811058
1.7988977
6.6302333
4.2914505
2.6683881
1.717362
2.800394
0.63530415
0.11754319
0.5322926
3.2474391
1.1707819
4.8578744
1.7583839
2.420106
4.2134366
2.0672321
2.6565104
3.1838539
9.059713
2.3526788
2.638601
3.372906
2.3399804
4.5053477
9.520866
3.8892524
5.1219525
2.4983304
1.0549951
0.59247
3.4892957
2.056388
5.8549705
0.9645084
1.0084066
2.8052664
1.304982
1.4353304
6.4921503
2.695519
0.8043317
4.2164493
2.3515809
2.643051
6.278333
0.42384163
4.2728405
0.8936721
4.089576
3.522094
0.8619021
3.2828405
1.5549555
4.3168817
1.5709943
2.8469088
2.431944
10.4844055
0.9495587
4.2125845
2.0218663
1.7322073
0.3008991
2.380493
0.5782606
0.74451625
3.9624405
2.4161446
2.5526347
2.061352
4.8837204
1.7388468
2.318217
7.578622
28.211798
0.9480501
7.980934
4.3813114
1.1688695
1.4105769
3.2048328
3.7829642
3.0830238
2.1756318
2.795174
1.9698604
3.6978035
0.86121184
1.9793222
2.2585986
2.9730315
1.3360054
0.8450793
3.2942517
1.2378649
1.1855886
0.83591735
1.5485599
2.0380535
3.1708329
0.62204814
2.2220056
2.3284888
3.2095659
3.2377098
4.379464
1.2080063
2.4615095
2.9605472
4.0367055
7.0452976
3.3422232
2.9322958
0.74516016
1.882584
2.3274374
5.1497955
4.076448
6.064848
2.2430906
4.3108277
2.4406667
5.2279067
1.6354709
2.6518097
4.1729956
8.006343
5.279139
6.6030483
2.992307
5.3153443
6.89054
2.1005335
2.25849
2.3370194
1.890929
4.1064143
6.8393345
1.1937428
15.589383
2.3036487
1.9427915
2.1597786
2.8688512
1.9961934
3.8252392
3.0478027
0.67378294
3.9930298
3.2024415
4.508208
2.2268727
4.5807457
2.233869
3.8686929
3.0892944
1.4845191
1.645007
1.3859285
13.346783
4.1996994
0.3826198
2.9898527
3.7221322
3.8862467
4.925919
2.833028
2.99632
1.551379
1.9103414
2.8437576
3.76863
6.051504
3.1990814
3.9343836
3.0911403
3.901963
2.6725645
1.235657
9.0470495
1.4850845
9.369444
4.6538053
2.3682818
4.2904725
3.7709334
1.7417392
9.033291
3.781708
1.2773671
1.4397976
4.082863
1.764085
4.6485357
1.956221
2.3260076
2.1224883
8.478956
2.1312819
3.882633
1.2142876
3.0418859
0.54431
3.9862893
5.358777
2.2187285
1.5637796
6.0069733
3.5796828
7.1512046
5.5065684
3.4162085
1.2672877
2.3578944
3.6828158
2.1292596
1.4987488
6.4254165
2.643913
2.646455
2.1527188
6.254137
4.017551
2.7722578
1.6170155
4.634006
2.5078135
5.915169
1.9340081
8.018012
2.1855443
2.2692964
2.9540234
3.5254092
4.4094973
2.448405
5.156744
2.3440738
2.1344903
2.8757164
4.924936
3.5013735
2.1023662
7.436694
1.2145905
6.0056753
3.068542
5.4421988
3.8962924
8.119702
1.2220259
1.9482539
3.0023246
5.2450557
1.8468233
0.44967362
5.067277
2.1022434
5.058288
3.3562183
2.3045132
3.3351028
3.8678613
1.1093279
3.5161543
12.206413
2.953483
3.088512
5.074083
3.2305503
2.3576164
3.6827464
1.9027222
4.3755884
4.904423
5.549319
8.485495
2.724034
4.1984
2.808713
5.261114
2.9172556
3.87402
2.3145192
3.5802543
3.4660878
1.4529022
2.5572066
0.8417828
5.6567087
8.6198435
2.7367895
4.7359104
1.2917807
1.9738711
5.0566998
3.3799279
4.20241
3.1742334
2.1569395
1.2446765
0.78317624
1.9616417
2.5609612
4.783752
4.2476997
2.5880053
2.5448277
2.4046924
4.9534254
1.9326248
1.6466167
2.0809088
2.3811738
2.1168308
4.051849
1.5444275
2.2432866
3.4491394
2.444118
4.584144
5.660802
4.3169785
12.678664
4.479394
2.0743005
27.54417
3.673271
3.1013625
1.5252765
3.264357
2.096614
2.04702
1.7362607
5.570254
3.6823385
1.7457108
3.596961
1.4346347
1.5629972
2.5026045
3.152771
2.2325993
59.00492
4.346559
1.9491631
9.354619
3.559773
3.3936498
3.815475
2.6078687
1.7885563
5.690314
2.133704
1.7420578
2.8251412
1.4769984
2.1488833
5.0644774
26.16111
2.6616776
3.104926
4.7519355
5.5790906
1.5784426
2.54211
0.87751085
5.4327555
2.3122385
5.845067
2.6924407
3.177218
1.2079794
40.383366
3.3736575
2.1184883
4.491096
4.105327
2.9246902
1.4139282
3.298006
5.834766
3.0193667
7.8468595
1.5171947
1.8041229
2.4338062
1.3840039
3.4696152
4.177813
4.359608
0.41671196
1.3231155
4.728917
4.0810547
4.3956866
1.4186021
2.7159805
1.0482471
2.6130896
2.3755255
7.1383896
4.383014
4.074329
2.3438861
2.8482654
2.5737834
4.401144
1.142273
3.9123232
1.7569335
3.0853803
3.16638
1.6115586
2.1109245
5.16376
1.9217843
1.6644965
1.9503698
3.2205572
2.275329
4.8322573
3.423492
6.362635
2.6652536
3.6206436
1.4314916
2.786662
2.939034
2.4767005
1.3986844
1.908981
1.556125
0.6331219
3.040121
5.7664886
2.2432349
82.245926
3.9197786
9.143664
2.7775793
1.3878907
2.7574077
3.5209918
3.173466
4.602862
3.4570982
4.0648627
3.1112416
2.201336
2.560907
3.7544785
2.6516628
0.98372024
3.1023178
6.6688313
2.9765594
2.9681447
1.972171
2.831143
1.4566447
1.6582763
2.972432
3.3104296
1.1520277
0.69616205
1.628213
5.1912923
1.072799
4.74232
3.7469962
3.2110133
1.8966609
9.1606
2.7034166
1.6279598
6.1049156
2.5887916
3.7457504
2.180874
0.8008826
1.9733073
4.314504
5.623025
3.0235896
2.5374434
1.4749885
5.6207952
1.4250598
2.0555105
4.3240056
2.451548
6.730838
2.1502645
4.602087
2.2865689
78.20462
3.2226648
6.4219537
2.7865396
2.24733
7.1702757
4.988319
0.6029401
3.1849082
3.0794997
6.0780225
1.3535756
4.4860325
2.1889558
2.632018
3.9456627
2.5873814
3.4816794
3.9441838
8.223865
2.7478304
3.21958
0.88322604
1.6679343
4.192317
1.7033274
2.1210735
1.7222381
2.2667997
2.4560664
4.3028507
8.69601
1.2698278
12.710797
1.2579222
3.8547654
1.982519
4.1165843
4.456988
4.6192093
2.1735926
1.4949206
5.384144
2.0453722
1.8319557
6.2735715
1.5799729
2.4322872
4.5046062
1.5096165
4.9817142
1.8124912
1.5728785
6.2150893
5.827592
1.9891158
3.2086887
3.9879122
3.313709
8.016164
0.70454633
4.25037
1.3810332
3.8638322
0.69438857
2.6824083
1.9626197
3.825513
2.6533453
2.2695715
5.3366094
2.1848216
2.8423102
2.0435789
1.865365
2.15964
1.2274965
0.8372572
4.3217154
2.1134145
4.2949486
3.262051
2.1692924
1.5632463
2.9532444
4.147795
2.8992732
2.3089588
16.438936
4.184061
17.714151
2.9001307
2.9201376
1.9460716
3.6891973
2.7226555
3.901621
2.7864587
2.2857363
9.874427
4.0469437
89.56588
2.4735923
0.93782705
3.481737
2.1896179
0.7347887
1.3024486
1.1955798
4.2027884
1.213928
3.2621813
2.4182138
2.0235133
3.9907048
0.86054593
2.7650752
3.3103487
1.6267481
27.04395
7.4862905
3.0543644
6.275656
1.3852237
7.760233
3.8816369
4.0324817
2.3029523
1.7064598
4.327973
5.379217
1.0521053
1.3427106
2.9453745
3.3958862
3.9878533
3.1219254
0.6674067
2.5766435
2.9827614
2.762069
1.8758324
4.299145
7.2370806
1.5343007
1.3637469
3.8039145
4.2508945
3.05636
0.8227297
2.8496246
16.320595
8.345394
8.926216
1.3812401
2.2138667
1.8764973
7.7747416
2.081045
3.9638884
71.00055
4.3979297
2.3397133
3.0885577
2.1811702
3.9189916
3.0064187
6.957285
1.7439462
0.7024823
5.313171
6.09912
4.294246
4.208171
3.019691
0.7673654
4.545354
0.8710074
4.5155005
2.4978986
4.0398088
1.5793743
2.8671734
2.259919
2.6352022
1.151763
3.5837188
8.16011
1.7975818
2.1962876
7.5560546
2.956433
1.7001129
1.3471652
0.96206594
0.68371445
4.7034135
1.1759132
1.125088
2.6211421
2.5844777
2.082677
3.173496
1.7776654
7.9388924
3.2627738
5.4878225
1.9966611
2.7622244
1.6153504
1.90233
5.103587
1.3628008
5.046379
1.1635156
1.9554207
2.4241955
2.4039273
3.1427722
2.113982
4.299604
1.1048571
1.9460927
1.451132
4.246655
0.68149185
2.3461676
2.9746783
1.0443333
4.1163216
25.620821
3.4246056
2.7644148
2.1904278
2.615805
1.9472045
2.3697343
2.2568188
7.8081975
2.8754928
3.8233387
2.173671
3.912551
4.535603
1.5890913
2.0946662
2.425828
2.2097597
2.5527055
1.9921207
1.8653717
1.8893589
10.024798
4.7326193
3.0977707
2.8764303
4.8121223
3.1299975
0.7328361
10.270834
1.7463795
1.2450501
4.18901
4.179021
2.7010026
5.213217
1.455919
1.5434062
6.6594324
5.118402
4.7254524
2.099064
1.2092637
1.2837225
2.239141
2.3275745
6.8479867
1.0510402
2.209869
7.2508707
0.709736
4.6903687
1.1844592
3.3149636
2.4000888
4.603378
1.8519522
2.365131
1.9565599
4.5737057
3.445742
2.06704
0.4063662
2.972198
5.5350313
1.9021369
4.43201
5.807972
1.343001
21.749296
2.5884318
1.6498098
0.80585057
0.5336421
0.9232192
4.093687
2.850948
0.4550973
2.7581522
1.2391526
6.1284904
1.5049332
3.6364565
3.348666
11.972705
3.0447307
4.685495
2.6739035
2.007026
2.7033799
4.9940596
1.4366975
2.0250988
3.5372517
6.577222
0.90882957
2.09222
5.311528
4.146708
1.4872723
5.2290235
3.8649418
3.5144198
3.8946893
4.332744
4.433612
0.5074157
1.3709925
2.1009586
1.664871
2.6547384
2.6102526
9.090721
5.6162252
2.680089
0.9363518
1.3409549
3.1132832
2.0538251
1.2912333
2.0810144
2.6714592
6.493414
2.3323169
1.1349322
3.5028136
4.123006
2.0149474
5.165658
1.241913
3.1002076
2.717368
1.1953741
30.585394
1.7831779
2.0976188
1.2561971
2.4988706
3.670233
3.759258
3.750584
2.533107
2.8181422
4.2357745
1.579453
4.4637675
2.2171888
1.250678
2.8069768
2.4463768
2.4142594
1.4118955
4.401139
1.8259584
3.73186
0.71054304
1.3831248
3.925568
3.070674
4.0675626
2.8167515
5.139843
5.8587055
2.440974
4.65233
0.99409854
3.3909724
7.7673373
3.941051
5.730658
4.128297
1.8039386
3.0815282
1.8524455
3.242697
3.1702478
2.4255555
5.8953724
3.084058
2.8907845
1.8060203
1.6489176
3.695471
6.519395
9.57511
1.9785826
1.4657291
5.7232513
4.3234267
5.896314
3.802574
4.1301265
1.3291003
2.2769096
1.6765914
81.2415
2.135525
3.1642966
4.125087
3.3147306
4.2497306
2.059471
1.1309887
1.623302
5.438198
4.2864537
4.8315725
3.7926981
4.216908
1.9662071
3.0213811
1.0603267
2.3985598
3.599493
2.066201
1.9681149
4.096971
1.0413173
1.1932733
2.1797729
2.0179288
2.8547335
4.9079165
2.337141
2.5278838
1.439617
4.0814033
4.317905
3.5507264
5.0312343
5.372364
2.7154458
10.282905
4.7426133
2.3631897
4.94861
4.5456505
1.5085075
7.3254952
13.697557
8.533243
0.94316345
2.0990622
9.568115
2.887902
8.380841
1.24327
1.0902419
3.1010487
2.2092676
2.8022547
5.6728687
3.9141047
2.7744763
1.8411573
3.936412
4.1637545
2.562118
4.3571124
2.357516
1.1815681
1.6032825
2.7200499
2.5286329
1.1975983
2.3651624
4.1080303
2.3587542
3.0565245
3.3839164
4.849206
3.0274503
3.8256965
1.5792261
1.2498245
5.0874796
3.7387154
1.2029247
2.4292662
2.3517544
1.6383195
3.972564
4.3849044
2.5965614
0.7977935
10.9668865
6.2900476
2.1800992
4.330795
3.7450476
0.8782343
1.5004032
3.951219
3.8018572
4.532859
1.9122106
3.5348933
0.96264774
1.4098687
2.0337706
2.9125388
0.82585514
2.6959088
1.5878468
2.1697378
0.7430619
6.62026
0.61688364
7.6100955
2.494796
0.73482895
3.7230449
5.972934
4.0776496
19.734337
4.316169
8.420756
2.3242884
5.8833113
7.8285794
5.3591895
3.2193544
5.5674195
0.9797915
41.504135
2.3885472
6.3800488
2.1275918
3.2777176
1.6607766
1.6501982
1.7492573
2.5340865
4.2308464
2.0235083
15.088556
5.6360307
2.391724
7.6566424
0.9826503
3.2810626
1.8900263
9.256975
1.5685903
1.7371225
2.5317273
2.063813
4.0999303
4.196265
2.0267544
1.9930345
6.5504627
1.7287556
1.6598101
4.698267
5.658193
6.09337
2.0182536
7.43986
1.8779492
5.4054346
2.708769
2.8607788
2.3338888
2.6304243
5.1163526
0.6329287
3.145813
3.9356573
7.176342
6.2514887
2.7175455
3.015922
1.4128108
1.9838837
1.9606932
1.6507647
1.617805
0.48876062
2.347202
2.8866708
4.5986257
2.5850794
3.5569048
1.1198938
3.6103618
0.2762929
6.287231
4.651429
1.8265659
2.995595
1.5476892
1.8699428
3.7714531
4.200686
2.665791
3.2016757
3.6315851
2.180355
1.712958
3.3281999
2.9741766
5.358397
2.8339481
2.5133114
5.238914
1.664315
2.0368733
1.6298844
4.8436303
5.4492235
1.2346992
0.7504209
2.7207072
3.744477
2.4570086
1.5734992
3.4336395
1.3454034
2.1268835
3.0205657
3.5900483
6.0927663
3.6124566
1.23933
3.715882
2.6002965
1.5701723
7.265021
3.7793586
9.621505
1.8524003
5.550824
12.852452
3.015579
2.9920492
7.8510833
2.9184375
1.7307667
3.5803025
4.1246095
2.660039
2.4026303
2.455974
2.425288
1.182884
1.7777869
4.1312795
1.1764678
1.8165517
2.7272334
2.3508348
1.6212461
7.9099193
2.145009
2.888738
11.535981
1.3795503
1.792293
2.4137297
4.3211975
2.9384081
6.7361298
4.16451
4.037189
1.3682439
2.550863
2.530011
3.3727925
9.495844
5.816514
2.3288825
4.618318
4.332202
3.3127437
55.72681
34.724945
0.74382055
4.793816
4.22143
5.2044587
2.4007292
3.9115682
3.1320353
5.37331
5.845934
4.342464
2.9171958
1.75224
3.0542505
1.894329
1.9748994
6.1093445
2.9418795
6.1526494
2.8324862
8.025654
2.579895
46.60185
5.117059
5.140032
2.5864267
2.3762298
3.419673
6.475285
4.6050134
2.4377818
3.9661748
2.0626261
2.1658106
2.5884156
3.7552238
3.0347357
7.4267125
4.2840405
7.776966
3.671562
2.1941438
3.050958
9.739554
2.3921263
1.5173438
3.0134406
1.3295088
12.920012
2.6397047
1.1884879
2.5559525
2.6961284
3.8383873
4.4981303
2.1413674
1.9285086
1.611459
2.1147432
3.6371434
1.7725514
5.5863137
2.0577264
2.9935243
5.066355
1.8387351
1.905959
4.6076374
0.9481189
3.0283275
5.6513896
5.5078444
5.3336015
0.961259
2.5424454
5.5770006
4.2793946
2.855338
1.5748715
3.6748025
1.9157171
5.9953
7.408555
5.1366816
9.021698
4.7884107
6.9808483
7.0762696
4.63804
3.021104
1.291538
2.8438857
1.6240205
5.061052
1.4389588
6.839358
10.331592
2.9175751
3.088213
0.9679429
3.8055096
1.9215655
3.509728
2.9008327
1.1522776
3.5390172
2.7124782
3.8361342
4.394008
2.9880416
1.3761647
9.081806
5.4305363
2.3891735
3.2296288
4.1782765
2.014243
1.2931234
5.344554
2.1207154
2.0076091
1.0172815
2.1481645
5.6407
2.7637675
1.9370775
5.2086062
7.379188
1.0120525
5.645238
1.9849057
0.7738521
3.7144673
6.8562884
1.2650421
7.938949
2.3393235
1.2485113
7.3796706
3.551615
6.717577
2.5184042
6.445614
4.260656
6.3680477
3.189584
4.1009116
2.681601
4.0180526
1.3813491
6.2884455
4.950712
3.6213949
4.1163816
5.0337534
0.8288786
2.7534726
5.1343093
3.1141741
1.1802369
1.396905
2.0560398
7.7901387
1.9464414
2.928202
3.9133234
3.7440784
3.4223747
1.6438937
2.8856585
2.1884263
2.2614865
8.907547
5.9106293
28.733698
1.7016045
4.8750877
1.2722163
2.4234614
9.653348
2.267672
1.5981141
2.5877683
7.3016148
2.399417
3.1051426
1.7291092
0.6270042
2.005089
2.3891788
1.4481083
1.3737441
5.3220654
4.7508826
1.774987
0.8439984
1.2598989
2.0528367
3.0214825
2.5132582
6.916765
3.5083365
7.5291386
2.2773538
6.346478
4.8790383
1.8698024
3.81876
5.345679
2.8133006
2.7113414
4.3393073
2.4820075
0.9141891
1.6560005
0.5676335
0.79471576
2.3630035
6.528203
4.649639
1.4617108
1.858851
2.0885293
2.5355825
3.3835192
4.946737
2.9295177
6.8058896
6.4205837
4.1558375
1.7097179
8.381442
0.33500233
5.6534824
3.9125078
2.8699892
0.8727596
19.280645
0.71872306
1.8463576
1.1348187
2.9853904
4.750356
4.364867
3.7946906
2.1806908
1.6656424
4.643619
2.882612
2.1388228
4.343097
2.7712688
2.0352035
3.2934427
4.482596
3.7189279
3.2820594
1.409456
4.596505
5.918636
2.9397025
2.6435008
0.9177925
2.7096775
2.0053408
0.80825114
3.045595
2.9188821
3.581326
1.1319765
3.0122607
1.37835
2.1630054
1.2283953
4.264969
3.2530804
2.1963158
1.2706704
5.091338
1.7680106
0.5517101
2.827468
4.0299544
2.9149752
7.6075306
2.3217201
1.8885224
4.16845
3.9348464
1.9992203
4.3687224
5.4953995
2.5447545
1.0836701
5.4843063
5.781376
1.7669494
0.71636844
3.006006
3.943133
10.41592
1.1826191
1.9319228
2.3922582
2.8834236
2.7695744
3.6755035
3.8426056
3.4471574
3.4654021
2.7648962
5.440022
2.5483418
2.5936522
8.423952
1.295923
2.2661958
6.3042507
2.8791182
0.96730316
2.8964474
1.3754381
3.4882035
6.3386064
3.3791406
2.6313925
3.257233
3.16692
1.946428
3.11859
4.0638185
4.51347
3.1696796
3.4827209
4.332318
2.5724964
2.0134928
3.3555932
3.21315
1.0391672
1.914089
8.654708
2.1017659
7.2489924
1.0204053
2.0143151
4.694161
2.6543257
5.217277
4.108122
1.8954897
1.92718
2.7954068
11.218275
5.3035636
5.346226
2.628748
1.0453806
2.9811058
4.118576
3.1402993
2.4957197
3.0070436
2.908074
2.3553982
3.0240948
2.3875751
2.1302333
5.0860744
4.2798133
1.5712945
2.6749935
4.865203
3.7152295
1.9554354
4.0604863
6.589739
4.9887743
1.319979
3.1266363
2.5917933
1.5824937
2.2791357
3.5691342
6.7047434
1.4921982
2.3998077
0.9979453
3.403528
1.7035614
2.8911552
2.1453867
1.261988
3.7047749
6.0169497
4.334893
3.6289766
3.801656
2.4037259
3.427451
2.8638833
4.1204753
3.5068054
2.5556068
3.2010624
2.2785413
2.188606
1.837991
2.6197944
1.6266927
2.9194596
2.2934752
3.9432144
2.2355213
4.189757
0.858368
2.8934119
5.6331964
5.171645
1.9111205
6.8977523
2.8382273
2.2839923
7.562864
4.7795444
1.7588346
1.7953687
7.2393336
1.1528082
2.4090436
4.184145
1.4241444
2.7403774
5.7097826
3.2981086
3.6768193
1.8210363
3.043354
6.258928
9.750322
1.5756564
1.6485324
11.185321
5.219407
3.321615
2.790465
8.6637535
2.1200008
4.8002086
2.6046631
1.1068046
3.5765462
1.3904557
1.7540585
5.1696315
1.4968661
2.8674457
2.506672
2.9561207
1.0660324
1.6609917
4.18122
1.3773317
6.843927
5.141277
4.7963743
5.3455653
5.1677594
3.3472116
5.2684393
5.487581
3.47869
2.2428584
1.957067
4.7498765
1.7641987
1.6447501
2.8590438
5.817261
2.4318094
1.594397
2.2085338
3.2465975
2.465906
2.30554
19.52595
2.8772995
1.2300692
2.3906128
1.3889132
2.9505725
5.678985
4.1034565
2.0275538
3.8789206
1.5248109
3.4150524
1.9289299
2.621144
2.4108524
1.0041252
10.995526
1.3439518
1.0315092
4.875911
4.0915546
7.1408873
3.2653117
3.8484719
2.4541903
2.0803971
1.4562726
2.6715882
1.2599123
2.8197098
5.873528
1.4215558
2.4562466
3.0850012
6.468282
47.74969
4.277464
2.8566725
1.4721252
3.9900417
2.8796747
3.429524
23.90878
4.4593954
2.4357882
4.00873
1.5968386
2.822275
1.0591848
2.4028294
4.774357
5.48163
2.0311923
2.4801896
3.4087749
0.9497524
2.66624
4.8320093
2.42709
2.52253
0.48591742
0.9890063
8.612246
2.3946357
1.313658
4.4835143
2.9248781
1.264126
3.5625584
1.3086445
2.7028391
5.0432787
2.8364916
1.9854292
3.3661253
2.4501765
10.754355
3.7958112
1.4656838
4.556752
3.6348734
4.6608524
1.7500232
7.056586
3.3451056
3.435631
1.9298817
1.4761715
3.0320234
6.51421
2.4312158
1.6981145
2.598442
1.121825
5.7685356
2.181189
10.277997
3.9963763
2.3955553
0.43779013
2.3419347
6.0227857
2.7525518
10.740739
2.9714036
6.308778
3.7483604
5.663061
4.542606
4.276189
3.5826702
6.8645134
3.026642
3.1941462
2.2758427
2.8383152
2.3160553
8.089162
2.2173347
1.050609
6.108131
4.9972258
5.637476
2.117652
2.2179353
1.0421355
1.4374481
2.3249826
3.6306388
6.4477
4.7540226
1.7502437
6.0681696
4.6860967
0.85776913
1.1879967
11.033597
1.6157823
12.829804
6.355528
8.715066
1.179143
4.469081
2.2718945
1.4771799
6.048066
0.98396146
2.1337187
3.924436
5.0473895
1.4831933
2.754101
4.296021
2.3756752
4.2433214
5.6965
1.7890273
2.3635707
1.6938521
13.814684
3.0107117
5.759931
6.633251
1.6854478
4.8220735
2.6880245
2.594927
3.553778
49.58096
2.333765
3.2447388
6.6921225
5.9751196
2.3869994
2.939825
3.3639371
3.2050068
2.199159
2.8232024
4.7707357
1.536647
2.9848118
1.1948936
0.78162485
3.022458
1.3219591
1.4108022
1.1957729
2.9908874
4.85879
1.6414883
1.4737566
1.4212972
4.251859
4.85406
4.784621
4.457606
3.2769713
2.558942
3.9090977
2.455154
3.258401
1.836603
1.1957067
1.6642227
1.5006946
5.0484614
4.290616
6.47488
2.1805668
4.920209
1.492098
1.6918715
4.559538
6.642727
3.0945613
2.830723
13.587792
0.4755992
1.6176735
1.1940867
1.0696245
6.08521
2.3460734
2.9260375
3.275041
4.144911
1.7833111
3.5128517
2.2731423
2.062131
7.6715517
8.921801
1.9679455
2.6128807
3.7942367
2.7555208
2.8590224
2.6557038
3.1698947
1.7470294
4.398695
3.582121
2.6741953
2.7008734
1.006361
4.4969845
3.2252607
1.580643
2.822467
6.198562
3.9689949
0.99378467
1.8888135
1.9001806
1.3010345
4.735073
3.6482794
3.3119273
6.6820874
2.5407255
4.241088
1.2726766
3.2397084
1.3262607
2.3747482
4.5994573
3.098588
0.62800205
0.87248814
2.7434716
4.5166483
4.5790486
1.673787
1.9570925
1.9276139
2.079116
8.133974
3.592965
2.2115796
6.0682025
5.0715084
2.224017
3.6267235
1.2037381
8.39082
0.9483031
9.756989
1.5195631
4.5408006
3.0171921
1.2958643
6.8759613
3.727464
1.0801514
3.4099715
4.8985376
2.0143292
4.7540402
4.53929
1.3625338
4.3967175
15.616601
1.3274013
1.1014886
1.0887578
1.0704905
4.871001
0.12592375
2.3814936
4.214648
1.9022747
5.3525767
0.94362277
0.37743738
4.182632
1.5593032
3.787494
4.786456
2.7612603
3.4263554
1.8226057
2.7929816
1.2362132
2.1119733
3.4811168
2.2932198
6.4460783
28.025822
8.192643
1.4831702
1.2333667
2.9452713
5.7735233
6.1631665
3.525565
2.6334643
2.6906192
3.8628454
1.6919063
1.9609995
1.0761491
18.16438
3.590494
2.3248003
4.1997247
1.5232178
1.0895828
1.9716842
2.9424777
2.905946
2.248043
4.5724034
1.4718046
2.9805608
1.9964111
2.263474
1.849434
2.049445
3.8611116
2.6234684
2.380352
5.6293216
3.3219557
2.2318852
3.6794844
1.99132
58.488377
10.49944
6.72684
5.7507133
3.9649172
1.9412289
2.1150284
3.8727632
3.1122136
3.7100341
5.544339
3.415121
5.142068
3.5476925
2.228525
2.0008738
4.176234
2.3159573
3.453427
5.549791
1.6837391
2.549262
5.663599
6.6551228
24.556572
0.9563412
5.3613586
1.3256058
1.9592314
1.8781879
4.206297
3.5237973
1.0855676
3.9625463
2.1144276
1.6509918
7.0273495
2.6367693
2.2755578
3.7327058
5.8792896
1.7610135
3.2797968
0.17929277
1.979677
4.356899
7.5385494
9.313837
8.986716
2.5941668
7.507537
10.948076
1.7572261
4.800289
2.4265025
0.7250511
5.936234
4.294304
5.953425
6.9202147
3.602126
5.4678535
2.6922815
1.072447
2.238341
2.0515835
6.144197
3.8002114
3.7814863
3.7018352
1.1688894
2.2016177
5.130597
5.531213
1.6439865
6.8242197
3.9189267
3.018778
2.9159389
4.0182166
2.176576
1.5738424
1.1205566
102.78636
2.9607685
1.8833646
6.478999
1.1392074
3.6843374
3.8167698
2.39694
0.99238807
1.4147868
1.7552081
1.0764304
0.7169467
2.7970073
7.009922
1.5089744
3.0446937
1.203262
0.9715152
0.35404095
3.0203464
10.656679
3.6683242
2.232297
1.3826342
4.1642203
0.958277
1.961028
2.3854043
3.4489057
5.3180294
7.6129785
5.0192566
0.8309762
2.3156433
11.750808
1.3355902
1.2975307
1.069915
1.3269868
2.2001188
1.6664813
7.0318637
4.1133513
2.3541548
1.0188404
2.073512
15.149112
2.2075243
2.1870215
4.5456805
1.5500519
4.243094
2.195158
1.1882524
2.3068101
74.93722
2.4881356
3.563318
4.231289
5.9619417
1.1123731
1.3519903
4.902728
1.7474318
6.044667
0.9042455
3.098832
2.0806684
5.015313
2.0672889
2.444447
5.967521
1.5418832
3.3042145
2.4031062
2.3146944
2.9544756
3.1245823
5.431208
0.9219947
2.5624752
3.2977953
5.6176057
8.2317505
1.3726177
1.5258121
4.571802
5.295466
2.98452
3.289756
1.1943339
13.517354
1.8735937
2.7032874
2.7954607
6.38453
3.352999
1.7962496
3.2057295
1.1922373
4.032699
94.037315
0.5212723
3.0374954
6.0881114
12.193864
1.6847959
4.9178996
1.7449672
9.720066
4.1429067
3.2501507
22.382866
1.0919741
3.1842308
2.2573402
0.5017414
5.2135987
2.3886445
1.7407326
9.98913
1.561334
1.0424229
4.673262
1.1777844
2.97797
1.0718645
1.9237764
0.9593927
1.5283335
1.5009512
3.89608
1.1263305
0.54961354
5.6670904
2.756362
5.7266836
2.4610667
1.9797758
2.0057755
1.0801364
3.0560653
7.095852
5.3616548
3.906413
5.928638
2.787561
1.8552655
11.248404
6.1157336
1.9932334
0.8770006
1.6880534
4.945818
1.1079639
1.3781688
3.8290713
1.9685067
2.077877
2.8050342
2.7386863
1.0798829
1.9862276
3.1482995
3.7681632
12.779231
19.087347
1.6045442
1.2603508
5.9922876
4.4980927
3.2892797
5.409833
2.3359334
1.3797987
7.1134367
1.2418582
1.5721632
3.4184158
1.8170999
1.9875604
3.1036541
3.2819664
4.5816627
1.8582208
4.66748
6.3102965
4.0247307
2.2748764
0.31387812
2.1709273
4.8575273
1.2496411
1.7533344
1.4957181
2.9229655
1.4677756
2.6027832
2.8270175
2.618865
3.9602346
1.8020507
6.480267
2.9289567
4.020974
3.1686635
2.3824291
1.0911906
4.021795
1.7785542
5.996755
1.2684572
3.3992574
1.663556
4.95076
3.7706726
3.2064817
3.4586987
1.2719935
2.2704048
1.8424985
1.2181787
2.2562573
3.9462137
2.8217416
2.441591
1.8425512
2.1094465
0.7789498
39.668518
2.4882872
1.8660483
4.4970922
2.2382493
1.3637706
2.2325745
1.6996269
6.2583075
6.2577534
2.9646761
3.5886157
2.2659504
2.9558067
6.4811244
1.1068215
2.3221257
3.599531
1.9306657
6.7259727
1.7676178
3.6117017
2.0565557
48.338234
1.5628666
5.0060716
3.2036421
1.0000075
0.85389584
2.8164556
5.417276
0.9970209
4.7126136
2.038011
2.9985688
2.4044092
3.2709417
2.116173
2.8618338
2.2632651
3.6642232
2.74332
1.6340991
3.2186828
1.3377235
2.4791713
5.4442544
3.3576894
6.1907215
4.798206
3.3165498
2.4107473
3.0642514
3.8116844
2.2553308
1.4031391
5.0069566
3.1453307
1.2211952
0.7584649
3.1871748
2.7930548
4.693535
2.1698942
8.089538
5.1137013
3.9462276
2.229592
7.8839974
4.179401
3.92326
7.9698844
1.7706051
5.6219196
12.67626
0.47783065
3.0116413
1.7476189
1.2354975
1.9004233
1.0490929
3.2632623
3.103077
6.231183
2.9658759
3.597518
8.492413
1.5104698
2.15015
4.265517
2.529081
3.3529212
4.5389056
12.272921
4.1212115
3.3564885
3.581951
44.933807
2.1238008
6.1491785
2.0637329
2.2823112
4.9956946
6.6405993
2.708622
2.8208768
1.996545
4.6748576
1.3495013
4.1848364
3.3992612
16.766064
2.028499
0.57675487
5.5629797
1.9719697
3.874549
12.534096
5.6076503
3.3637354
1.8315802
1.8082429
5.849984
3.310429
3.6761143
2.7316136
4.031667
1.238569
1.8706133
5.977338
4.7350197
0.9508287
1.7089697
1.1156417
5.121435
4.0574784
4.935052
5.709355
2.4978588
3.5524461
4.491137
5.2552238
3.7466931
2.4780686
23.055576
1.8489484
3.5800586
1.5078012
4.2698717
4.8632097
3.9541063
3.6614377
2.8097315
2.2513394
1.8238432
4.7654004
3.2886283
2.0871181
13.622922
1.8535461
3.7736013
1.9619842
1.1719679
3.0714445
5.058499
1.9746897
5.4858503
6.489922
4.8835616
4.474146
2.0614667
1.6077292
2.1781647
3.151225
2.5657332
4.902096
2.078356
2.5751894
2.324279
2.1854084
2.978523
5.061424
5.2830224
6.4510193
2.6356761
4.4614224
5.064204
3.1814864
4.218641
2.8028767
2.9644735
5.5486293
3.2281787
4.5483494
1.9925382
6.016292
4.4640203
4.984115
1.526308
3.3682365
3.6087205
2.972834
2.3559372
1.679547
3.1421037
3.4902802
5.702483
4.7226987
2.5612807
10.497223
3.432022
3.4727643
0.8748489
4.788246
3.492249
1.7475259
2.889348
1.8289968
3.3853126
3.6683474
3.7915175
3.181848
4.9942074
0.705796
2.7607055
2.3558543
2.6756144
3.1087048
2.433371
2.9803712
4.521323
2.3995073
4.034333
8.018619
2.9130445
1.9151659
4.315151
2.040155
3.2672698
1.9088377
2.760794
2.0478117
1.889877
0.29607826
2.4391978
2.322927
4.9464827
2.349104
3.4385476
3.5114934
3.8927906
2.2261906
3.6626472
3.8353648
3.6976264
4.3422537
0.903613
2.9599261
2.3889246
2.206516
5.8955736
49.44615
1.4643108
1.4625218
2.9307556
2.890951
2.881425
4.422958
1.3134688
7.8109274
4.608824
8.440204
1.7611594
1.2560252
2.9615743
1.2828526
2.6010969
5.421794
1.6432824
1.8539381
0.7063771
1.0824527
1.8388038
2.9047627
4.6456933
1.5784223
1.2580607
1.6324762
1.8548489
7.3948436
2.0952208
1.747988
1.4158742
4.4401445
4.5441613
3.2561884
4.1826725
2.7094579
3.9468145
2.6955402
9.64511
1.7248727
2.2083828
2.6776307
2.1890342
5.491115
5.3055754
2.203613
1.7286301
1.4539211
3.9418998
1.7872574
2.1535206
4.9466367
7.3032966
2.8861923
2.3112144
3.798512
1.6012585
2.9371033
4.6381016
1.896829
7.4672933
2.8514624
4.373606
3.3683183
2.5119061
1.2434103
1.8958673
3.0811992
4.597815
5.561343
1.6126841
2.445779
1.7066727
2.6583676
7.6901693
0.40062976
3.9411812
3.37894
12.455578
5.681895
9.0505905
1.0538747
5.510241
1.6344186
3.777302
5.452079
2.0977023
3.37123
3.2528152
2.633345
2.285732
3.528361
2.7612066
5.1629224
9.3322935
2.9862142
7.3210506
6.7704964
3.8786056
1.6260378
1.1620365
3.148793
0.9319131
1.8699707
4.2723885
1.459369
1.119154
1.8510836
2.4165256
5.0635157
4.1905136
4.9398394
1.6110181
1.5523621
6.61977
4.6409183
3.9110353
1.4291056
5.1826887
2.6047626
3.5262017
2.209466
1.6152724
17.27732
1.5820827
1.2947235
1.0402894
2.4229207
2.3298483
5.8097315
1.8743403
1.9503545
9.706711
1.8425668
3.4385066
2.8554912
2.6474667
2.7133455
3.4174397
4.8513827
3.9430044
1.1177362
3.465514
2.3276505
4.701517
2.4518962
1.3858066
1.676983
2.4672678
3.03771
0.7847036
1.2788492
6.1295233
4.5712667
1.7899512
1.4456636
2.0740771
6.7108574
2.716622
4.3312244
2.152195
1.5054048
1.3226131
3.7263262
1.8943542
10.06401
6.052509
3.4184046
2.0654116
1.8820833
1.1288441
3.885448
1.6565018
0.44089976
1.4129393
2.4930139
0.8183787
3.4668448
2.1117322
4.8467264
3.0213168
3.0992837
3.6556666
3.7885005
2.4156854
2.886097
2.31476
3.3622546
2.9453697
5.579848
5.499318
3.9044616
2.175238
2.2128363
2.704455
77.15031
2.8426797
3.2414007
4.8906693
5.296392
2.0026019
1.4903902
3.0451293
2.3156133
4.0784655
2.2667959
2.540807
1.4457469
1.419155
3.8454375
4.3445725
2.7825584
6.9962735
2.8249092
2.489856
1.581651
2.236556
5.415632
0.98026514
0.94394785
2.6120594
11.727158
6.080302
3.529642
2.5920575
8.807233
2.472448
1.0999767
5.111653
6.7499075
5.165294
4.4177666
1.9240804
4.344081
1.4812785
1.4158792
2.5632958
7.8062716
2.5357673
2.4100306
1.0899186
1.7116581
1.9078299
6.284011
1.7299157
7.8113003
3.703662
3.7366147
0.96921444
2.8323374
16.846975
1.9443367
4.6148973
4.1307683
3.8952954
5.1452856
1.4928699
2.863737
6.7178264
5.7034545
1.1772884
1.500702
2.231002
1.0968251
5.028122
3.5521157
2.4642334
0.78149134
1.2800763
3.4372747
1.3337765
3.7528284
2.1915307
1.2831447
2.29504
5.8950686
2.25208
1.9251308
2.7453537
5.8996553
6.063008
5.6630535
2.9592526
2.1865985
3.5352747
2.8361332
1.5952538
2.6467538
2.295538
5.6567993
0.5114313
3.785518
0.6483247
1.4152156
7.314328
2.3775508
1.1278524
2.7794814
4.5896373
3.3196356
6.1292386
2.200934
3.8393958
2.3125274
4.962849
4.2988796
1.4304072
2.5630636
1.4596928
1.9606867
5.7270703
6.503049
1.0028695
10.474034
2.3763692
4.8263702
2.9106734
3.5302465
2.277648
5.7855372
2.1802707
3.4111505
3.078669
3.4997087
1.9503063
4.369056
5.4106536
3.8310566
1.5988184
2.0919888
3.2889025
2.9961584
2.192123
8.717776
0.676269
0.87623763
3.4256985
2.2063625
1.5426548
3.5055017
2.0053174
7.563323
1.1147002
3.885151
3.1182108
0.9483184
6.4007387
3.0660477
4.911337
2.472081
8.96595
2.680203
3.565431
3.2713673
43.969994
1.529145
1.6035985
3.3804579
1.6473796
35.360184
2.8056931
2.5274112
2.8767996
1.2451267
3.6766474
2.8080473
1.341898
2.8020926
5.925442
1.7489725
1.8748615
3.551134
1.4517028
2.0929725
3.175732
1.1224198
1.529757
4.1633067
1.416608
3.1095285
2.8401847
3.094554
2.2282004
1.6562213
4.774855
1.968623
1.0310719
1.6409309
1.9393394
2.274133
1.294094
1.4596093
6.338147
2.5559905
1.7476699
2.085141
1.1576151
2.6287034
1.7840536
3.7154374
3.6239254
4.1063066
2.3185833
0.93625665
7.4768033
3.4317553
4.9817605
6.8989205
6.9611955
7.4287195
5.370533
16.515411
4.991574
4.3090754
2.2961571
1.4112068
3.8009408
7.81815
3.0500453
3.346937
1.8266764
3.1725361
3.1901803
3.5057607
7.513749
2.6476896
3.9512389
4.506408
3.2079246
2.2007332
2.2360768
2.7553704
5.02918
4.702265
3.3758163
0.45991552
5.2238474
3.225447
1.9965937
2.5791857
0.8685458
2.2510536
3.1993246
4.8157587
1.3168237
2.9943557
2.1046615
40.20887
1.4389207
4.9922647
4.034807
3.8970146
4.0042934
7.0529985
3.619979
1.8325021
5.6397038
4.3059278
3.4083612
3.1403072
6.801561
1.1863184
1.2440894
2.1146708
3.8989484
2.3163168
4.270163
2.507488
3.2462015
5.509982
1.6395838
2.2000768
6.1797853
2.064501
3.3777766
1.1324244
3.212969
2.3058095
3.8313105
2.9054885
4.1131783
2.4645858
3.693095
1.2229627
7.4167404
2.576159
0.9415492
2.1927845
4.164304
5.812055
0.75251096
3.8272786
0.7776656
3.6266336
1.7776986
1.2056909
1.0543468
0.7885457
1.9661778
0.91468346
4.1726665
5.273134
1.4445571
2.338133
9.833225
4.8691072
2.5873072
5.398754
1.665214
4.641929
5.804246
1.6251748
4.985226
4.2497125
5.7862864
2.2019925
3.6326249
23.189028
3.5664377
2.244681
2.1337445
2.5237863
2.2187846
2.476042
6.679102
2.4043517
2.9741511
1.9337016
0.46586934
0.89713347
4.376673
1.4724916
0.9716876
4.612107
1.6742094
1.3125315
3.7906063
0.92458636
2.526626
6.584617
3.2357497
1.3578467
1.9877653
2.7658226
4.803891
4.506227
5.977996
1.1889046
7.102912
2.116541
2.1679518
4.951573
4.650558
2.5156996
2.3665047
2.598424
1.3026422
4.713158
4.3565035
4.001613
1.3608519
4.2123227
4.6029534
2.964468
3.7703755
1.7699372
3.4737446
4.0977182
2.9023845
4.7103047
4.9980087
3.8865619
6.7944245
0.8518425
2.5658517
1.1800139
4.940285
2.271988
2.1939378
2.2147894
3.1126332
1.3789417
1.7610608
7.596688
2.56878
5.416309
1.1124176
4.4877396
1.2512923
1.2350539
3.8906775
3.006443
2.0925312
2.2612288
1.4299738
1.6526413
2.7730386
3.7200565
0.2778731
0.8950312
4.6352673
4.1111345
2.6732547
3.8002145
3.46045
2.9070277
3.0399399
1.3985419
1.6350071
3.0853312
2.4195309
1.5830566
64.14244
4.690454
5.55204
2.3974226
3.826836
1.9868394
1.9240212
2.2126837
2.8818712
3.6000872
1.6612358
2.8197768
3.140067
1.4090054
1.6155308
2.4784803
3.6113832
1.3199663
4.239807
3.6251543
2.0964174
6.999244
4.8569155
2.7118695
5.341026
6.0231104
0.6447932
1.7769004
2.5333354
1.1171923
1.1742064
3.0302358
3.6656518
2.4441245
12.933003
4.224852
2.4722223
4.332429
4.1677666
1.7402725
3.5227954
5.7471404
1.0842849
1.8200153
0.6998782
1.6647897
2.176487
1.3322506
2.5825584
3.6975024
2.615677
2.5162199
2.952715
1.521109
4.0123634
3.3175094
2.7731626
2.8485892
1.4939843
3.345804
2.1924255
1.623858
2.989017
2.6681397
2.2011514
3.8870203
4.5562825
2.488715
1.6660993
4.98222
6.0521083
1.6671512
1.6795089
3.4460492
4.1397614
4.774219
2.0983498
5.300585
2.2243228
2.6231759
3.3798327
1.9022642
3.179134
40.330784
6.754581
3.488594
4.148276
13.470817
3.2789545
3.3015592
5.8897843
2.4010746
2.8586886
4.3553777
4.622631
2.357258
1.6267439
2.1023238
5.150029
1.7381005
2.7828496
2.9043477
1.5388505
2.9032898
1.2963443
2.4515557
1.8403573
5.825161
0.59770495
8.005707
5.0984945
2.659804
5.7227497
2.7387915
1.4002562
4.683646
3.892359
2.524465
3.117414
7.578026
2.014234
6.4225945
4.967814
3.669814
3.860785
4.268086
6.731831
3.656226
4.719734
1.5011986
3.1133764
0.7731049
0.5398514
2.141837
1.7477217
4.97463
0.7990618
2.3466837
3.6713135
1.2418952
4.791108
0.8642628
3.3167007
6.7287946
3.3010933
5.3765225
8.53915
3.7974102
3.9325242
4.421297
2.0960855
0.8971133
2.7390037
4.574298
1.3038989
1.9615198
1.7073518
1.0265757
5.13259
5.2445736
5.0853686
5.75521
2.4806726
1.8730232
3.3270433
1.2824359
4.0902324
1.1355026
1.3744043
5.6277895
5.1895328
4.9278293
2.2982037
6.04608
5.2358847
0.46304616
2.6919513
3.2550266
1.8583676
1.5519296
3.496413
1.5336332
1.146634
3.3552027
6.2908363
5.143946
1.5064311
4.529797
2.3003354
3.1816165
1.7606964
3.074457
1.6889038
3.9074454
2.9767034
1.0898604
1.0522395
1.4800037
2.0573087
4.662227
4.1333385
1.9212376
0.6559824
4.5525036
2.0517094
2.0185907
2.152713
2.2709053
4.483096
0.4116314
5.585369
2.0778995
1.279595
3.461752
8.277978
2.4109073
2.4183319
7.658302
0.6315795
2.7098804
2.5042293
1.3281816
3.3147979
1.6026752
2.534741
1.8311416
11.817268
7.219704
6.066112
4.801186
1.5362014
4.121742
3.8439422
2.0918865
4.364867
1.9135156
1.7104852
3.8473308
6.216436
5.053352
3.675068
5.223121
3.338773
4.7139735
7.2092648
2.2878253
7.1913786
2.369424
4.950053
4.069807
49.12496
1.3394705
2.5303278
3.926387
1.0649613
4.311173
31.670015
2.115703
4.839724
4.5760903
2.5958965
5.4300127
3.0711794
9.576882
0.79057705
3.504572
4.7413588
1.6205362
2.0855305
2.8472052
3.594363
2.4713652
3.0145025
0.8653087
2.3631985
4.418031
7.2448945
3.6302307
7.0431085
2.4218304
3.9656973
4.2398076
2.3612957
2.8916874
3.98522
1.6139483
2.6862872
1.4042215
1.4700673
1.4577445
2.5918882
5.683912
1.2163361
4.528141
1.5385059
5.2765827
5.0371203
2.6963189
2.6229827
3.2640426
2.267396
6.420543
1.2079628
3.1672146
0.95206505
0.99711037
5.4999237
1.4702976
3.7989986
2.3982968
2.4057827
9.694005
2.7186341
6.099151
4.861344
1.6673169
3.2014189
3.6298192
5.7906065
2.9610047
2.9536178
2.2408648
3.1295943
2.116253
1.695567
112.113846
2.987839
3.1222494
3.6686268
3.3901932
5.173046
3.5817595
5.104581
7.554002
1.9071052
2.591856
1.252136
3.717931
0.50585145
2.398502
6.3377447
5.409433
3.574012
3.7349205
2.7594917
6.396285
1.5223643
2.1140566
3.0476172
1.5517722
2.6270542
1.2810646
2.1826358
16.583921
1.4095896
1.6466992
20.57997
1.6345195
1.249062
1.0096899
1.7474393
3.1731381
3.8370888
9.712558
0.43638366
4.965122
3.0617633
1.4758366
1.7666938
1.0732812
1.5837705
1.6819547
3.227471
2.531377
2.6512413
3.3630617
2.1819513
3.1811645
1.5558066
1.8591274
4.71461
0.8583277
1.6956377
2.5500617
3.0352592
2.3889031
1.793192
2.1663916
2.324447
2.0714867
2.9639907
1.5453962
6.875138
1.9776534
4.2612677
2.9991956
4.2677307
2.8405466
8.052357
1.9247844
4.7211914
2.7395976
3.4313557
2.2800775
1.9198388
4.258375
5.0983386
2.9715347
8.518936
5.806169
5.1414523
4.119932
2.8364828
2.334837
5.9224005
1.5410279
7.695617
12.904256
1.5816578
9.088779
2.398623
3.6888845
1.9491705
4.4797773
1.481418
2.1352649
3.246074
3.220353
0.7365144
2.2421007
6.759441
2.5629077
3.2218885
2.5569272
3.1973364
7.0432887
2.2756703
3.0871904
12.676329
4.1588807
1.5004756
1.9808458
2.835903
2.8225584
3.1587105
2.9462106
5.6030393
2.9296837
2.3702006
4.7039366
11.213951
4.5720983
3.0313418
5.2742267
0.77419674
3.2886639
3.9779017
2.0644639
4.169291
5.1313305
5.041881
3.1892364
0.7331431
1.6052333
2.8756454
5.3703423
2.083668
2.9287121
4.596152
3.408642
1.9236507
3.7259629
4.9900565
4.15944
2.2804606
5.7546244
3.5626848
2.0487206
6.6061864
2.353137
1.5984068
2.143227
3.4235766
1.6307198
1.4365492
2.267018
2.6625202
2.33394
1.4695281
1.9190261
1.4509497
12.528797
1.4756687
5.636124
4.0551553
2.9185107
5.5512314
1.4592506
4.8496456
9.2461605
0.69901764
1.0416727
3.3343558
7.3645186
3.9878109
2.145485
3.1476793
4.666104
2.9755032
3.99593
4.8860145
2.150985
6.50122
1.3490161
6.0853257
3.8529077
0.2275789
2.7012856
5.8212776
2.287331
3.1531622
2.8932552
2.626393
2.5722065
0.6340178
4.832468
2.8919027
1.452576
6.5036783
2.950825
1.5126194
3.5630863
1.8107156
3.9398904
4.177428
4.292245
3.9009383
2.5996618
2.5805674
9.118815
6.7281995
1.9683965
19.828568
1.4368513
2.575272
1.3945243
3.5847635
2.0042365
3.244622
3.1401968
6.022852
6.685131
1.9422051
2.8603287
1.1038615
3.8244355
2.3892677
4.163921
2.41819
2.058744
1.2315133
2.512341
2.904624
2.2877514
7.6257086
1.2158561
3.1550395
2.4952223
3.2728546
2.995372
4.791838
14.217848
34.85805
2.4391332
2.4354742
1.0049235
4.925978
3.4026182
0.67149013
1.8108642
1.453147
4.343611
3.9786413
2.9645953
2.8684707
5.897604
2.8737466
4.91474
6.621207
5.401169
2.14519
6.8619657
7.0852823
7.239312
9.3914995
0.9322672
0.9349245
4.440288
2.5917532
0.5621178
3.554191
1.4528276
3.7244625
1.7454118
1.8515316
1.7098833
1.2138482
2.9251935
5.6126213
1.2653931
2.1750138
3.9846363
2.9910908
5.9231534
13.928646
3.9848268
2.6806982
3.6075144
0.68351847
2.6849341
2.701958
0.4339474
0.8141097
2.712924
19.909826
3.7514756
1.8784124
4.6209335
0.9306908
5.6056623
1.9427874
0.90697944
1.7795022
6.8810744
4.7123213
6.5146823
1.7768366
3.1129844
2.4310505
3.26591
1.1031834
1.357429
1.4364973
2.543167
3.7327666
1.9265839
3.6218011
2.0013185
2.858837
3.0919347
0.73837185
4.198483
4.381582
6.2194757
1.0035195
4.941051
1.6052378
4.64582
1.3554113
4.671217
2.572868
1.5509391
2.6090994
2.9724703
1.8265358
2.275142
1.8039992
1.932177
2.5926611
3.4682026
2.2498355
5.465498
2.4005811
2.3192608
2.0191712
3.008909
2.6352248
1.0397918
1.9496921
3.8532684
4.558042
1.2960453
2.26158
1.6305159
5.051726
0.83325297
3.6208074
2.4830818
3.735968
2.9312186
3.802689
1.2371659
1.5300143
4.813665
2.6562805
5.575739
3.803039
2.1761594
1.9110346
4.0854187
2.5932987
3.8491092
0.6307574
4.5959554
1.8126293
6.1846933
3.8974774
1.6104397
1.6196043
4.5972667
3.403791
0.53025764
2.5009592
3.2251203
3.7211812
1.8211778
2.4019709
6.5346456
0.8898404
4.684371
1.5008912
2.9937246
2.8916156
3.4875498
2.5567625
2.709081
0.8091456
4.815624
0.98971856
2.4891043
0.8852368
4.1478868
2.7500794
10.3775625
6.0771027
0.6150093
2.8826323
4.101612
1.4256836
4.097687
0.7972734
8.466793
2.5407417
2.3340957
53.216747
2.1525285
2.2155533
0.5979918
5.6788745
1.8665737
5.670424
4.953527
0.8150543
5.5414896
2.8883934
4.9822345
1.9148114
1.4997048
2.449751
1.5379308
1.7930024
2.5305915
1.7735707
2.9405549
5.5584927
4.2350693
1.8358761
1.9302729
7.8041077
8.2302265
7.342448
3.7431302
8.6052885
1.4648015
1.9528708
1.2382677
2.4331212
4.3733835
1.6047384
3.4809163
2.1280947
2.4070911
3.1222935
2.0858145
3.326294
2.6041899
4.046753
2.4199321
2.9706311
2.3290195
1.3416125
3.6824186
4.3368773
4.32196
2.6280808
3.829303
3.6377406
2.007897
4.44941
4.751944
2.7689102
3.270626
4.1208057
1.8093625
4.8673916
3.3681986
4.155335
1.6736203
2.9031312
4.11835
3.1064546
2.5512831
2.1347775
1.6511706
3.2254293
1.5927508
1.5252317
2.0766098
4.651994
4.567704
0.8000048
4.4727507
2.097075
2.285479
4.477765
0.9454098
2.0868454
3.4216182
3.597812
1.0996209
2.418768
4.134025
2.4567814
8.602153
1.9990575
2.5519798
1.481471
3.3770084
1.0375662
2.6232407
3.1510215
2.623435
2.3131018
1.979268
2.016672
2.2115314
5.8970733
0.8150056
2.6490943
31.933178
1.1128924
2.2245815
2.9862487
1.6659864
3.786026
2.6107593
4.04234
2.745659
3.935054
2.1625667
6.36414
1.7078167
4.7809744
11.709252
1.5676204
4.502685
1.1796747
4.272218
2.9631786
2.5378165
1.0351696
1.9779726
4.0154014
3.5871875
2.7996883
5.226945
4.7876897
2.0945184
2.7485845
3.3968399
2.5084858
1.9030552
1.8032242
0.97382355
11.834451
2.249334
2.4115522
2.0854833
2.8625653
7.7760897
1.8975059
2.0447178
4.7659025
1.5097677
3.447551
14.574875
1.5978007
3.0501103
3.7077003
4.188619
3.482283
5.7295494
4.237845
0.61278653
6.695828
1.445646
3.0421522
1.6011908
2.6917481
1.1406633
2.935134
3.5035398
3.3688242
1.5389845
2.9042766
7.759588
2.2187026
3.1035676
1.839436
2.9075916
7.6646924
4.1252604
10.301136
1.037322
4.829954
1.7776002
3.701484
6.170285
3.753582
8.543586
6.693461
6.2987766
1.1345085
1.7486645
5.111601
2.03875
0.9934916
3.2482145
5.881498
7.1114445
2.3885615
2.031816
4.3073783
6.0789113
1.3239548
2.461372
17.944122
1.9216527
0.49921256
4.756336
2.6144402
2.2154598
0.9077092
4.0091214
1.9493971
3.9201136
4.8184624
1.4911158
5.1080995
6.8306727
7.44717
3.1619334
4.7475543
3.1368883
3.443531
1.592095
2.7401564
2.6104395
1.3585485
1.1339048
4.339242
21.505762
2.8768756
2.3825738
3.0723221
1.2001562
1.7268052
7.2539973
2.1833947
8.672847
3.0206
3.0559943
1.6895533
3.417555
4.0164986
93.80578
4.851796
3.463928
2.7927217
1.7015517
3.8483083
3.0824761
1.6286904
2.874826
4.097475
6.316183
4.601472
1.7953032
0.75183165
2.6645865
1.1850389
1.1069801
3.343721
2.3612874
5.9887056
7.576402
2.1614273
2.8807592
1.9997928
3.5116894
1.2171665
1.1283941
3.763866
4.2812853
3.004187
1.2419472
1.8934339
1.6184683
5.656228
8.475103
2.527028
2.412088
2.0594842
6.3714223
4.36777
3.2655187
3.1249905
4.426121
2.7580144
3.698503
5.501697
4.330743
6.04635
3.896487
5.3664465
5.863639
4.191031
3.9853876
2.1270187
2.0516906
2.131368
4.7481604
2.6668553
7.7219815
5.2362127
2.9303353
4.6991563
3.886989
3.4013052
2.4713752
2.3020682
1.1552521
4.2909856
4.3851213
1.4310454
3.510113
2.072136
4.06421
0.6981591
3.0854747
1.8216683
1.3911346
3.3186018
4.114313
3.6616943
1.2385451
2.4407306
8.951857
1.51601
4.0223002
2.7423813
5.917487
3.0813906
5.397383
2.7204933
4.1147103
4.895116
1.7926375
4.0766535
6.455556
3.1403482
1.8019047
2.1224174
2.5195944
1.5189049
4.732078
3.2824066
47.4226
2.3813617
2.2067397
1.360115
3.8721678
3.1635177
1.510909
2.0883074
1.3885386
2.4679754
1.0292823
1.4684033
1.0833865
5.2454543
1.1166205
1.4392622
1.9108304
4.8270397
1.8375007
2.739754
6.329218
3.4927948
10.092058
1.6389748
2.6881514
4.2926803
2.282623
4.032183
2.8435047
2.1179276
13.009436
1.4147738
2.9371748
2.3410432
1.7222748
7.575357
30.739902
1.1540884
2.1897664
4.4223638
1.8739624
2.5691068
3.407839
2.763784
5.5296435
1.2647349
1.0144548
2.8331447
4.14498
2.1754673
2.1115422
5.5911245
1.3995519
4.229428
5.0577583
0.40705657
1.8917892
74.0642
5.593504
7.48878
1.1562511
2.0417151
2.932262
0.8923896
3.672822
2.652601
4.580535
5.561612
1.4802623
3.1584141
3.3528643
0.7326587
0.97644585
5.9042926
3.4717982
1.5912056
5.8657017
1.7758434
4.6136465
7.386189
2.9829233
4.1502533
4.613808
5.1536627
41.93118
4.0754223
1.4214324
3.1054616
3.035674
2.5176327
0.88721794
1.2457142
3.7353055
5.7258167
1.6899072
2.1833048
6.3164964
6.296416
1.1140904
4.0891232
2.8385732
2.1983118
1.2725236
0.73941773
2.3006127
0.82310456
2.8415184
3.2932296
3.301748
5.069778
3.6133394
4.386096
1.1556448
4.3177466
3.3131979
6.6740317
4.686353
3.1963618
4.473724
7.29106
7.705735
1.8850751
5.769627
1.8829029
1.410959
3.7866375
2.761414
3.0969892
8.5436325
8.411308
1.9925494
4.1750097
17.997946
0.79499626
2.5684
0.9583772
3.0583227
2.7631907
2.9248843
6.469962
1.5104054
1.9202005
4.077124
1.8596089
2.8009531
4.131582
5.1751866
1.6004851
3.3321178
1.1933566
7.7826185
3.878343
2.9170818
0.8592478
2.9994333
2.9062448
1.5990717
2.153019
6.2862334
1.8328823
2.2695355
1.2961608
4.0829973
5.1679363
4.4649096
1.1149997
5.0113606
3.3828495
6.0004044
3.4700572
1.552407
1.7424307
1.4399258
3.9367976
3.0487604
0.9439731
2.1767251
1.233791
2.1971078
1.1774058
2.0955877
1.9742954
3.3037229
2.873731
2.8382466
4.5165753
1.3144461
6.1195693
3.114437
2.0981119
2.3672738
1.3881968
7.640678
7.413232
2.0799859
5.063031
3.117242
1.9781224
6.8283634
2.465874
4.311038
3.409546
3.2014337
2.6379013
2.4218624
7.6142836
5.553512
0.8934775
4.9123993
2.8299973
3.2875168
1.3754435
1.2473317
14.398899
0.9845028
4.7632446
1.314341
2.4047894
0.4971707
2.574914
2.100929
6.138306
7.0696845
1.7321833
5.9370356
3.0262098
1.3994765
2.999756
7.63723
5.138338
2.0058584
6.625522
1.575365
3.2706606
7.603423
3.824512
1.4645514
0.6063846
8.650592
1.086352
2.550455
1.967884
0.9035445
0.6698586
2.7388291
6.4835315
3.9434433
2.0313349
3.3974319
6.914278
1.4934876
2.2663887
4.9478717
2.785941
2.8342512
2.8019862
3.3432405
1.5689701
2.6131823
4.42166
2.8557422
4.1224537
11.079263
2.8508978
6.2487717
2.3664906
3.066904
2.3792634
2.042817
1.8825643
6.063888
2.495275
4.2470894
2.7418523
0.42611685
6.255885
2.714619
1.6036482
3.8105757
3.4497843
1.1292908
5.3538456
1.591295
5.6635914
2.4134967
4.140517
1.7214658
3.0255446
2.5171733
5.987569
4.023817
1.1249837
9.861114
2.0566623
3.222394
5.0979795
5.1238823
3.4795623
3.1276054
5.750139
5.6929812
2.2334836
1.7838846
2.2179804
5.629396
3.6849682
4.3490214
2.1975245
4.314621
1.5380964
1.2546836
6.0159135
0.5629448
1.0809578
8.692057
1.1071703
9.52978
2.396828
0.5586394
1.4275889
2.4601624
0.97430295
4.915344
3.6489205
3.192215
2.2662678
5.1232443
5.132585
4.3471537
1.2922655
3.6636102
1.6349708
1.7129275
2.5926893
2.397973
3.320984
1.3420386
2.2634258
5.251748
3.036674
3.7529616
4.296892
6.5115614
4.9167128
1.3171352
2.8002946
4.8304205
11.510468
12.107231
4.281253
2.371391
3.3241892
2.2895486
5.1355424
1.6386255
5.165046
8.511004
7.7317815
4.0083094
1.1345838
4.103133
7.322579
0.85178566
1.592589
1.1274614
2.490109
0.9106568
1.90412
6.13602
1.8384216
2.8683817
2.96083
3.4396617
4.4373426
2.048401
7.538061
3.1245914
1.4574057
2.27487
5.5908713
1.2865955
1.7635559
2.4709213
3.456292
3.1225755
3.4369504
1.1200408
2.9849486
5.1223254
0.7371854
4.00908
4.166361
3.2520761
4.4888563
2.7798777
2.0411909
3.9149864
0.7443862
6.9214797
2.8893347
9.462527
11.424647
1.5818721
3.2618413
6.741306
0.66204
5.989948
1.6899332
2.304246
5.4740663
8.78296
3.549591
4.192727
8.9185915
9.255722
1.9726619
1.153342
0.97040194
2.4379168
3.6751988
2.5506682
1.331827
2.6563601
4.8531747
1.5439017
6.0158267
0.7851564
8.495219
2.5298636
5.5431447
1.177941
7.9543314
0.89571965
4.8153167
1.6654365
1.4302424
3.9208567
3.6828425
3.6234863
3.9033825
2.5934873
3.804112
1.9580749
0.8398661
1.6639898
1.7526102
2.95237
11.907165
2.7395911
4.019944
4.8141947
2.0142517
3.7091575
2.0253465
3.580314
2.81953
2.1489604
4.3909926
5.909872
3.3798995
3.1974773
2.4323573
9.613665
1.3158628
9.349995
4.224304
4.112101
2.4162884
2.119102
1.2418891
1.324143
2.937648
3.6962214
3.7931614
2.8707645
1.5527072
1.6400816
8.591867
4.9834027
1.1105334
4.5514107
3.5215874
3.1828768
4.988006
2.2119446
2.0543985
2.8945415
5.3747888
3.0349479
2.8497968
4.228183
1.4335673
9.733418
4.9337306
3.8535311
1.35916
8.918194
3.9353464
2.319714
2.3472438
2.2148876
4.474612
11.420032
4.857985
2.2062063
1.5830377
3.873253
1.2144915
5.059247
3.3464947
5.766388
2.5267484
3.5793846
6.0843806
7.1673126
0.71432954
3.5171318
5.096389
2.6055427
1.4205985
2.253521
0.4611509
9.222345
1.3060373
5.6433883
4.1958237
16.07326
2.4833488
6.1440506
5.440168
1.7418181
5.1077952
1.4602779
7.439659
2.0566657
2.9632611
2.5064886
6.379536
2.4438515
3.8937545
3.2984083
2.3991628
2.4602902
1.5482897
5.81315
7.854037
2.85437
2.3716447
1.1690812
2.089843
3.8314846
4.5539618
2.101617
1.1188332
4.622994
5.852529
4.6430063
4.1973047
2.8556097
4.1438017
3.5038152
2.8421154
4.1163583
2.566805
4.7463927
0.2666152
3.011487
1.617278
2.1513824
2.9243815
0.6680745
4.2535467
9.61978
1.7160443
1.7684762
2.3653162
5.3533907
2.1290526
3.454885
5.8333025
3.497001
3.215277
3.2978735
2.0589619
1.9032367
3.1829228
1.5198896
3.3543196
1.7039912
2.8001168
1.5673709
3.2759216
0.482212
1.9200599
2.0939586
5.7517605
2.2443626
9.100202
3.9097433
14.254206
2.6572168
2.7350202
5.712665
5.1773024
4.852587
4.288712
1.7087172
4.0938964
2.0535722
2.3028576
4.086524
1.1176834
2.0667958
4.290558
2.5924008
5.0612774
1.9465442
5.652363
3.6421967
3.4429326
2.125306
2.0523572
2.0265298
2.5624855
3.4439769
5.872244
4.2909665
3.058331
3.9441674
1.432822
2.459044
2.9359725
3.2111313
2.9350505
1.7688127
1.2223445
6.0336847
2.0379777
0.826023
3.7829034
1.9765733
3.0823421
4.6571293
4.363496
0.7456552
3.0022774
3.863281
2.8350153
4.0280595
4.7131133
6.001819
1.6792339
3.8162498
2.6775794
12.133927
3.1627853
2.8026714
2.4204767
1.2571704
3.6232667
2.401306
3.213144
2.5653906
1.5099354
2.012033
4.9542274
5.0640483
2.1859224
2.3039734
5.3495083
6.193728
1.1877524
4.4397106
2.0793967
2.398052
0.58357084
78.62805
3.1536603
6.051796
3.5631506
3.228878
4.616425
6.5180354
2.2598984
2.1611712
0.89226496
3.4261508
2.8192225
0.71563363
3.283101
3.3518703
3.5958142
1.9239603
1.6327899
2.7606966
1.5971104
1.3458637
1.6059487
3.7820985
8.867139
5.464389
5.629785
2.18397
0.69245076
3.3808973
2.8248098
2.183358
2.3952165
2.3916795
1.9410193
1.5477881
1.7582067
3.1650083
29.615423
7.065035
1.8177348
0.9951689
0.93258536
0.96995705
1.5206788
1.4009424
3.4264505
3.674379
1.532677
3.941132
3.6552691
1.6235619
2.9427843
1.1943687
3.4121065
2.036076
3.3267004
6.260616
1.9325292
2.8873243
3.3035772
3.8274102
4.0019283
4.621821
2.1599007
0.29167584
2.8807795
3.419767
1.4317427
1.3005458
4.9055324
1.7424681
4.630107
1.8611616
3.3433087
0.5495957
1.6845448
6.8938274
3.395587
2.9699314
4.2654943
5.475533
1.6274028
2.346986
6.8314805
3.1115968
3.4484956
1.2975192
1.885213
1.3988824
2.239945
4.661386
2.8943355
3.0767264
1.7239614
3.923121
4.8478103
2.2056084
4.3146987
4.3388066
2.5718775
0.77606666
4.7451754
5.5450225
2.1439428
3.0580513
0.9787214
53.43781
4.644647
1.2193772
1.9511395
2.5158296
0.93076605
1.7184966
1.6725746
1.7186949
0.99854815
0.7217119
1.4361668
7.2308993
2.2399185
6.141036
4.2933125
2.5350435
1.1990949
2.556575
1.6716311
1.717349
0.63751334
1.4106075
0.83102167
0.79872084
4.9956646
0.9605114
5.6494102
3.8940728
4.261281
1.8216635
1.2948934
2.4238365
3.9290884
4.6243567
5.9426126
1.1914492
1.5859538
2.1569576
1.1232458
2.749768
2.6416867
7.227871
6.046913
5.095036
3.1128771
6.2757607
2.102044
3.4190342
0.74208987
2.3440685
6.5048847
1.5463831
4.509395
1.6195664
2.9206748
2.0351202
7.001315
2.6194668
43.98177
3.6417196
3.9564357
2.2011547
3.3181064
2.9040644
2.1066985
0.855286
4.3938274
54.589348
4.4575863
4.256732
1.9560001
2.2797937
1.587128
4.8008704
2.7870622
3.7558172
1.4824672
4.148325
3.6088326
1.3802037
1.559428
4.141281
2.3503056
1.2426008
2.1018476
2.8931365
2.9353628
5.9346533
7.1459584
5.0247726
1.5199832
0.6795855
2.098479
3.1463618
5.93732
2.305893
5.839767
2.720631
0.93020153
2.2293425
5.1630425
1.450381
8.235984
4.1091595
1.8220581
7.8890224
5.0309696
7.3158407
2.796133
1.4452403
5.2738085
1.248782
6.105355
4.771675
0.67637527
2.427667
1.642313
4.3181014
4.0479956
3.091585
0.75000685
3.0175564
4.4392285
4.1659403
2.362856
2.572014
2.0689366
3.1196887
1.7703656
5.0313916
1.1953502
2.1238315
4.380279
1.8103267
5.569582
0.9639507
2.2835166
2.6862798
2.174536
2.0928202
1.5462034
1.6541014
3.9974513
2.224544
8.497547
7.2360654
2.2082465
1.0362598
3.2944522
6.2809596
2.4077446
3.3741543
4.3825226
3.4515183
3.3814776
2.5137978
5.2036257
0.95351994
3.723478
0.800755
3.672569
5.5084863
6.7392473
2.789809
4.25267
2.804287
6.4499598
35.748432
5.3884706
3.7654908
3.5218089
5.0358057
2.3277252
13.027613
0.99882954
1.7912909
4.8050656
5.532433
2.5538254
7.761565
1.0411935
1.5993195
1.2052997
2.6164043
0.701255
2.1978166
1.8766799
2.1416407
4.0435276
3.1823776
9.417885
9.328709
14.166894
5.8335876
0.96484315
2.758333
2.733677
3.2609725
6.9138427
1.5536026
3.3634622
2.66831
1.7800153
2.6914158
11.286362
1.7195653
2.6976335
3.3205485
4.6940036
3.5496273
6.6230326
3.2453525
5.334791
4.825116
7.3593287
4.439048
2.0208225
2.7164264
1.624304
2.296716
5.6731787
2.0222602
3.7725391
1.4532689
4.9908066
0.96031904
2.3069098
2.058564
1.673703
2.0855637
0.8300784
2.0573027
3.1614969
17.640587
2.2669556
1.1773348
3.6314607
0.80391365
1.5690718
1.707453
33.769173
1.2424506
5.934561
1.7710803
4.3179126
3.9953973
3.3531828
3.620484
5.3206925
1.6596978
9.210541
2.659389
5.7606244
2.6815012
1.8509572
3.3308077
6.4238377
3.2907584
2.7756357
1.8482666
3.4573126
0.5417015
0.89225996
2.154216
6.0597177
49.76455
3.02529
6.480027
4.937064
2.0359492
2.5301297
4.3789806
1.425939
14.722034
1.3763865
7.502919
4.9192853
1.6995316
2.5532048
2.5435042
4.149464
3.0566177
2.8312597
1.6640558
3.4742236
1.3643011
4.8153014
2.8256705
3.408885
3.9763541
1.7336295
5.269954
2.51631
3.7234716
2.9612656
4.1940627
3.1074655
2.1592202
4.527055
0.911027
2.3603652
7.2687697
4.770284
1.0387655
1.0570258
0.36681664
3.0351565
5.867796
2.336915
2.7270544
7.7572865
1.3061643
5.312556
2.986969
5.3469024
2.9026394
0.79775465
1.459422
3.0427473
2.9683406
2.09693
2.0699105
5.7543254
2.5141947
2.5949557
2.095927
2.329074
1.9487766
3.816098
3.4582572
1.2953687
5.052324
4.0714107
8.980622
3.7914479
2.6495116
4.833169
2.1964424
3.615876
1.702285
5.0084662
2.7011862
2.250048
1.1681634
3.7742834
2.9205637
2.9369175
5.262246
7.211945
4.967351
2.3383672
1.7261537
4.4847317
4.0726485
5.4890637
5.7457366
3.8894916
2.770383
0.63212657
3.4498127
0.881993
3.200341
5.744797
3.7765636
0.7412302
2.2849412
4.2469645
4.5560126
1.810554
10.310986
5.232893
7.2029824
2.5115829
3.2716203
7.1916685
1.4647975
0.8948957
1.5244418
0.5711455
2.4281666
2.245123
2.7813742
2.030903
3.0948849
2.5020273
1.1203023
4.4257584
4.54937
4.2534947
1.8509101
3.4129345
1.8934244
6.771501
4.287589
3.5700228
2.998229
3.4534907
1.0409479
1.0917237
4.048704
3.800889
1.7844841
2.5421298
2.1897037
2.7301414
1.517474
6.333321
4.9319887
5.077364
5.490987
6.018788
26.17838
10.388723
2.9776998
1.8298926
1.89632
4.9682937
4.7521434
3.3027651
2.9843621
3.1544461
7.9144893
1.79172
20.441755
2.4943063
2.3811014
1.8756951
1.9400892
1.6409194
7.164509
4.862577
3.8153732
2.5584779
3.7524478
1.4879687
0.7630191
86.48362
3.5269997
0.37632972
1.8978202
2.3292468
1.6103499
3.0497594
1.4056916
3.493092
1.3942612
7.594151
1.9217402
6.5490823
4.29094
4.076207
1.8458185
2.8066435
1.797485
1.6435907
2.444364
1.195587
6.051652
5.6105747
2.8342657
2.6999822
1.6443834
3.6115367
1.4846396
2.9740815
2.640094
4.0135593
1.1489398
1.4594471
2.9224126
3.0375957
3.112475
2.124603
1.5996078
3.069248
2.986043
8.142506
1.2124476
6.8053613
3.6307578
3.1168244
1.3549517
1.9083033
0.8948754
4.753592
2.0746398
1.7382938
5.066214
3.6016264
0.7398227
13.36218
4.9128294
1.5367813
2.3825474
4.4780903
2.5735857
3.4076266
3.33555
3.42504
3.2998424
2.4460514
8.040408
1.7278309
3.3246567
2.3968644
3.6284592
2.1933541
3.1322277
1.6140691
4.691739
5.6345143
1.7876997
1.9202822
3.6577747
0.97202575
4.0431423
13.448939
0.34488532
5.022284
3.795002
3.4641724
5.490046
3.880016
4.2538443
2.19706
1.8415456
3.0145636
3.559346
5.407575
2.0274882
3.3677835
1.129373
2.091606
2.221198
4.029814
1.5760962
2.3515904
0.4686989
2.5510921
11.320351
1.0141742
2.67831
2.059303
5.5433607
4.1969748
3.4507833
4.2250466
63.53578
5.6539617
0.5950425
6.1522055
2.4868293
3.7999346
5.999676
2.681436
3.545958
1.2827772
1.0566962
2.1450186
2.8413377
4.002996
1.5724952
3.8328774
1.5868251
2.80075
2.3296661
3.0390685
6.1227665
0.7957473
1.4668486
3.428491
1.788743
2.442571
2.8114629
4.471148
4.656
3.4203966
2.3708713
3.8859408
1.5425601
2.544946
1.7707466
1.9686252
5.548748
5.587797
3.9576373
1.4548969
1.1483481
4.7558665
1.8884457
4.850557
8.384444
3.8322284
2.227493
1.5661774
5.319962
4.1737022
0.94040424
1.4539176
5.117679
0.56403285
2.2120166
4.6958733
3.7250333
1.1792253
1.3595996
5.128919
3.4828804
4.2258906
3.360226
1.3997389
1.5557351
1.5456024
1.6114409
1.4671489
2.920374
2.5222516
2.9497628
4.2989726
2.1351416
2.8811588
2.9725554
2.8421264
1.9247446
1.8812535
6.08922
5.5208626
2.1875336
5.7665358
0.5949535
4.9504356
4.131782
2.0602438
5.5128164
3.1443622
3.6127598
3.314699
9.256015
0.6680556
3.0802307
4.5017314
14.740545
2.820134
4.064968
18.37937
3.616901
5.018254
2.8913572
5.685445
2.8510957
0.38668907
3.7336931
3.9272056
2.480005
1.6837195
3.8368378
5.4478264
3.05058
6.8295803
6.9526563
4.1800957
1.5913756
0.41707528
8.448471
2.7865107
2.164992
1.3034668
3.3438435
0.52890694
4.2491803
4.3698635
3.1646478
2.8295567
1.4516907
2.4829004
1.5900012
3.4175255
0.5417405
2.5860827
2.8882213
5.522497
2.698678
2.7101126
3.05506
2.667385
3.2345657
1.8287495
2.0986414
4.4842076
3.7263746
4.302137
11.858463
3.6361623
1.4122794
3.2517116
10.038792
5.0516596
4.107732
1.2773044
4.6603327
4.7405887
2.4232192
1.5715767
11.977113
1.9477571
4.144892
3.695558
3.7454286
4.625124
3.740434
5.990544
2.8910375
3.22584
2.4097126
1.4243795
3.5681858
58.291145
3.9427392
3.9303348
2.4842682
1.5567577
4.4706287
3.1489935
7.6402636
0.6256473
1.5710204
1.0172008
4.3867006
1.6589888
0.9841596
3.8320746
7.1397986
5.3586006
6.0148325
2.7012706
3.2308848
3.6201155
4.368391
7.8319945
1.6447477
2.0423405
4.1130757
2.7828166
2.4752667
2.6895423
3.0337179
3.8897161
3.0021818
5.3864512
4.583883
3.235811
1.7794759
4.051638
2.5316887
5.7724276
1.5692339
1.685708
2.364479
4.065196
3.3929718
1.5951729
5.7146583
1.1378568
3.041364
1.0250264
2.6189704
1.6479625
1.3991839
7.3340716
2.339843
1.1837907
2.3979106
2.7424664
3.4593747
4.205255
5.171596
3.7391665
0.92414546
1.7734613
2.384786
2.848631
0.73960775
5.6887875
2.070884
3.7352438
2.9448242
2.7488022
4.3072805
3.8080385
3.299336
3.3231072
0.4933237
1.3069137
2.0730696
2.4888935
1.5874063
2.1247687
4.839196
2.0028949
1.7831842
0.70167536
2.0845675
2.643942
2.7799463
3.5186565
2.6144586
2.1980891
0.8785995
1.720502
7.613238
1.5134841
3.5629544
4.3157177
1.6785748
4.881313
1.4111849
1.3645362
9.692534
3.6288655
12.475774
1.6515449
1.7058592
3.3384185
2.529588
4.6876774
0.9576687
2.1187568
3.7232647
6.7700224
8.984152
2.5489385
1.3142169
3.254185
3.3005025
0.50879675
16.077553
5.0643425
20.68304
2.740301
8.835506
2.682239
2.5210714
0.2763528
3.9244418
3.9701674
0.7180739
2.3800657
5.9728847
3.3471434
2.1951764
1.2971165
1.8426323
4.2973948
2.8217845
2.5895948
2.9486723
4.2019305
4.904285
2.7730882
2.2045782
2.785583
6.989482
4.41777
4.957593
1.8146083
2.8939807
2.2497954
5.032645
4.9519887
4.2661567
2.353292
0.9133787
5.3329954
4.640607
1.4484255
4.172547
2.646979
4.4160867
2.4203818
2.9348414
3.4680555
2.0950646
3.9504972
3.054643
2.278707
3.4795156
3.2021587
7.3553777
3.8724525
3.5571902
1.2790915
2.5759993
2.146316
3.8185914
2.6399994
6.957016
7.0035524
0.85874057
6.9836345
8.297703
3.5413277
2.888223
0.8445328
2.2177613
1.4064883
7.4489555
10.018867
1.2951893
1.1063666
1.339837
3.6461535
2.7752082
5.117948
2.3968856
2.5567067
3.3770716
7.1313667
3.8853827
2.4011757
5.764697
6.9770637
1.6596969
19.52815
5.9172583
0.625867
5.7607236
4.1006446
2.9483144
3.1099129
3.4270468
5.736758
3.2149606
2.099215
2.110497
0.71276665
1.554739
10.014253
3.098776
2.918295
1.1233587
2.7829044
9.000768
8.120053
4.5458984
4.2036743
1.8339341
2.8264112
1.8337276
1.9279295
3.817412
1.9044815
3.7378976
5.92645
1.1001139
2.626284
0.43266153
4.4449787
6.314425
2.2027853
15.56108
6.7043967
4.078416
0.7469422
3.6357455
2.8668692
1.2645042
1.6495824
2.3888016
8.336064
7.424976
2.9075086
2.9984715
1.6041236
2.4270608
1.3975067
3.5974855
12.504769
2.3997478
3.46397
1.5005813
5.6943226
11.085127
35.58279
1.5370916
1.1973424
2.3932498
6.667436
2.5406666
0.850458
1.5320848
2.2087405
2.055897
3.298083
2.6728125
1.406542
5.4118485
3.3771086
2.0456774
1.8306601
5.1253066
5.302043
3.1006575
19.169569
1.4467419
2.3600645
2.1453843
3.6044464
2.799638
1.4630502
1.5141772
1.0100253
4.289951
3.7307022
10.061716
3.264532
5.140437
2.6506753
1.2390969
3.3509748
4.186943
0.49589333
1.9658166
0.70991796
5.378682
1.9918061
2.895681
1.1528603
1.2790571
2.344908
4.107112
2.1591084
6.7111607
1.353754
2.1081638
6.0739045
3.9154184
2.497159
4.993158
2.5051634
3.8081913
2.7758052
5.063843
4.0257344
8.901794
1.9947981
2.8540084
5.555817
3.22777
3.454902
3.3627038
4.416015
4.315096
2.0772376
10.215514
1.9249539
1.6540897
2.8530936
2.406141
1.5775245
2.2119005
4.493927
1.3753328
5.081678
2.3249393
2.3026974
3.9500935
1.4474151
3.009801
7.333674
1.1685663
0.5087704
1.7408792
2.287261
1.8979365
3.7489316
3.404509
0.77996427
1.6637427
5.0102706
3.104346
1.0528117
3.2210305
4.156493
1.6869266
3.5861137
3.777555
0.9520398
1.5512985
0.7379042
4.292789
0.8936754
5.131676
2.7225144
3.1975005
1.7831697
1.393653
1.9095634
2.200445
22.73515
3.0327075
4.0605583
2.4398017
1.1195912
4.330958
4.2594523
3.6537333
1.533961
11.320016
4.577056
2.0322602
2.907593
2.642264
5.651462
4.4161406
3.4992394
0.985874
6.7212214
3.4141574
2.1909637
1.7100192
3.412432
2.0613387
1.3209683
4.764094
2.8717468
1.7664472
2.2332103
4.3024106
1.1239047
5.5184817
1.4179845
2.2408063
2.6108253
3.3363025
1.753837
1.6865063
1.4879899
3.2415814
3.033113
2.371352
3.1915038
9.869011
3.7975588
3.2006354
5.6996255
2.807027
1.6316247
10.20125
1.22709
5.0131617
1.2998706
1.4384562
1.7329328
2.5723994
2.9107335
3.9084058
2.5073535
4.1578593
4.5339684
9.952949
6.1332245
4.296273
2.7738435
2.5591822
4.707499
2.1228411
3.254146
1.9612966
2.6392283
2.4236465
1.7568864
3.7450104
3.955799
1.8440906
2.5111961
3.2260492
2.9427989
4.5033174
1.9255687
3.4281554
1.8565457
10.04323
1.2453704
6.108888
1.3163154
6.113721
3.2984965
18.22952
5.307898
3.4939923
2.4212985
2.280847
6.811786
4.3448634
6.3166246
4.142644
4.7613754
1.4016712
2.8329337
2.785413
3.5591426
4.1901326
1.8143255
1.1482984
0.9066885
1.7423191
2.2990227
1.497881
0.9406251
1.7893474
2.0559187
3.316755
6.195503
3.4212651
3.535238
2.430935
3.1506374
6.981665
1.8093356
2.0665367
2.313541
2.4157782
1.3816392
5.451174
2.3309596
3.0025122
7.9560375
2.5518427
1.9880576
3.4807305
5.5403304
7.4005747
4.714338
2.5718274
5.205836
2.748907
1.0642995
0.95322335
2.6779125
5.3168435
1.3120586
2.1099432
3.2344687
2.744793
7.872365
3.6030877
15.439757
2.057779
1.6125134
1.6992897
10.32238
1.8820022
1.4813312
6.9099636
1.8021946
5.2467203
2.1561766
2.7316995
4.9184375
4.9615335
7.2670293
2.7261868
1.4509777
2.408084
1.6049324
1.4438059
2.3113685
2.1307068
1.3990123
2.7637367
4.5317535
2.5601315
3.7016208
3.8423867
1.606482
2.0769129
1.7128941
1.4997282
1.0121934
4.98327
3.1953583
3.5007608
4.049029
2.712439
1.6268849
1.0188508
2.9511416
1.5127612
3.6773984
6.004629
3.143386
2.432479
1.4001491
4.9246545
1.5548092
1.3427476
0.9796191
0.8887827
3.5991104
3.5547748
3.0896416
6.814721
1.8909127
2.2262824
5.730424
3.4749458
5.1450357
3.871415
1.028355
3.0972028
1.3440747
1.7342227
2.267142
5.7055283
1.5848925
1.9963692
1.8216705
2.0410683
3.3439603
6.5731874
0.6905053
4.031975
4.134384
3.8494654
4.1412697
3.310366
2.2868977
0.94046366
1.6094319
4.2426434
5.5724697
3.2075577
0.86757064
1.8059585
0.9502618
2.749358
4.135335
6.7897882
0.47457635
1.8583015
2.637473
2.452793
2.6117063
8.575785
2.666042
3.9285192
2.3235223
1.7698998
3.3380244
2.7630537
3.022173
4.110227
1.628847
7.8570943
2.3238487
2.1663024
9.6086
2.5198517
0.3634911
6.932046
1.5957466
3.4939802
5.7145934
1.9098946
6.9816127
2.241521
1.7365932
1.3370816
4.2793245
1.8622403
2.3683956
4.2340536
2.9628274
6.296225
2.2914896
5.4475527
1.6064528
1.2882695
5.755774
1.2738831
2.4355164
1.1189024
1.9188498
2.2318249
4.7946095
1.1635053
1.3921515
4.2091074
1.6298354
2.7276578
5.9964104
2.2738996
1.3444104
2.8418505
2.6018546
2.5111542
3.9984362
5.836326
2.6882477
4.2763276
18.86343
2.5671504
2.0715394
3.3084784
2.4361076
2.5143178
6.818039
9.586346
4.879081
3.5772817
1.8616263
4.35496
3.9967463
3.8195133
1.552282
1.7006153
5.9278264
2.3470001
48.99479
8.566928
3.8082862
6.6063194
1.8749729
1.5888689
7.927071
1.8711377
7.2639675
11.78571
5.7417293
1.0219779
1.5456694
3.9750416
1.6193862
6.4454975
1.0696832
64.213615
4.733918
7.9052114
2.0586667
4.0858393
0.9135051
3.6136827
1.2116361
3.199504
2.254515
2.2504873
2.3646529
3.3219645
1.2091548
2.1103008
3.4957407
4.5783362
1.4046111
46.776592
3.1326606
1.6390728
0.9199235
3.3619928
5.579697
4.504371
3.052947
6.2204075
3.4518147
2.5412679
1.9230354
1.9078325
2.4042861
1.6359861
2.5007596
3.1864166
5.056483
1.138631
3.7282386
0.5331044
1.2338712
5.8434505
1.7011514
1.7485348
5.065374
2.1131694
0.7253281
7.2493005
10.56693
50.555046
4.2829046
3.9442728
1.8191715
0.54719704
3.902687
5.120013
2.9637992
5.430131
0.83044374
5.848217
4.327032
5.989125
2.643972
0.7601595
5.086647
3.5462308
5.7697544
5.0108056
3.4303727
2.052047
1.1862155
2.1843784
5.3719625
1.4246778
1.5884706
1.3273768
1.8790148
1.3781594
3.488135
5.4230394
0.9588045
1.4046206
2.2186487
5.550547
4.268144
5.208
2.8821948
1.051937
2.3874185
3.9176013
1.6485051
5.6597867
4.1342463
2.5394661
72.18855
2.8838904
1.8865756
6.8924356
2.794818
2.1589353
1.8773817
48.66528
3.1942766
2.9342792
2.5419366
4.7009706
0.7519399
2.967331
0.6985082
5.163414
3.378915
2.7935936
2.1108453
9.184208
6.356198
1.4351678
3.0653596
2.663512
17.405184
1.1318297
1.6604321
2.0786016
2.3195198
1.4353623
2.5548916
1.2402748
3.5482128
1.1242658
1.773946
3.125206
1.477794
6.7310705
4.855087
0.74993694
4.823372
3.0642562
14.182521
1.744224
2.3981047
3.2696261
2.3830447
1.863497
21.8867
5.5357356
1.9660789
3.03833
7.080274
1.0949167
8.663055
1.010065
3.502301
21.940313
2.2710698
2.148805
2.8303068
2.4067163
2.6794782
8.633083
2.8618875
1.5916977
1.6450444
3.9201612
8.626935
3.3276813
2.968329
0.7807899
2.2787585
12.084716
2.068328
2.131037
4.317264
0.5971482
4.033119
4.209176
1.6568383
2.973527
0.55177504
3.3913953
2.993024
13.236299
1.370398
3.9858077
2.57313
1.4588349
2.1257179
6.092552
3.211067
2.4209442
4.645947
3.1367912
13.2607565
3.663043
6.3177557
1.7342299
3.3622148
10.911131
1.5610689
0.6354122
2.3902068
3.6640785
10.68376
5.2748604
7.2121196
1.8908492
1.0304298
3.08148
2.0875914
7.253803
2.5620742
2.8356602
4.695838
3.9021788
7.600469
2.3944454
2.160976
0.717528
0.5876798
2.9070618
7.8717957
5.498255
1.5431197
77.65798
4.0583663
5.8199754
1.820591
3.3995597
6.825057
2.2318432
4.447465
4.326849
4.2174997
1.318198
5.9419117
2.233245
3.2014804
1.3053994
2.197856
0.6961166
6.563062
2.042375
2.3010688
0.67658085
3.0795467
8.230663
0.9582919
4.782574
2.0913584
1.1955256
3.038112
1.3298744
2.2835457
5.5259914
1.0674069
0.70394784
1.4468362
6.6085095
3.2069077
3.303558
4.3678074
1.4484406
1.2953321
1.3594598
5.136272
4.315055
3.9806097
2.6050887
4.3756866
2.0357335
6.8938713
2.520695
22.430729
2.4819617
2.5081723
1.1891165
4.8655615
5.1992106
2.8839695
4.1092496
4.212269
3.7450151
1.5135818
2.93233
4.968677
3.15862
3.2201548
1.883355
1.0038631
4.482273
6.020133
2.1178393
1.2722086
3.5785954
4.9676123
3.169045
3.1908877
2.3413312
2.1827133
0.4399412
2.3508005
1.8122408
1.4302698
2.4233875
1.5347605
2.7354558
1.1427149
2.1071007
1.4242495
2.1339486
1.5672894
2.4399066
1.8343757
0.60604376
1.7132046
4.4231324
3.2956097
2.084695
38.59162
8.095401
6.2686324
1.8957295
2.0301676
0.18659621
4.2313914
3.3077633
2.8757234
2.808066
3.8567488
1.0025777
6.147095
4.810863
2.545397
2.734455
4.598878
0.5453497
2.3212733
1.6088693
5.7070727
3.6082892
2.380498
2.5838509
12.080073
6.0929728
1.5635217
2.1848345
2.7042532
3.339012
2.8138185
2.343224
3.31962
4.1735415
21.802439
5.0089397
2.0139356
4.264661
2.1310167
3.6632602
2.6584735
3.1089578
6.214666
2.0523543
3.0329344
0.9034086
1.501061
0.7766853
4.299415
3.8448098
3.0989504
1.7663858
3.503878
3.4294775
4.1305685
2.8274217
2.1560664
36.544502
1.8505362
5.0154896
3.2516873
2.0657835
2.98183
4.9541
3.433148
2.3598742
2.5506978
3.506885
4.176507
7.4221315
5.0118723
4.9631076
2.312893
2.315344
2.5718813
0.7925361
1.1140637
2.7773647
4.4251943
3.466622
1.8770037
1.9092035
4.812219
0.3692665
18.422915
38.091927
3.4350836
2.4080129
0.5277176
6.061706
3.6833282
1.3978511
3.6067657
2.2171671
3.6810095
1.5528947
2.2407126
1.3944938
3.3104653
3.780677
4.5532684
1.8919166
8.959316
1.5078056
2.5855653
1.5643879
2.5559115
2.645136
2.6657238
3.8900702
6.248327
3.610461
3.2598197
3.3260856
3.7531922
2.0173953
4.0046053
0.66111827
4.403955
2.3134618
8.471133
0.4368397
4.1569095
2.926683
2.5427337
12.481773
4.5392194
4.30848
3.2341223
3.3842332
3.4302022
1.4627842
2.209533
2.277057
2.5842464
3.1338542
12.207569
5.527409
3.5974638
3.905986
2.990757
1.9067395
1.5653625
1.5689601
5.009209
0.57145876
5.590352
5.179456
2.0660677
0.5447505
1.6824452
0.831784
3.1868157
2.2175505
1.2073344
3.6516507
1.7972298
1.553672
3.5668526
2.7214031
1.7103075
4.262753
7.980102
3.3569677
3.208794
2.8119204
2.9556155
0.9164725
3.0052674
2.7916472
9.50415
3.065034
4.3110228
4.6656103
4.427779
2.0223758
3.4808471
1.7453849
4.3569946
1.0248444
0.882724
0.3781478
1.9991784
5.0177064
2.6600811
3.876625
1.91416
2.7359731
0.9540983
4.012846
6.2376103
2.3183646
1.8016896
0.40335128
1.2018362
0.7905802
2.187642
22.337408
6.195708
3.15331
1.9070591
3.58175
2.9926188
4.2185755
4.335442
1.5418156
6.693038
1.7440845
3.3177137
3.8621368
5.4069266
3.5840294
4.158305
2.4972148
2.5054183
2.0957468
0.81787807
2.3583753
2.2638428
2.595316
1.185527
4.9649663
3.5709684
0.5697312
1.283587
44.367302
2.8876226
1.6861075
2.1388023
2.114366
2.385909
4.257664
2.3353682
0.76926476
1.745319
1.500424
1.946406
2.3020911
1.1624905
3.3985996
3.187477
1.870449
2.5426977
3.092169
2.3913994
6.4270415
3.5874064
2.7378144
1.2810255
2.7029178
1.7480783
9.990384
4.415128
