5.4892306
5.520076
2.8645184
3.9245162
7.148228
5.2887993
9.583774
1.245857
1.4831698
1.3760318
2.1447694
3.5753632
3.0573828
1.8301412
9.322665
0.894124
2.212737
2.5077357
3.4911356
1.264791
1.1634202
6.5057116
1.9602904
1.005445
1.0338026
3.9179156
4.5560746
2.6382024
1.475984
11.370389
2.761142
4.219552
2.181773
4.6356726
3.7097251
21.08751
2.17865
4.1935625
2.0051382
1.9187855
2.1089368
1.7991433
2.4754603
3.7530012
2.0658958
2.917521
3.3030732
22.306435
3.8621688
4.315894
0.9735502
0.9932597
6.5569515
2.9370666
3.425178
0.8887519
15.578385
1.8486292
8.625051
4.8962026
11.650745
3.224884
