5.5419784
5.2132425
4.5182815
5.6297235
6.8635035
6.085979
10.6085
3.4497511
4.1196675
1.2395529
2.464814
4.9353075
3.970434
1.8806936
11.956252
1.5091063
5.83321
2.3024805
3.453956
1.3080517
2.2675025
12.927186
1.9602904
0.76314354
1.6180228
4.38285
8.519829
3.654273
3.4599152
7.2917676
1.52047
6.1834517
1.707976
3.9661283
5.564595
21.891132
4.8567433
5.5991607
1.7172925
1.7644503
3.034047
3.0673852
3.915559
4.0579076
3.0312164
3.62869
3.3660824
22.619547
5.360413
2.3106644
1.4543806
0.5705967
8.234235
2.1118488
2.3729222
1.8071649
15.60252
2.6535652
11.617918
4.9692674
12.33418
3.4280834
5.535938
2.063314
3.0313451
1.88899
1.5777453
1.5424364
2.872439
2.0806613
4.571874
3.261287
6.9573374
0.7978435
5.5821505
6.5772033
24.41707
0.9883589
1.2130632
11.323242
1.6646013
3.1926517
2.484354
2.6335778
6.700724
4.6775303
3.6870046
8.174845
4.558253
5.3921123
1.572287
3.2624106
10.429187
7.0453625
4.0239105
1.9481155
1.1250377
16.042072
3.6060593
7.725473
8.755843
4.3716283
2.5939689
2.379392
1.483719
1.6182122
3.2677362
6.9386883
3.1155896
2.7592452
2.2192783
2.0985103
4.2559214
6.5202007
5.5001836
2.1307898
4.4204845
3.8329203
3.596516
1.0671903
1.5650977
0.4951197
3.1532614
2.3907647
5.702776
6.614141
3.7582645
2.6369116
1.6584954
1.4108102
3.9922047
3.656446
2.7736034
1.288796
2.7541227
2.833117
10.146447
5.473378
1.6535506
2.497806
4.113737
7.1241145
1.56228
0.21916653
5.1290574
1.360504
2.9310403
9.097624
5.058856
6.543606
1.8315643
3.2337048
8.212063
2.310155
6.750052
3.2272832
2.4133484
6.6899223
3.5996456
3.2377326
4.8020353
6.224216
5.267995
1.8979408
5.103304
8.252995
4.1065583
6.1316957
6.598255
1.0571139
1.7440263
3.095796
1.505296
5.090013
5.724761
4.7979493
4.654488
1.7746899
2.3706028
0.99849033
4.7249265
6.424763
6.017018
3.5528398
3.0009134
0.23648466
7.171265
1.635611
5.772162
5.7996745
3.2541814
2.9940357
1.2262982
1.6878674
1.5855933
0.7124592
3.37717
4.59302
3.0135422
2.76866
1.4633297
7.1432076
2.7825513
4.9005136
2.4237404
0.96078247
3.556464
2.9399846
0.7756432
6.9163494
2.541361
2.1924539
6.597451
4.963321
8.705153
7.7650948
13.950066
7.023202
2.9190094
8.489548
9.335524
2.6425226
2.8231454
3.3997073
14.114278
2.562209
9.358885
2.3541949
6.826022
2.6366596
5.197926
2.2766335
4.244445
4.8307366
3.7648737
3.4587011
3.8144953
4.9445696
6.8183026
9.515152
1.9736824
1.6900996
2.7037463
2.264898
4.163442
7.649838
2.4281855
4.8863297
6.0530996
3.6777055
4.392787
2.9158325
10.131362
4.0494065
4.8871727
2.4203227
1.6555945
6.851969
5.22
1.5876925
2.4030075
7.887347
16.507095
3.4017243
5.2578974
4.7198663
6.463945
5.7180924
9.3350935
3.975617
1.2728268
3.052696
2.6261668
4.492668
3.236941
4.2097406
5.324975
3.1901622
2.8400867
2.0622218
4.4652333
8.801078
3.5936344
4.9300375
5.2823877
3.8434403
3.020877
9.006074
3.8756897
1.7484863
20.251371
2.542026
2.0809789
2.5221102
1.9030756
0.6914065
3.3577268
1.6590357
2.6216888
4.645524
2.0453036
2.688906
1.2626392
3.106272
2.9438279
1.8389909
6.641707
1.53978
10.846673
6.6098294
2.4236333
0.27729547
8.529621
6.174075
1.3910705
3.9418762
1.70383
0.68477744
4.643132
6.326612
1.0316831
4.6204596
9.503442
3.2313273
5.5608654
3.7791724
5.7555747
3.704471
2.7797828
1.8909018
6.8961716
6.0011835
2.8360474
1.414206
2.4883544
7.479301
2.0727785
2.3221688
3.4727821
3.942878
2.8893616
5.378133
1.6906213
2.742992
2.501957
5.6194606
2.5520241
4.7313952
2.008568
1.6816695
4.495868
2.6410582
2.9989529
7.222288
3.6854243
1.2100793
2.4366665
1.7090973
5.008291
2.9835937
1.375133
5.8168187
5.11298
6.276356
2.4657764
2.8469605
3.6353812
2.3316774
1.5545661
1.3902497
3.1873155
1.8606089
6.7869406
3.350181
6.3269243
13.470454
1.6092501
4.739833
3.9409444
2.3111143
2.5316272
4.03537
3.6564648
4.9810686
4.1355453
4.0098677
3.120466
7.3847356
6.230478
5.941985
6.1742887
6.7739816
2.6320498
9.730341
3.9450512
2.9402175
8.207926
4.5859494
5.8501263
5.099787
0.87483466
1.9516035
5.8258777
3.92267
2.3545454
4.5854344
2.5658748
6.0453014
2.0361795
3.9852676
6.698541
1.2993466
7.8158126
1.2681339
6.645531
7.070408
4.461312
4.574688
5.2117524
17.946749
1.7446648
6.8487124
2.324176
5.723414
2.804526
1.0362437
2.301619
0.65792453
3.1203082
6.614703
1.6901951
3.491128
1.7947266
3.5150342
2.2213104
2.8965464
3.6667051
2.434163
2.961012
1.1924264
3.4350023
3.082698
2.5641553
7.1707215
1.8374308
3.4729362
3.012393
2.2947927
2.2960978
1.994488
1.8929154
2.1210055
5.9723077
6.948345
2.9262002
1.2676752
4.104592
3.6408396
2.5189502
3.9988642
2.5874102
3.3229456
0.24387921
5.953933
4.629814
6.4920936
7.863708
1.6392016
2.013174
7.048952
4.0525446
4.1376543
3.332486
3.457866
4.5758667
6.026104
5.371849
7.921122
2.0322711
7.686709
3.6061785
5.649693
0.8273975
5.5335574
2.131449
2.951996
4.4374375
12.003317
2.589416
4.7725677
3.2565846
10.7264
3.3409145
14.548099
3.7866447
1.655906
7.2922196
5.359177
2.9213746
4.855912
5.4748244
2.0572574
4.4803677
5.3724203
1.7769315
4.543301
2.0837595
4.9680595
28.750145
1.5350856
7.1516366
2.361854
1.135712
6.0483823
4.316734
2.927092
6.843503
3.4214764
12.452971
1.0696396
9.345459
4.3307652
3.4714942
7.922819
3.92445
6.6257124
5.231604
0.36978012
2.5752528
2.978511
7.9666085
5.2669225
1.9736762
14.303899
2.0204873
4.8198304
8.84701
4.8742537
5.721595
1.9303324
0.1515966
9.136618
3.934204
2.207693
1.0975467
1.8723245
4.0280805
2.7409909
4.5831785
2.4749434
1.7177465
1.9594624
3.31342
6.3247805
35.221996
4.001716
2.4856982
7.154312
7.507509
0.9890741
1.8444823
5.712635
8.86631
4.5491905
3.2786574
2.2085454
4.3420825
2.8419049
3.029915
8.788606
2.4838665
3.5682738
4.2381277
3.6627474
0.8400156
12.279648
3.8947177
4.9259872
2.7379098
9.036171
0.64249784
1.9072336
5.139589
2.2878299
6.3156157
2.9225385
7.596995
9.468685
2.1632545
3.4577594
1.7690783
3.3928013
5.005428
5.4126186
9.662099
1.2608807
5.773269
6.426045
3.5452049
3.8803916
7.894266
1.9094639
2.2379117
7.6875005
3.2346132
2.833852
3.7722154
4.9549274
1.1033436
2.0584567
1.4878315
1.911731
4.2824244
1.7117487
11.508538
3.54063
7.7883935
1.788059
3.4901235
5.3297663
12.340431
3.3216295
7.192729
3.5032167
2.947997
1.3609153
3.621886
2.2548614
5.4582715
3.1223378
6.2285266
2.292048
9.2967825
2.74677
2.1702788
1.8382698
1.3663076
2.7403874
2.986849
9.014005
4.676237
5.0147886
3.87679
15.0996895
1.6014885
3.9739149
3.4069376
6.1906633
6.583654
8.884121
14.563742
9.07228
0.5501132
0.66119355
9.182898
6.700628
2.7328222
3.6472788
0.8954766
3.281149
0.92529005
6.081675
1.2708515
16.571678
7.522777
7.416929
4.151285
7.8067303
1.5964406
0.8688286
3.101412
4.0550566
2.5557075
3.7423363
3.659521
4.3483
5.667051
8.593232
6.626332
5.407412
3.2041023
2.9691331
6.2767987
8.556185
1.5872372
2.999461
11.66204
3.1540556
3.7706027
3.6696644
5.0037837
3.5219376
2.1259906
1.9854121
3.3779254
4.609403
2.2628396
12.52265
11.34059
9.446502
1.4879483
0.76968175
7.486034
3.2279227
7.2267723
4.033622
1.5616676
4.8594337
1.9888037
2.7918239
1.4668714
2.4650514
1.5138928
3.78356
4.2169833
4.482314
5.162048
1.870017
5.157522
1.0712595
2.215481
4.168161
4.6211243
8.874521
3.7825718
17.59059
5.0504284
2.9595325
2.0238554
0.7635818
4.374159
1.9435441
8.830167
4.4443803
1.6148827
9.061556
5.4107304
12.790022
2.1946454
5.291478
3.0079916
4.8934655
2.8525572
9.61225
2.8511634
8.601667
1.3881419
6.949598
10.104333
2.3759644
2.263774
6.062016
1.6518639
1.9124663
3.5297952
4.8669257
14.674386
2.9749181
1.9367685
8.356662
3.525789
3.7135346
2.6080763
2.674022
1.2780432
6.970818
10.803622
3.8845801
6.1876616
1.1671488
3.7791548
5.325041
4.3158183
4.2909517
3.759441
4.8376994
3.852507
1.9932308
3.689078
6.080692
3.4752643
11.71376
12.43228
0.9318613
5.54975
5.6804304
3.8793077
1.3950182
3.6568868
1.7189674
15.638184
6.175698
3.9587083
7.5826893
1.6110482
3.3291047
5.2019396
1.4373791
3.5663738
8.214654
0.63353914
4.440549
2.2057676
3.8758824
5.3064866
5.7600427
3.6804442
15.179746
5.263848
0.66339827
8.803263
2.9861617
4.2538056
6.0775084
5.591269
7.499563
2.0933447
3.6679983
2.0833907
2.4024823
4.3949976
1.6711243
1.5689833
3.8617764
5.7211537
2.487719
2.6868603
1.7628633
0.88913274
5.5383263
6.1393924
5.5629992
1.8997611
3.3349445
3.1752458
12.176028
3.1384032
4.507746
1.6043699
4.1505303
13.432448
1.9895775
2.850891
2.7619133
2.2746298
1.9097171
4.2926307
4.0948896
5.511877
4.0204697
4.4369526
6.2839427
4.3480697
6.436067
4.6481624
2.0992343
13.543526
6.1502056
10.109553
2.3559923
4.059743
2.2462924
2.8016605
3.0867305
2.4463863
7.0813437
4.0713453
3.44412
3.618449
3.706804
1.1003271
5.8943486
5.6016
20.211473
7.0023417
2.174044
5.4236355
3.19652
3.5475073
11.250513
7.9047155
2.8813047
9.950781
4.2581487
6.698789
0.7678967
2.5829704
2.8610175
5.3992496
3.666471
3.0942156
4.7487907
3.6100492
2.8159916
1.8640988
6.843993
5.0270066
1.6731645
3.4511323
2.407061
5.70268
4.7067704
3.484589
2.0213473
1.9106367
1.505338
5.725504
0.9292495
4.1121216
8.998694
2.0212407
3.4927723
6.262672
0.92536736
9.5826435
7.227106
2.5986166
7.4458017
5.6911283
12.332771
3.7653399
17.528105
2.966869
4.956342
2.3479183
1.6810089
7.385999
2.120329
3.9317417
4.061739
5.091829
18.788513
8.290018
7.0860467
9.280687
4.264372
2.1786828
3.459884
3.0198672
4.9177246
8.483788
4.3463783
3.5163162
4.6631513
3.6793032
3.9172163
4.474772
2.4135773
4.8861346
4.4219666
4.9274445
1.9694352
8.379338
1.7214332
4.1588864
1.2670285
3.2812223
9.406221
3.0345798
4.203192
5.2633715
1.2578328
0.4780515
4.1642723
2.2161777
2.3056219
2.26458
6.2251697
1.8580781
5.7164865
2.2486618
1.0630059
6.9269114
6.4712386
1.6507598
3.6884773
5.1185822
3.102422
1.0935813
3.528361
2.6019301
5.301814
6.346189
2.818074
7.607238
4.456119
4.4768443
1.0303837
9.008894
4.383131
5.585362
5.296653
2.744267
5.763401
1.63099
4.369136
3.243077
3.0916185
6.2783875
2.6342661
11.768509
3.2782729
3.2460248
4.923722
1.6460083
6.776051
4.4055634
3.119537
3.6064918
3.4553208
2.321869
3.2512612
3.2994137
9.750532
8.709484
4.501336
5.79434
0.5958992
19.860983
5.049941
1.875781
3.028108
5.2567596
6.6045265
2.6309497
1.4718663
6.771063
5.991394
0.64146376
3.6754873
13.317758
7.673073
10.237634
2.373943
3.943704
3.8491347
5.153373
7.2018003
4.6275296
1.4103935
1.5442855
2.4014
1.3375943
2.1747813
8.449534
6.208077
3.8418467
7.470989
2.4169948
3.669652
2.8260906
14.185254
9.462916
2.287539
1.9273593
3.4957328
17.775467
5.3804636
3.341334
5.6237783
3.615077
2.6587958
5.248467
4.899382
5.6145983
4.3364
2.4795015
0.724495
6.863305
1.3020608
4.297049
3.7359653
5.7435613
2.1656077
3.5877862
2.3234804
4.9327483
5.1249466
2.6361375
1.8473032
2.801996
1.5457577
2.1374776
9.297709
0.8506742
0.64597136
5.218161
1.6683393
4.95383
10.810272
6.736407
3.121317
1.512413
5.028765
3.5255284
6.7303696
4.177141
4.1664844
2.6012135
1.7715695
8.005678
0.36839703
0.4528141
3.1773543
2.443691
3.1475697
5.9774384
1.8913696
5.1577034
3.2100785
4.4282646
3.3139527
3.9713197
3.4203248
4.4487505
3.624503
1.750671
4.748642
1.2112292
2.4451573
2.833647
6.207049
4.509945
0.90313005
1.2791139
4.9927373
3.9445837
1.2055527
17.4109
2.758843
3.440109
1.5201927
5.287436
1.6585821
5.244725
6.2312737
6.2887845
3.764306
2.2816896
4.1640024
0.9452241
5.5568266
1.3713806
1.5208561
7.365151
2.892605
5.4471426
5.4321966
7.1384006
2.1373007
3.256459
4.4891677
1.3899151
4.974563
6.4139276
6.146598
1.012011
5.6590605
3.378035
9.026485
3.0372033
2.3252478
3.8885818
0.8969516
1.9486605
4.471964
3.6805203
4.758908
7.792494
6.250103
23.46805
4.321053
2.8963492
4.0246162
4.3620024
1.8500022
2.9069295
3.1192405
3.5858462
3.2302666
4.7929435
6.1019864
3.5223627
4.1759872
2.2466373
1.5854427
4.2641573
13.256877
5.7827644
2.0051098
1.7057116
5.880877
1.4442972
5.5113254
3.2389548
34.276955
1.4034284
3.961609
3.6958957
3.76888
1.6723067
4.324035
3.0006707
1.8270763
4.560314
2.2166898
0.74230003
6.2081594
0.69484943
3.4112732
11.477789
2.0579696
3.6854827
1.1272249
3.8839538
1.4364924
3.552199
4.430531
4.1250305
2.7893863
19.878075
1.4875525
4.477393
2.2770565
6.1399994
3.870815
4.0416255
2.1956193
2.3429
3.215271
5.0315857
1.3310494
11.189327
0.8460118
5.946782
3.5514917
3.6393974
2.0056057
4.7952456
4.5353675
4.101857
3.6440132
2.9124014
2.1807036
5.4898367
0.9330678
2.5643754
1.8978124
0.72073215
8.375817
4.9174347
4.1628704
1.8816123
2.8240204
4.674854
2.2568905
0.83883417
5.5759006
1.5248588
1.2543949
8.599552
5.379592
1.1768323
2.526271
1.6323714
14.9287195
1.5630561
4.0620794
3.5956361
8.396226
1.7628168
1.9912459
6.297815
3.9664516
0.9730464
1.9194658
5.6381416
8.05016
1.4524994
5.3239985
3.5851216
7.911502
2.9325404
0.88532686
2.0648959
6.2909617
0.68693334
5.3620176
13.757352
4.9700413
8.326788
5.3806734
1.0681518
1.8296093
3.7043123
3.8214617
7.162901
3.0813522
2.05587
4.8396826
1.0245905
6.0943623
2.972773
6.3744917
4.98266
4.279263
5.247279
2.4911265
5.861134
3.7321866
3.1195009
1.5613424
7.282036
1.3718479
1.4765341
3.5928662
3.0526478
3.702414
4.040789
2.2086635
1.510247
2.4681685
4.2103343
3.2203677
5.7133913
5.752104
6.716498
2.4262404
8.554131
1.6651367
6.0430098
3.913629
4.3939533
3.0340528
3.0471027
2.0152776
4.5832305
2.7692587
14.95854
2.3088636
2.1713026
1.8906959
14.134337
5.1054063
2.740564
2.1941137
3.6002057
2.5888374
7.1373425
3.8808684
5.766094
2.2769084
2.5076962
3.050847
2.3020725
10.351773
5.8572555
12.504509
0.6301012
2.5531971
2.7062306
2.5708673
2.3074715
6.095942
1.2222921
3.3734999
1.8499022
1.546585
6.678998
6.1689906
23.60718
1.9649788
3.216421
4.7902174
6.907393
5.107581
5.7359347
4.4028788
6.450696
4.854854
6.200285
1.3442563
0.9620823
5.6762447
7.1198153
8.455942
1.7704431
3.2789404
6.201864
3.1154773
3.3161855
15.460715
8.840307
5.689365
0.5368615
1.5391165
6.4962487
2.788887
4.490009
8.9955015
19.901646
6.536166
5.9468184
3.0871887
4.3599987
4.2165294
1.0044146
26.921322
3.5189795
4.65758
7.432127
1.641514
1.2028635
2.7930171
29.793362
3.0826888
3.1975245
12.200936
4.3276105
6.904981
3.4308238
2.372934
4.2761164
2.701544
5.2082553
5.6340957
2.662136
4.5852246
2.6047215
6.341799
2.7966545
1.6743602
5.8268523
2.1777623
2.094583
3.9678228
4.3211055
1.6155245
1.9430854
12.75338
2.3648896
3.2181394
3.3926084
0.64580417
8.376402
8.15068
18.126621
1.7045369
3.1647015
2.8566184
5.0484014
4.435153
2.7231658
3.4285092
2.7399395
5.5786157
3.137177
5.6620536
3.4135768
5.2372475
6.282213
2.914213
3.9047647
3.6173742
3.583787
2.0389411
5.02295
6.41135
2.4214983
2.4757204
3.753555
1.9240682
1.7889233
1.8107815
1.9796069
9.115354
2.5435157
7.425887
3.2563167
7.703524
5.584903
2.4694502
1.8062853
2.9123108
1.5478746
6.879725
12.568732
2.3612046
13.6096945
5.635828
10.591118
3.1435974
2.1483138
3.3809059
2.524094
5.1341257
4.5321217
5.3361416
7.7994614
3.3151345
3.3166673
8.764346
4.1828523
0.17900343
7.6225166
5.303807
3.0549028
2.184306
6.912133
4.81954
1.4499882
4.8110704
2.471659
3.657781
0.56880516
8.881001
3.1064723
9.227301
7.261676
2.018595
7.7307167
3.777762
1.5543655
14.133316
4.0278788
5.393727
12.382714
4.911648
5.6205363
5.880806
3.5799632
10.9410305
3.3039422
3.1426797
2.098479
4.586097
5.9050684
2.9390602
2.5350285
3.9623837
3.2824688
5.5410805
4.8972087
9.940372
0.36611035
2.4556196
1.993287
1.6326108
3.3352447
2.8072941
2.7408805
5.5970116
3.0983381
1.7298349
3.0454035
3.1781485
4.726298
14.5389805
0.2841093
2.433852
6.9020667
2.792427
7.342958
5.186872
3.282429
18.107399
4.25722
2.1230564
2.6462605
8.896691
0.5835609
3.4283543
6.1805573
4.515839
10.410691
4.1347427
5.4042296
4.0312805
5.6296434
4.943317
3.8031404
4.114064
2.6432095
3.0033598
2.3920782
2.3833413
7.2701135
4.8107777
5.373643
1.302244
5.509975
1.7507892
4.8802757
4.951044
0.57719284
5.102453
1.3183975
4.0655932
4.6478972
3.6299226
4.3980374
2.604398
1.2702262
1.1139765
1.8537791
5.0430074
23.652046
0.9616938
2.2413263
1.4301162
5.1725526
5.735587
7.514781
3.6951978
3.8614054
1.4437693
1.8624234
2.6355062
1.6870989
3.2221763
18.283148
1.0128886
1.186478
1.9437091
1.3941646
2.8241928
2.3171813
1.2997787
4.6485415
3.0261588
2.123987
2.9282353
11.788903
5.5813866
3.425477
5.7139616
4.4354596
5.365477
0.8938227
5.5542865
5.5931754
12.625624
8.5726
1.6908218
3.0630722
1.8251576
2.341779
50.989536
4.559964
3.9661307
15.235963
2.3516028
14.37614
5.544397
1.133046
1.6167674
2.2789001
3.6792586
0.7244112
5.336389
0.115321994
6.7436056
4.607071
2.9433668
2.6097429
4.2430043
2.8774242
4.184924
8.398163
1.0703533
8.028871
2.7372658
1.8225437
5.171534
3.8243186
2.8940995
5.3125386
2.269146
7.2010865
18.887365
4.7164264
1.3170047
1.2191125
7.4554095
4.537009
1.4475145
2.6349902
3.7314975
5.35155
1.7104276
3.299657
1.6410881
3.4986227
3.8217854
1.9717015
3.6018293
4.190538
7.6869297
2.5881922
10.446798
5.082196
3.0339825
3.5646768
1.8173459
4.729362
6.3965883
1.32447
2.8319087
7.2656817
2.640555
4.919617
1.441801
4.6979322
25.513582
4.078955
4.289605
4.694416
5.8708296
1.6981841
4.48469
2.54584
5.7857428
1.5007248
1.3731084
12.635175
3.3025866
4.8491154
1.9084665
5.604617
2.457729
3.7353039
0.74409187
1.016185
1.4688058
6.091285
2.076341
3.3912978
9.405666
2.2210996
4.855698
1.2144436
16.120337
5.6017747
4.0906887
4.0408616
3.03081
4.2099547
3.3533924
3.512537
1.618195
3.1128476
8.220728
1.8389114
5.072273
4.1111336
2.0003486
4.0185947
1.3948859
5.34767
1.3102862
23.277706
3.031483
4.822257
1.3622831
3.988883
4.3460197
1.4105774
2.4033153
4.7947083
6.5431166
5.686858
3.0515091
3.5246305
7.1966915
4.1766577
8.567673
10.087271
1.8336647
6.7777376
3.50926
7.753401
3.3628726
6.0965753
3.13564
3.3116596
4.676895
6.9334507
8.290742
6.7038317
2.7780123
3.690951
1.688481
1.125868
4.643553
1.5661011
9.937317
10.4184265
3.927458
6.9932065
3.1170511
2.5845733
2.6141522
2.7616236
1.7114631
3.7736604
5.1866736
0.91932464
1.0834672
1.6316429
5.0369935
2.9989803
4.5631914
2.6563795
1.7437265
2.698965
9.448978
3.3298779
0.91858834
8.250435
5.1212306
6.134212
3.0326
4.7887664
1.9708436
4.7632084
3.2290602
9.284724
2.3941498
4.2615986
3.844129
0.85923797
2.1950512
1.9308807
14.017469
6.0100145
8.552718
4.706119
2.036716
1.101238
3.2567961
3.2672696
4.4961457
6.377724
4.0328326
4.970137
12.437624
0.23440956
1.9500884
9.529112
4.991295
6.7243614
6.8139377
1.6676936
3.3361685
2.5252485
1.7804967
4.037402
4.974898
5.3268175
22.315586
2.7932448
4.608769
4.602815
9.4324665
3.8622234
3.2115011
3.7436643
3.1853254
0.94936526
6.456413
6.605767
1.5713754
3.058942
3.213424
1.6293215
0.8445379
8.589463
8.7087555
3.1326354
2.6825595
3.496925
2.646881
2.4627817
0.65655214
7.3496523
1.0190228
2.0598161
4.0721602
2.5825527
3.4424949
2.2908676
1.1421323
5.2402883
2.7521656
4.024824
5.3870997
4.8091173
0.7029893
3.0142455
4.5573525
3.1104276
9.668724
6.3409004
9.946144
5.8835926
5.8912616
1.4745638
2.441988
56.300167
6.0534396
1.5306127
3.6510525
6.2870765
6.807314
2.0463793
3.3363912
5.0788136
2.97634
5.946742
4.0068355
3.9369204
4.5517664
1.4711391
8.845832
9.101168
3.3111012
3.3407793
8.775606
5.025363
3.9372277
0.934555
0.70161396
3.850697
5.78287
4.150239
2.708529
5.4019127
4.356673
10.534699
14.719219
7.104383
2.1974068
3.7062683
1.322568
9.0268755
4.566257
1.2321186
3.5877235
1.5173287
5.576964
6.477514
1.7412336
2.4028554
1.5482519
6.547554
2.7731295
4.119658
4.589223
3.6334713
3.2793283
12.270285
3.8023999
2.3089068
1.9268013
2.0360446
6.758123
1.9634254
4.4260635
3.0635095
4.374167
1.5225667
4.632588
7.1468134
3.8849185
2.9312577
7.1781855
3.2853293
3.483398
2.2973032
2.610237
1.5874828
2.0704136
0.525029
1.6212175
1.7431027
1.459176
10.576406
6.918321
9.156168
1.6477968
5.7601156
3.575731
3.366045
7.1297145
2.6592484
3.8954735
2.1378095
1.8588214
2.1835132
4.60184
3.4531322
3.7246282
1.4708352
2.136039
1.0776477
4.431995
11.877255
2.1121347
6.3944917
6.4380236
1.070355
4.016395
5.9259205
2.7409341
3.6903827
5.740992
1.8247854
2.252684
8.282936
2.6078875
3.1287355
11.477724
2.3077078
3.67411
3.2565632
2.7465985
5.8666887
3.792132
3.8353605
4.4940395
1.39
4.3002687
2.3466113
9.645389
11.97612
5.963965
3.1146338
4.5661416
16.883991
1.361467
4.609771
11.449023
5.6387205
3.1852045
1.3479474
5.622495
0.58746064
13.875973
2.7720017
3.1255443
3.476986
7.628858
3.1015425
4.3412833
7.312484
10.344008
5.74778
2.6973925
3.5892801
3.6941981
0.699506
7.9792347
5.5810485
6.3023515
7.6444526
2.5026903
1.7975657
2.6938987
4.942662
1.5909003
5.1413035
3.8789628
2.7520828
4.398674
5.838087
6.409733
1.9145167
6.699756
5.4379134
6.802317
1.2755512
1.1793553
2.578129
7.908404
7.0065374
2.4200406
0.95477164
3.7542036
6.326261
25.240004
5.1997304
11.346406
3.3500645
8.404314
9.042248
5.3923745
6.341632
1.995061
2.816077
2.4886456
4.9507565
4.567461
10.680207
4.6224246
2.9895675
2.5598774
4.383245
5.9450736
1.1535355
6.9470654
6.3680425
0.4671957
7.0308933
3.9630089
3.5817683
1.8761846
2.4207954
2.4443183
4.83807
4.9008756
8.764844
1.6996325
3.3139713
5.8497467
3.4176955
7.100983
3.408444
5.729086
5.689714
10.738507
2.633338
5.800622
4.034319
1.6568755
3.8380814
1.8789175
3.930743
2.3380857
6.28387
3.9376307
6.881363
0.45842505
53.824543
3.285751
1.3663821
5.715454
4.9177685
4.4134927
5.151497
5.5397677
2.6755211
5.8146305
2.2384472
6.8701363
6.975398
5.3309155
2.5359962
2.6956835
2.9331164
3.2892244
2.5043418
6.9108768
2.9472668
4.0769973
6.928429
1.7264875
4.821974
6.4731917
3.6595943
5.2108855
4.131613
1.8521212
0.9379656
4.2101183
8.719521
2.1644394
2.365626
1.5435458
6.0232263
4.4726405
1.317974
3.0828602
2.1877756
13.542315
3.9738305
3.1874716
2.9301918
10.553169
3.4412231
4.96748
3.3171883
1.4090519
5.778204
3.6115692
1.9927405
2.6710064
5.6731176
7.0880256
5.91885
5.3798738
2.3704648
2.68565
4.799376
3.8235404
2.7224522
4.1376896
0.7638122
6.487613
6.307695
2.7652733
4.626045
4.5563354
4.54478
2.040846
4.18005
14.080458
2.8239086
1.158624
1.3357526
2.9091716
1.539991
4.9478374
1.7602518
3.3418386
4.276436
5.190414
1.92797
4.545467
25.261686
3.8951435
9.715284
1.6516643
2.753646
2.1413796
3.0518746
2.8394635
3.0478067
2.7998784
4.2639227
1.8921443
4.7833457
17.846395
3.2382443
1.6930078
0.5915594
11.725099
131.43016
1.5675758
4.3999467
2.5289092
3.2772558
0.13171704
3.5405438
6.969066
0.9894725
3.1874478
2.8615985
3.7054086
17.498741
4.900977
3.1005242
2.2336743
4.7817597
2.486336
8.628986
2.1622806
2.7171621
3.8002014
1.7676642
6.138307
3.083635
4.278103
4.3747454
3.1997247
2.3482256
1.469633
7.1506133
3.870801
0.42411155
4.500095
12.173297
3.223517
4.326435
3.6771421
3.6523778
4.203311
8.354676
5.8960433
8.472486
1.660294
2.8040864
3.9653296
7.585714
3.3891318
1.6016494
7.6725936
2.8864775
2.8193166
4.053324
2.0078478
1.5335609
3.2749608
13.382808
5.2997317
7.8897977
6.3388634
3.8029325
2.7829032
2.2427468
1.9104248
6.366767
3.5811462
5.101159
8.327343
48.924072
2.1765187
3.2173448
7.576817
3.5746124
6.531714
7.4204507
5.505339
5.21632
2.3409839
17.66345
10.653059
5.666158
2.8379312
4.741225
3.1825082
6.1510463
2.872551
7.2940664
4.1197762
7.371592
6.708301
2.7199202
2.7994664
0.76171696
2.2103858
6.612244
5.2914267
5.0903625
2.727936
7.7542777
4.103983
9.442012
4.0323653
8.876083
2.9968507
1.9857612
0.8831096
6.281288
2.7576067
2.7869382
30.324564
3.3025043
2.4161077
5.6268196
2.5583253
22.96371
6.556106
1.9119574
0.4993668
6.612754
2.0372844
6.917984
2.3405704
4.0745225
1.3349931
4.765873
3.4202406
6.528441
10.091222
3.1655185
6.0624075
3.323784
3.6059384
16.129816
2.3944845
2.2948022
4.0326605
5.9516726
3.892683
15.352993
4.66027
4.3780274
2.8752644
60.643204
1.671024
2.0774367
5.066163
5.217898
1.5705905
5.9398446
2.7851357
2.115796
1.3002499
6.5727
5.871932
2.6450152
2.7151806
1.2412456
3.9860396
2.8624659
7.368601
3.169484
2.404921
5.0158205
3.4181201
5.87355
2.5308874
6.6736794
2.2373633
1.0571543
2.5678809
4.2709336
5.78547
6.7546053
4.494161
2.6530738
18.816162
2.0122104
8.690249
1.9689809
2.0005105
3.8376074
3.8804765
2.827031
18.585014
8.596839
2.57185
5.5321302
5.003254
2.7141674
6.5007706
7.03494
5.907039
1.8735003
0.49581793
3.891193
3.3846347
0.9663171
5.809311
4.7350445
8.5226755
4.123059
3.7121434
3.5435243
17.233372
5.07019
4.2041306
3.7294405
3.0523195
3.2406752
1.0139604
6.549468
35.77778
3.9263594
2.1307573
3.8505483
5.177693
4.907041
7.7470884
2.4069834
4.4182916
3.2542882
0.936888
4.074251
1.723514
1.9230932
5.319083
1.9012458
3.5190065
4.751567
5.506094
5.541088
12.821684
16.139668
3.613624
3.4954174
3.0472682
5.7508664
4.2540674
1.7143968
1.7974416
3.0204427
4.4052486
6.3330083
8.032073
6.875381
0.3899334
2.703854
11.71992
5.664134
5.8105803
3.3815343
3.3430202
5.8949304
8.071489
4.3211727
1.4304087
0.8485532
12.455998
0.8052271
5.385233
2.4274578
6.5435667
0.67406464
5.2163196
1.2307235
1.5212018
5.4495125
2.783387
2.8986251
2.580461
4.0511894
2.896761
10.67265
6.415328
4.0400715
11.86487
3.182363
3.6649823
15.8932
2.0655987
3.919983
4.2361565
17.3159
1.4903364
4.417968
1.4968202
13.277767
6.933157
3.0118294
9.689633
3.3181744
8.1356
2.8208082
2.6684043
7.2827635
2.2159777
2.9178522
9.231782
3.0941749
8.407166
4.557407
0.371185
5.8252263
2.649536
7.7372303
9.934833
7.8850408
3.4539614
6.440175
3.9647639
9.118013
6.9154186
5.5856686
7.899283
5.8656096
4.7010217
3.0183086
8.438646
1.0136862
3.1538568
6.7385573
7.931171
20.97991
5.524935
3.9884827
5.754411
1.789979
0.9706617
1.2316469
3.0091267
3.347949
5.0331273
2.2720225
6.721569
4.610623
3.6401339
2.3120246
2.7315078
5.3176475
0.89073926
10.413624
7.761258
7.137854
17.254398
6.5507846
7.5215855
4.6209283
5.419737
3.3250694
3.1696298
1.4542003
7.362905
4.2057157
0.68556964
7.1263704
8.199265
3.4730482
2.3104975
7.039316
1.2205046
3.3377478
3.9022572
1.486681
3.1801832
7.910712
11.732183
3.8866723
3.3284628
3.554707
4.493312
2.3398328
8.256903
4.4083376
0.7870803
1.3344314
2.889468
1.7259516
5.217158
4.971879
0.7341713
6.9122267
1.202529
5.426306
4.4221478
0.6325973
11.760663
3.585983
3.9113445
1.8773328
2.3589642
4.1382904
3.348889
18.432095
12.007244
1.9575344
1.0977736
3.8513885
1.7188752
2.0634842
2.0840528
2.2293818
3.8042686
8.859536
4.5014358
7.014516
0.6990428
2.5587904
8.942351
4.030572
0.34641778
1.2067376
1.0270938
2.219774
2.4599426
2.714915
5.123412
3.8769896
1.6616085
4.2660947
4.4395223
5.946673
8.20137
1.9170835
1.0398527
5.4412866
2.1227865
1.2261186
4.246168
2.533212
5.860226
4.6115956
4.2289786
1.5459064
1.9843198
2.8671503
2.893912
7.004802
3.046132
1.255729
4.452624
1.9664985
3.3203075
3.5706356
9.784493
3.855689
2.3663926
9.506845
10.148304
2.116611
3.0797336
11.018853
2.2231805
3.2416925
5.7908196
9.104683
4.0370164
4.148757
5.80402
4.523896
3.0418854
3.379116
2.7875626
10.972416
3.4616861
1.6403542
8.073983
0.22725944
2.6140928
2.356607
1.6361202
2.6519353
2.3332894
10.885304
4.6519566
40.57705
5.2910237
3.3540516
3.036626
2.6431754
5.9127483
4.523661
3.5786593
4.220091
7.2269435
7.1382704
8.440843
2.8704052
4.3534913
1.6002696
2.8453915
5.9756393
3.5766325
2.5651698
13.806428
2.070669
1.9404182
12.505396
7.3380737
5.6525254
2.8524168
4.274823
2.8540738
4.0204387
10.596709
4.6025386
4.6291323
8.993149
0.85356563
2.1717494
2.3382807
11.694314
1.9798266
3.0099003
3.0495162
1.8669327
3.957447
8.249744
4.0049896
2.9019816
5.071284
6.713146
1.9235115
5.3978877
4.3806663
6.5170565
5.192821
3.01602
3.8454263
2.697414
5.347925
3.5047657
4.657104
11.339912
2.6284175
2.084468
7.0938625
37.577087
6.4415407
3.235492
0.89456064
1.5722083
3.898776
3.5392597
3.5437913
4.1372595
2.2511446
23.373274
2.7624996
2.2204309
2.6609437
3.9755025
5.5353003
1.4070852
3.4208584
2.1600082
1.7117802
3.0422997
2.0832052
17.694935
17.907911
1.7390167
2.8665404
2.3085282
0.7658032
0.88072354
6.1232057
2.392804
1.8717346
2.998465
8.318486
5.765406
2.0506384
8.293277
5.162741
1.6496813
2.8154886
2.6692524
1.999411
10.093806
3.0209432
2.502772
0.972879
2.276619
2.0525384
3.4314597
1.6740073
6.3235803
2.1831863
6.074145
2.7338824
1.343407
3.3463252
7.042371
1.0075786
9.4108095
2.575988
3.3141255
4.802868
2.0034373
1.5994536
4.599011
1.035383
6.952914
5.0476155
3.389516
0.78847605
3.932462
2.819374
0.34923965
6.229254
4.4135785
3.6249533
0.28093597
4.2080116
2.5303395
3.7333293
3.301116
9.051569
2.2005913
0.8463397
2.7473452
4.4104185
3.9714723
1.5407491
4.4723434
2.9204414
1.9725351
9.5005455
1.2961758
1.1648921
2.50482
4.3429155
1.6403837
1.706039
5.336899
1.8345083
3.1362457
8.490486
3.4934452
2.2580132
8.707854
2.9523118
5.092531
1.0162439
6.4579124
1.4242631
2.1336846
3.7669203
4.7658005
5.6853113
4.833283
3.4046762
16.290577
3.1711874
2.1578412
5.568066
4.600145
0.47112587
8.757916
4.99357
2.622696
2.261982
1.8997773
2.63259
5.318571
2.7303267
6.2805266
5.2054615
1.9148954
2.1799355
5.673834
1.2210151
2.4301908
3.467488
6.027052
2.6294615
2.579419
1.5054849
7.371339
6.3033743
8.461277
2.5629172
2.3191135
2.8988826
0.95865315
3.0048478
2.4242573
2.2265315
4.621775
3.5791862
8.31068
1.5711181
2.9922955
3.120946
2.7432506
1.3349668
3.4884925
6.6841097
3.012408
5.291101
1.9056426
4.965744
10.687023
2.2089248
7.8433375
3.9572487
22.555325
2.546633
3.4436674
3.9002705
3.3634624
2.1302435
9.051961
5.5086074
3.1366324
3.247928
4.287021
3.0959966
7.187586
2.460856
4.239539
3.035503
3.9391775
5.029457
1.6733373
3.237135
22.262304
7.8242984
4.6274743
3.9600992
9.54995
2.7937684
2.920204
8.662445
2.6748059
1.1810414
5.735138
3.294075
6.3535414
9.294363
4.091521
2.7971256
2.4923291
4.241931
11.671156
1.5499833
5.746946
3.6528718
8.693548
9.83563
5.805496
5.2648754
4.8827586
1.2283679
11.536534
1.8496503
1.7360216
2.8053162
0.8093075
3.694077
5.304552
1.8359814
2.8701704
2.6146092
2.225184
3.2848525
2.2438838
1.4989294
9.383033
1.797921
6.8929787
13.5101595
2.026342
1.1894801
1.4855464
3.8334258
4.5944757
6.3701296
0.50013846
4.4751167
3.972649
7.6547832
6.9054904
9.903305
1.5107306
3.7962945
7.293023
4.6972466
0.86932534
5.481616
2.6594658
1.1492445
13.045512
6.4055986
5.065269
1.387948
3.7493691
0.55142015
7.6582065
1.4939752
4.148835
4.9950314
1.9902419
2.497959
2.8911183
4.3943696
4.24053
0.8214926
3.7292645
3.7583253
1.5265234
5.3506355
8.945969
2.6011004
5.431669
1.545856
3.9269638
1.7229595
2.8314314
7.97577
1.2506703
2.2025898
5.617884
5.110833
10.916211
11.61135
5.6105847
1.2060685
1.200741
2.6967769
3.0289602
3.4521277
5.770746
3.3678572
3.740601
4.6789412
1.7010198
2.0578797
2.870041
4.4595237
5.6222486
6.296282
3.477788
6.151864
6.174625
7.4337125
2.138624
1.7393022
7.916758
6.8256793
1.6991017
6.2113805
3.168294
0.5211047
7.0533533
9.089789
0.87522906
1.7505387
1.6845063
1.6281469
1.9273067
2.271971
3.5778184
6.3624086
2.173888
2.1094522
5.876176
2.3189347
15.287371
3.9037733
20.724693
3.7689488
3.6858418
10.855787
3.475541
6.8717504
6.8875146
6.4405665
1.1556107
5.3571353
3.9499948
7.013719
2.5156577
6.571346
3.426501
1.8774747
3.4918437
2.9994214
2.7883284
4.906189
3.1436212
4.3719726
4.4654536
2.765881
5.74001
10.383306
18.524416
3.7222638
1.293067
2.9953425
4.3583975
9.600196
4.65863
1.9598187
1.3121315
16.256578
8.346742
0.92853934
5.0600038
2.5332499
4.136781
3.2770748
3.1022236
6.341828
2.231433
2.9529827
9.458408
3.1238027
2.5209055
2.3316274
1.6220727
4.349504
0.87426
15.562588
18.712664
4.9234705
8.76566
2.2214806
5.3052406
1.7309775
3.2234876
7.3062177
7.481833
1.0348313
0.6933823
1.2475694
8.295196
1.4866996
1.3391978
1.1282697
4.35221
21.983755
3.5652952
1.099346
0.7485258
5.2225494
0.83855706
3.722456
3.0528288
0.9990503
3.9650915
9.370267
5.5935946
1.7033832
5.114638
4.8151164
3.0835772
7.0510373
0.5087268
11.518453
1.900904
2.3108253
1.2476016
2.4377198
3.3368733
3.850262
3.214337
2.0083725
9.286042
5.297446
4.798723
6.4649243
3.0968828
5.2763667
1.5043645
5.305364
2.354178
2.3114483
14.035846
1.7788036
6.938174
3.7230167
17.840021
3.8612442
2.3228939
3.6690502
3.1648097
3.9040718
0.80468035
3.4120393
2.074625
3.692007
3.634139
4.476686
1.4429076
13.582487
4.317624
2.2887828
0.91850215
4.6107135
3.3030481
7.4837255
2.609449
4.4625196
8.884622
5.833166
7.0525403
3.575136
3.81711
5.7589006
5.2017984
1.4581125
27.037462
7.5391
1.8978624
5.0012836
4.1891537
3.9661396
4.1906595
2.069752
4.0150466
11.742152
8.391321
1.8744719
6.846123
5.486688
4.3613963
4.341705
3.9911964
1.4897276
4.4900503
3.681399
5.6296167
1.9967095
3.08621
0.83397055
1.6513742
4.66864
2.614833
1.3427818
4.205831
3.02428
2.8025415
7.561503
4.4853354
14.654405
3.0185282
1.8475728
3.734359
0.8106653
2.0584276
4.1570463
6.7576632
4.157531
5.2071877
4.614742
1.5705427
3.8800018
3.3418715
1.8006303
5.551321
4.255163
3.2479086
2.1670518
2.3403394
3.4157143
6.24788
3.1798418
9.237825
2.9049175
1.8715726
2.8141856
2.869012
6.549022
4.4645543
4.5680346
2.9031467
5.594847
1.006062
4.101577
4.559144
0.6023942
1.9800398
5.0035677
7.933181
3.6861408
1.8087761
8.661098
2.5351372
1.7974763
2.695543
2.8842688
1.7853276
4.9302564
6.1853204
3.8144784
6.3120174
1.5681006
1.5453261
4.392202
3.2949
7.0651617
2.8484213
1.2760247
3.1918466
5.7915864
2.400973
0.913679
1.6804116
4.1933603
3.7762148
2.188924
3.388026
4.318068
1.9302639
2.9462922
1.8690665
11.801185
12.121735
4.4165154
4.1017256
3.1412518
0.7338317
4.805767
3.0140421
3.6072812
1.9741278
2.2285693
6.253399
5.2680135
5.5260434
6.431463
3.129037
9.932682
5.033353
4.2831187
7.5086746
2.7910984
1.9569074
2.0516398
2.2837067
3.0748432
1.6214554
3.3009002
5.992706
0.71818286
2.1153843
2.982773
2.46011
3.7273731
3.9191847
1.707143
4.5373397
1.3952669
4.5655313
2.1070406
2.571626
7.8979793
4.087641
2.3104594
3.8115196
4.443572
4.5671763
2.168797
2.4357665
2.0930014
2.7850668
2.7889442
5.27872
5.7762346
5.784765
4.8793826
3.1439207
2.2916641
5.666705
1.6913494
4.79245
1.8270146
3.1833663
2.5317862
1.863212
5.0409665
3.915358
6.362548
7.6191244
5.5737615
7.9178514
3.4497397
2.7637966
6.5547805
1.7318189
2.3875368
6.4160047
12.268295
3.752528
15.276792
4.461829
4.292539
6.4932
4.9648876
3.7895882
6.6808767
8.780847
1.568491
4.256931
3.9855723
2.1245055
3.7645214
0.9824752
3.4910524
2.0330446
2.1211882
2.6387663
0.55303717
5.8615103
2.5806212
2.4171333
7.0165195
6.8714194
0.95377153
7.0378866
14.681904
1.8619057
1.7148753
5.996642
2.3267074
10.191477
5.577033
2.1910887
5.1140804
2.6907146
4.4159603
0.83730865
0.8050791
4.3663797
1.968816
2.8219705
5.335502
6.906279
1.7081243
3.0896995
3.2780929
3.7274811
11.9661
11.451394
6.156315
4.5500116
5.2413683
1.4224414
4.1316333
5.310051
10.542375
16.048086
7.5872827
1.7287495
6.699271
5.7422876
1.3459505
4.031948
2.6958113
2.5113556
2.2444918
5.3947387
3.344938
5.9134684
1.5482633
2.2319086
4.210653
3.66704
19.466326
4.4949064
2.6857965
3.8267798
2.8853266
4.13398
6.1157675
4.2062573
4.9789605
4.53155
1.6003302
5.046989
6.4250636
2.141073
3.9995036
4.193503
8.782449
4.02713
8.19485
5.308365
1.0879605
6.255465
5.4444246
2.3079963
3.0946174
5.666341
2.0027013
6.785306
4.1681786
8.16867
2.7256517
1.9958243
6.4676523
3.7654998
3.9191577
3.367359
2.550941
4.595603
2.439465
1.2269907
2.4805927
3.2232132
18.094355
13.448553
3.829905
2.9214349
12.482116
2.5886703
11.152634
1.9701123
4.7374325
2.5738008
1.0239809
2.6129062
4.0462637
7.218989
11.197825
17.151009
0.9606355
2.9739716
1.6930546
4.16511
0.52163047
2.7501724
0.9688924
5.3653917
5.28176
5.702505
1.5917491
1.8659068
3.567572
1.5417279
2.9988284
2.9447129
2.822101
6.6798763
5.5327115
3.969844
2.1653664
3.6293147
0.7552287
4.2135825
6.9945836
3.787827
2.3838022
3.9268484
2.1895893
3.47996
4.9303207
3.32978
5.8327346
5.560615
3.2883255
6.6244955
3.4469078
9.212309
6.2504005
1.6447282
10.136213
5.985007
3.6202953
4.169907
3.2263973
1.9472666
3.234226
3.953819
6.3842335
9.050101
3.4821808
4.473843
4.1535635
0.7516797
2.6361785
3.367709
5.848177
4.6360765
9.475762
5.7581797
6.332431
1.3366354
4.2789927
6.002127
3.9299572
7.710574
3.2408395
2.2825198
2.6104143
2.377501
1.4406685
2.7633085
2.732317
2.35774
3.4234242
2.7210498
1.5462245
2.6371021
16.359236
2.224971
1.384531
2.7438192
3.0210476
4.841308
4.66343
3.3319352
3.9569986
3.3949902
3.6979544
3.7213051
2.9443262
2.6630824
9.771606
1.9451077
2.976593
5.7771864
6.886851
4.0523696
4.149744
1.1086553
1.8815391
0.7502238
5.191584
3.1192071
4.444957
4.9930215
2.0026424
6.3747277
4.243481
5.00763
11.579175
27.687246
4.470997
10.30816
10.731234
6.263369
1.3200779
14.681131
7.3690658
2.294469
5.85639
8.395221
3.87595
4.6048336
2.606449
2.8350751
1.6236707
3.1088738
2.3824344
2.1415193
2.6488814
1.7587867
6.050539
14.511777
2.2471642
6.269629
4.426592
5.1693015
1.5328548
0.5698323
1.620114
2.3038273
1.5021101
4.948812
2.3866923
4.2483783
5.0034146
8.129466
4.840638
6.928609
9.03554
6.8555627
6.798121
5.5228276
1.5545541
7.546905
0.3515777
1.6429954
5.2012696
0.37381053
1.5046662
3.1325388
5.2109227
3.3278747
5.1544714
0.8140082
1.6901144
1.5046
5.8094726
3.5170534
1.8445289
2.5628824
3.9704337
2.2779021
3.8533146
4.350701
2.7604744
4.6471334
4.034636
4.011799
1.2768564
1.9521558
6.3233533
2.8464923
1.9555131
5.1930795
4.2453084
8.782675
4.32484
4.110616
5.0230007
1.1883094
1.1637136
8.13767
5.4397893
5.8615694
2.639654
4.448829
6.273019
7.5590277
2.3007748
9.65868
3.1097705
5.3930793
5.5232916
1.1221539
1.9842497
4.5508146
10.297729
3.8351033
2.745996
10.152199
3.006798
3.5216255
1.7858498
1.654247
3.896181
2.9881732
0.9600471
3.5121596
4.406358
3.1621501
2.270635
4.6777577
0.842605
2.4211347
1.3333515
2.9879036
3.2023828
24.35986
2.7634442
2.6171482
13.147735
5.2043986
4.1684003
1.2707285
4.8460197
3.5081224
60.386692
3.5305438
15.6478
2.4171908
2.2730005
4.289838
4.1095266
4.1159954
4.3079395
3.3065996
4.9039507
1.622217
7.430251
5.3009453
2.1865468
2.55011
0.7955488
4.94135
5.4165354
5.4855404
4.906967
30.80953
2.651957
7.987964
2.077939
4.846867
0.8260052
1.5662006
1.5039698
3.0398061
2.1272418
1.6310457
3.6568692
3.7417293
1.5068469
2.6835303
1.6663523
6.316925
1.4593058
4.0795975
4.921428
0.90106636
2.898465
12.04444
10.29109
2.2051337
1.2689315
5.0855327
6.1275125
0.94919
2.3431094
2.4272838
1.2682252
3.5644403
2.8459687
6.382203
1.6631665
2.4382122
4.007786
1.9099498
1.9017489
3.9942818
2.7121937
2.1805985
3.7258222
8.2915325
9.783961
6.151055
1.912133
2.2276251
7.1378565
6.597984
2.3243048
1.9983073
4.9331164
1.6507539
5.02712
6.474498
1.7522433
1.5500684
3.5006826
1.9331133
3.9412303
2.630977
13.181345
10.229371
9.162936
3.4121575
4.8233376
3.7519746
5.124727
4.271841
7.326315
11.076446
2.148545
2.7653706
5.307796
5.5789957
3.4742296
1.6104068
6.106004
6.0330715
3.356886
3.0054002
3.1460862
16.567009
2.1769874
3.0354466
2.5281408
5.414949
2.767003
1.9351125
4.4913673
1.8464266
13.1248665
2.5561993
2.5035245
7.256486
2.2562597
10.207807
2.611937
2.796077
5.11389
1.43212
7.2930326
0.6688817
2.408067
14.323729
4.0041533
5.1053424
1.5579559
0.9731407
1.1004412
11.170111
4.6872034
2.6619418
1.9414933
5.517188
3.7294676
1.5900463
5.1055293
6.0023947
3.3278053
8.310911
15.957067
1.1820359
4.536107
3.3655562
0.37290418
0.098330244
1.4179164
2.3183815
10.859556
8.908124
2.65266
1.6903836
4.308113
8.107579
1.3128414
7.1212
3.5514643
2.49485
7.8420215
5.0665345
2.2266212
9.407111
4.994206
3.3080952
23.08007
3.0464828
2.475067
3.7831476
1.6422246
4.2378197
6.589981
2.1827648
1.5434463
1.3187096
3.409333
2.6980193
1.8804363
3.6951559
6.425299
5.6295156
2.9731574
5.356944
2.3870575
10.037815
5.0879745
8.455838
4.3670526
9.747987
9.508485
1.7371814
7.3882937
2.4074628
4.6296735
2.3217118
2.0064678
10.325181
5.759476
7.749763
9.858473
4.475133
0.8747776
3.4504645
0.093222275
4.2573495
1.3553952
6.5007343
0.2875608
0.7896544
0.9564783
0.9053358
1.3853626
2.7061174
2.4568064
8.185057
1.6546165
0.5677803
3.7431715
7.2765546
2.8909495
1.0798616
7.4013753
2.777918
2.022102
2.1324294
2.9631069
2.856783
3.2181535
2.544339
6.6823344
4.0598025
5.333847
5.617376
1.0357668
8.957559
4.878618
2.9100986
3.784354
3.4685774
1.6641577
6.0699096
6.926082
4.750358
4.621441
4.387607
8.664228
1.639166
2.8878767
2.6386774
3.5057347
1.6643995
2.617534
8.110807
1.9459456
4.495592
0.2504934
7.4758024
3.0783787
6.305217
7.326098
7.583218
9.116831
1.4521435
5.4232554
1.7721512
3.9255471
3.8538227
5.7455196
6.9502325
4.236474
5.0285892
3.738743
2.9897804
5.491009
1.5305222
8.338612
6.07782
2.6799338
3.6914208
2.2816553
10.296317
3.331003
6.9075747
3.9602578
9.079753
2.170528
4.2549953
0.6331068
2.6314325
6.0002375
1.625859
3.7564027
5.3320227
3.6530955
8.293619
4.901444
7.8678493
4.7435904
2.0671773
4.208295
2.2584612
1.7479172
3.7198007
3.698763
9.519513
7.4292297
12.619211
3.5106082
1.3464819
25.340824
4.377091
2.660961
4.6550436
6.2053556
6.7791457
4.5669713
1.853445
6.2815213
0.9407733
1.3872098
4.1801586
1.7986944
5.6947393
4.0048995
6.083171
2.6305122
9.528865
1.4880992
2.5955722
9.421252
3.5545983
2.14047
3.2545493
3.1676035
4.1947865
1.794823
7.0490155
1.3492455
1.8279977
1.273508
2.3827512
2.2233062
1.3627111
9.344675
1.9111061
2.3744876
3.3642569
1.5296847
8.580881
3.1270752
1.891575
2.4820242
2.1101203
0.44459653
2.1757116
6.550777
7.45192
6.524212
8.530028
1.2151259
3.7477682
3.0414765
6.9669743
2.419856
2.937852
5.9658265
1.9569299
1.7588139
2.7660694
3.1976283
1.8432913
14.149079
3.982871
4.2555056
3.0482795
4.4500957
1.5018454
2.815086
18.559242
1.8235884
10.034733
6.534546
4.00987
4.687409
9.878329
2.029767
5.215988
2.2788317
4.0257154
2.3316858
5.9381256
1.4650695
4.0346184
2.578053
4.6405444
10.501173
1.9749601
2.7093992
9.607758
4.549302
2.59215
12.635243
4.109543
11.114658
6.8051577
3.3100297
3.9178593
4.5330706
6.467084
2.295518
4.0010757
4.348297
9.435277
1.987289
8.154527
2.9428275
6.2552323
2.2386007
4.3470507
5.6685214
1.3873264
1.722445
3.8669305
3.897221
8.625124
2.3512676
10.821376
8.090473
8.409125
9.13647
5.1377697
2.1020901
2.4417856
18.528173
4.29147
2.887059
9.65692
6.6955166
8.84211
7.468535
2.5828414
4.8573604
1.5071908
5.338069
16.179155
4.1430926
5.948805
1.1737685
1.489167
3.7663069
2.2809856
1.2053028
3.1298025
3.7484891
4.401488
5.3098392
10.301705
4.0674314
1.7922146
0.88824236
9.686012
4.5278883
6.2111273
1.4464495
2.7054105
3.5814743
16.912651
3.900308
3.782587
4.1294017
5.3838778
3.280226
1.5093657
2.6349282
2.242642
10.716115
1.418802
7.3981557
1.5981964
2.4994528
0.83966434
2.7873943
4.201138
1.0185343
4.9371033
2.0969834
4.646883
6.9665747
2.3240697
1.38652
5.646989
2.3087363
4.3089
1.5818734
8.541111
3.381294
1.5299691
5.1820784
3.7479305
4.4246
4.9621205
2.3082135
1.0586277
13.1421585
3.8979073
8.358544
3.4525642
4.5608883
3.9286265
0.9783589
2.7059321
2.9170313
1.3745052
8.11647
3.000005
5.0960674
1.92926
7.4991684
9.541129
3.8116066
1.4470391
3.7639337
5.0961537
1.7089444
2.2497663
1.8827308
3.5164664
0.80532855
5.922979
3.2555826
3.4183004
2.448131
5.309717
3.9885526
5.535492
2.2287297
7.221523
2.1627505
2.957159
2.7958803
4.523128
0.69502574
3.7432585
21.25838
2.3272123
3.7237532
7.8742466
4.218127
6.6980166
1.915411
5.2907166
4.124153
3.960244
2.8332944
19.762047
4.4206142
8.251174
7.3787074
13.170665
3.9275112
3.207567
4.1667466
7.494844
3.0893285
1.2519978
0.91392446
2.734523
3.0412664
4.119275
2.466142
2.2428582
4.739558
8.434512
5.407009
4.910114
6.2981324
6.3189564
4.4085197
9.227802
2.4634147
3.741134
2.2401056
6.6362677
4.896969
6.2945747
5.07506
3.278866
3.2295492
4.523738
1.7961601
2.057647
12.513905
2.9325786
2.988006
6.2667336
1.7543951
10.627859
1.7031369
1.3467418
3.2230365
2.1754007
3.514852
4.756563
4.218982
8.840605
4.2162337
4.8740854
3.9176102
4.126534
5.5762897
5.2194023
6.760699
3.9457734
3.1574922
9.6229105
2.7862518
8.622598
3.238997
6.8174877
5.900793
2.7500896
3.4052517
3.095544
0.7573645
3.4303958
4.62646
4.589746
1.6906525
1.4674479
1.1303807
3.1711185
1.5381708
0.725577
6.6143746
3.6195457
3.2649384
6.3263326
4.29737
3.9652026
3.0195794
0.36519444
1.3649577
3.2326338
6.2790027
8.074928
4.803967
2.6902797
3.8248518
2.6457489
12.2618
2.0765603
4.6113863
1.8205845
6.5296974
3.3213637
2.8387787
2.181631
1.0662307
4.1876125
3.3542004
5.407621
4.045929
4.782952
3.7871802
2.6496918
4.511387
7.406526
12.516285
1.5457312
1.9203885
2.2596762
2.2786047
8.75099
6.278315
2.353163
6.4466057
2.7070704
5.9191833
4.760614
3.8678493
4.4586453
5.440953
2.5538895
13.665383
4.2529335
1.0848076
6.0118604
1.5225776
4.6001663
3.7587001
4.2106366
4.1771994
0.76401466
1.5399895
2.2909725
3.575329
2.0237668
4.0219297
3.1295147
4.998917
1.8977208
2.0592902
6.055251
1.6095122
2.8758101
5.9801726
4.146797
5.0100913
13.51114
3.7554617
4.4043
8.056946
1.4311547
3.3088982
5.3426247
4.9390154
1.9440185
1.8104905
0.4177916
1.7723395
3.7925425
1.3917667
0.83290076
0.6433188
3.9941401
4.367073
3.3470304
1.8768358
3.140522
2.900064
3.4961424
9.802062
19.75823
0.82682705
2.5780826
1.4863604
2.326144
2.91314
5.627399
3.4542952
1.4032947
4.0656023
9.426022
2.4168448
3.7013927
1.8951601
6.470315
2.674145
3.3825386
6.096487
5.008337
8.438423
1.4074169
2.9892807
4.022993
4.1522484
8.155208
1.406211
3.4540205
5.2762365
2.6691248
0.70698434
3.5305254
3.9497113
4.0612016
3.4968934
2.6745226
4.620186
3.5013013
2.3990452
1.1892056
12.459759
2.253736
8.762882
2.3686895
0.8337454
4.169463
1.6673828
0.41957152
3.4396195
6.27976
6.96782
5.5665507
2.5187588
4.613823
1.662958
3.550019
1.8025988
3.7948427
4.3174987
8.983605
1.1460607
4.9309154
5.4664526
2.8264785
2.096153
3.115391
1.3614067
2.9650848
4.959921
5.24161
1.2279259
4.3595448
6.720826
2.06658
4.6507354
6.840896
2.3538475
2.8151574
4.1148973
13.909679
4.1235147
17.883522
2.1203926
2.784842
7.0169396
10.053764
3.85412
3.9988165
2.4604056
3.0454426
2.8875053
60.271847
5.3586817
1.594269
11.236126
2.9056075
5.5173965
2.9513206
4.4389753
4.5792866
1.5492721
2.662447
1.4203099
3.7852023
3.2127883
4.8567224
1.0745867
3.6136293
1.173382
12.933408
7.1438365
10.866435
4.8225145
1.932805
6.2549543
4.3679423
4.6232824
2.6288843
4.6120095
6.0359073
4.3596396
2.3662686
0.93854487
3.754293
10.429737
1.4359798
2.7110634
1.0207853
4.6610537
3.2810707
12.585424
5.871123
4.0955253
2.6991723
1.8079774
1.1073797
3.6679444
2.234819
1.3853086
1.8371452
1.1120324
1.3921736
12.530169
4.978154
1.5729051
11.084236
1.3295114
3.6102254
13.434503
0.5445842
10.187749
3.2672808
1.5490994
4.789322
3.4946706
4.733963
4.3588967
6.5535336
5.250161
5.0438323
1.9374765
0.90933293
2.451003
5.726367
2.337276
6.809435
9.195722
3.7930882
3.777237
2.1266134
2.263502
15.865866
2.0863166
7.188775
2.8745825
2.9044542
5.683371
3.325063
5.617346
12.768271
2.8130429
3.9188652
1.6584392
6.8703647
5.853971
4.5860023
5.0751853
5.277066
2.077425
7.1510897
3.242609
3.2767823
8.007771
2.5422723
1.414778
6.945796
5.234447
4.524251
1.2910501
10.6891365
5.7789297
3.9360552
3.173292
28.686274
4.9673905
7.0061207
3.6533256
4.358192
21.901114
0.95240045
1.9027612
7.0302677
5.1123366
1.1732273
3.5356648
3.6126919
6.9424853
1.9923726
4.3161945
2.080814
1.686637
2.152246
10.826858
7.906694
4.2444153
3.6444187
7.6399565
6.9632416
4.799215
4.3287354
7.9054966
12.868326
4.1076336
6.860584
2.1001656
3.5664277
4.3471437
14.787075
1.1504354
8.976178
2.9428964
1.6568748
2.8153455
3.4786932
1.125281
4.14615
0.557435
7.369796
2.4887972
4.8768206
3.9977634
3.6495385
0.98845863
14.134971
5.6457543
3.62692
5.9726844
7.2000537
7.576083
2.0940754
4.821981
10.084101
7.267348
1.0658563
1.5493634
2.9225247
3.538623
1.3467386
2.8232312
6.4655237
7.6520596
0.61381614
3.7425253
1.5994929
7.6033773
2.4475513
2.297195
1.6290599
2.4500728
1.8636396
3.789255
3.3190057
5.695511
3.1376016
6.498858
10.8298645
1.7750413
9.846673
0.70211947
10.014776
0.96114457
3.561521
2.097645
0.91679215
3.2477655
1.9010841
3.6318662
3.0126028
4.6882987
5.244341
2.5841908
11.036887
0.2951035
2.910036
1.7438781
0.6989732
18.635132
2.4301448
8.711081
4.738935
3.0224977
2.6282918
17.565325
0.57241327
2.880192
2.0953803
5.679317
6.287999
3.130223
1.7353566
5.5671887
1.416458
6.410713
18.106451
6.856116
2.4098742
0.8937581
2.2783537
4.077564
5.106548
3.892881
6.5717006
4.046798
6.8738265
3.022078
4.793534
3.1387944
2.4745362
1.3147746
0.7093485
3.902507
2.6121795
5.4191303
3.977984
3.4735544
4.8904595
4.4413757
6.139089
4.1242347
28.397823
1.2934551
5.971894
3.716745
2.1869223
4.346705
3.2874436
6.6497393
2.2857385
5.1851077
4.2966456
4.514206
2.0438616
3.8824382
4.1876554
11.630227
2.5373058
6.0955505
3.332638
2.6180341
6.431754
2.7149878
4.124948
8.340342
12.617689
4.0486345
8.293561
5.6226716
2.6907985
3.6764848
1.6613855
4.864051
4.1314216
7.5935054
3.056564
2.1776073
6.5987496
3.322683
0.42759144
2.656736
3.43414
2.1590316
2.3186045
1.2100298
1.5883431
3.798438
5.7565613
3.105823
8.206518
1.6645126
3.5064952
1.0827295
2.9147465
8.236313
2.0301921
1.5070028
1.4325804
9.366423
2.641103
1.8132842
1.0815982
2.2341375
7.9549613
6.353063
2.2483928
2.8345287
7.1093163
6.678215
1.3023801
7.7222085
3.9599044
8.953607
14.475588
3.2618165
4.965954
4.940042
18.131083
0.97117954
0.7587065
2.915504
1.7673156
2.0569036
2.0088472
0.9910753
8.715678
6.7443957
5.976875
4.293393
3.4040196
8.174878
2.9408877
1.5257641
6.3504677
1.6541291
2.5134828
6.28231
3.350484
2.1455586
5.5054317
0.46473768
3.8183193
0.7426545
3.4793055
6.0832934
1.8465813
3.7342687
3.7408998
5.4704523
3.997421
2.7885582
1.334918
3.999538
3.2779982
7.1548057
2.5672562
3.528443
6.9516892
1.7533245
5.2619557
8.691885
3.2140508
1.9186957
6.330115
3.6735685
1.9272308
3.7277102
1.529338
4.8123846
2.379854
2.3577683
1.0791897
3.082493
2.042451
9.337709
3.7744653
3.2558498
3.1654837
7.95339
2.7471368
2.9571457
3.1726363
5.073004
3.3436255
5.7161083
0.89685345
4.606549
10.02094
5.0742464
4.6977825
7.3641467
2.343028
3.4458168
3.3551614
6.6344194
11.483438
3.041152
3.1929288
3.0055382
7.18025
3.7666268
7.381777
6.0536118
2.3483946
2.1411862
14.750338
2.2382643
2.5904305
16.076338
3.8856072
4.280036
1.2337506
3.9828048
7.1031713
5.097013
1.4182328
5.148158
4.587358
13.679793
2.1158018
3.0572286
1.9620612
2.978702
2.1383376
4.9873013
10.784755
2.9930975
5.193506
4.192318
8.984193
4.747195
4.8003726
4.995216
1.6810453
1.5843743
9.888336
0.95202523
1.2580266
1.5474465
5.2383537
4.81776
4.8675575
2.6881635
5.499117
2.1673064
12.201176
21.941261
3.363245
2.617749
1.697326
1.0587255
4.411019
5.25214
0.6273464
3.8505816
3.1202242
1.5185099
5.2667866
3.9003093
1.3483164
0.81486356
0.883125
14.441529
6.370248
2.776775
7.158208
0.8063039
2.4145722
4.189912
3.80639
8.810545
1.8526431
3.4204226
3.661811
1.8498889
2.4674618
1.3176624
4.2515774
6.193835
4.4097657
8.108763
2.8921044
10.95079
8.659157
2.1060514
9.380736
3.7690861
3.2488954
4.0980463
3.5978587
3.4713953
13.46836
6.3582363
5.6944666
4.646603
6.073231
12.678064
1.8309574
1.1631813
3.453396
3.53804
9.89154
2.2178886
3.3161702
1.3007576
4.1164527
4.4393506
1.5334816
3.4763038
2.2433472
4.24169
1.8597564
2.9319756
5.250354
3.5575845
2.2920256
3.5461788
12.486056
4.94657
2.8065095
5.8058186
3.3469546
4.077893
0.59701467
4.157039
10.061791
3.2893353
2.063626
1.2234837
17.358349
3.2768579
7.900801
3.9698033
1.8910918
3.6223109
3.0420058
4.7500243
2.9028785
1.6994629
2.9678423
10.911778
4.3004675
6.5713887
3.1152985
1.8103144
18.622417
2.0949326
4.40395
0.91122025
0.47411895
0.9107234
2.6205504
6.946636
7.5194645
3.5796552
3.8801098
3.0563383
2.292473
3.0180929
0.6705829
14.5193
2.0833704
7.193682
1.6684368
3.6694221
2.0681577
10.0597515
10.515293
4.401236
3.548785
21.299004
2.9221787
2.9829676
2.3359196
8.894373
5.3024387
1.3867129
0.24411672
1.0106571
6.606398
5.8464017
3.5726254
4.401039
0.8791338
3.1707232
3.0767324
2.5382648
4.787111
4.5648527
3.1264138
5.4752164
3.7616138
4.671422
7.2362785
0.87342876
1.4498954
1.9622319
5.125884
5.3592334
3.975864
5.4487514
4.512179
6.486201
3.4189496
5.0815535
2.7529268
5.067088
5.0337033
1.1930027
2.8941526
6.0567865
62.793804
0.8377172
3.0218687
4.409986
3.1462088
3.7063057
7.651566
2.7607715
2.854974
1.9233083
4.5348315
5.700381
1.5290291
2.401742
5.498074
11.479792
6.259233
6.7953854
3.7619905
28.127775
1.9854127
3.2964547
2.0514913
5.1396327
1.0889952
2.2280064
1.65612
1.9758487
2.0119326
1.9233019
2.4397404
16.885452
6.325485
2.594639
10.594219
2.1250646
0.50770164
1.2253511
2.8967652
5.4119625
2.3655393
2.430786
1.3313317
2.25973
2.619
5.244519
11.163892
2.8871503
3.4301484
2.3041232
4.913328
5.770827
23.213741
1.4889725
2.0965693
1.8328555
3.2674053
1.2394518
1.9901434
4.072442
5.8670793
1.2774688
5.2541914
3.6434338
3.03476
5.5233483
5.4818916
3.051127
41.39761
4.4820375
9.765159
7.4892654
6.057504
4.0988226
5.017245
6.058025
2.226283
4.839508
8.467088
2.4668193
3.012567
4.3497877
2.5779686
2.2609615
13.033185
5.291064
3.785394
1.9684175
3.5147967
0.99306715
4.686786
2.1028938
3.604902
5.338913
6.2957144
6.242905
8.100657
0.9117829
2.8568683
2.6938064
18.893469
2.8570352
4.433873
6.5793786
2.4245133
2.460244
7.3236833
3.6842096
3.8119998
5.3717985
0.5990116
1.600502
21.201681
8.276258
3.4571984
4.7215323
1.3040758
1.9564929
3.275047
4.6405
4.4386597
2.166801
4.675617
6.865597
2.4719708
6.7781577
2.521318
1.128479
7.4958515
2.403037
3.3080025
1.3910366
5.074505
4.295899
5.5698075
16.446474
4.128052
5.4699273
2.9245908
2.5119839
6.361575
2.7352173
2.8264563
6.430315
3.227205
3.9271357
3.4614286
1.6439265
3.7528174
3.339904
2.776977
5.558114
4.6878424
1.845752
6.415597
5.1382456
2.6523263
4.049798
4.0532336
2.9915338
5.4353766
3.3166404
3.6204853
3.6675882
1.850008
1.5710627
5.7409134
2.8804588
3.5347023
6.142318
7.8334985
4.6585307
3.861525
5.038016
24.869766
13.05515
2.0298126
2.481009
4.6722045
10.523812
7.0810184
1.991628
0.35733578
1.3950071
1.824223
2.7240648
5.323466
8.594555
15.336143
1.5282066
7.7573686
5.1865788
2.4949172
2.7708652
1.9679275
5.3059664
4.0969715
4.7367826
2.0962753
9.26676
8.751879
5.456461
4.4806833
3.9517057
0.49206835
1.659114
3.4594803
55.8422
8.939617
61.647915
2.6020997
5.6827817
2.6795058
5.098636
4.543362
2.3055193
4.3629613
1.1731493
9.384237
5.5521526
3.3087878
0.8716537
2.3309658
3.6988041
12.414898
1.9778237
1.83898
20.443203
5.196851
5.2575603
4.702178
1.808315
1.1959721
7.166399
1.0571699
1.7279133
3.504605
5.697288
2.63173
12.171421
1.6249597
2.6404357
1.0394067
2.8078225
2.5317888
4.4118185
5.067954
1.3894993
5.7788563
3.488196
6.7246513
2.2655344
2.0526292
7.858469
6.193158
3.5912158
1.7198931
4.2958627
5.820838
2.7325
0.9311072
11.353441
2.0151324
3.8702674
2.7378569
4.4092803
3.7128277
5.485393
3.3513718
4.0330844
2.266395
6.2676835
4.727135
20.665941
4.782616
5.0205283
0.96986055
11.065004
7.184191
6.234062
2.3746428
9.778944
11.0424795
5.9703875
1.1956724
4.6211567
8.723885
1.3422778
7.404575
3.2940485
4.2906833
3.4567978
6.273853
3.9725957
2.1632736
3.368736
3.978913
3.5024548
5.289904
2.3600051
0.66826445
4.668669
4.069421
3.6618793
3.0901775
3.2697773
13.263958
2.6779754
2.481978
3.646559
3.1092892
6.166839
3.5457864
3.6873434
2.9901853
5.4027424
3.1323378
5.2538214
8.540682
3.5268834
1.4782493
3.0843794
2.9947345
3.8678591
6.0730247
1.7827626
6.1279335
2.851257
2.2420938
2.8223996
4.3073688
1.9996043
9.256183
4.7488556
1.4539759
1.275624
4.4218793
6.786918
5.835723
2.565863
2.71762
2.7452345
0.8181269
1.1745894
5.269001
4.074558
3.507497
4.3278
2.9585843
2.4260166
8.221239
5.4917083
2.9432292
5.871724
2.8922782
4.5548425
3.7224712
1.027634
4.367892
2.4513166
2.8823872
3.6607723
1.2841665
1.1207496
1.3426603
0.94102967
1.0874072
4.024299
2.5927632
3.6356416
6.3571
27.009398
3.7376974
5.5279155
1.8670483
0.9400415
3.2994456
4.699036
4.9909387
8.783766
5.054691
1.3803039
4.4592137
5.548419
2.392178
9.674618
4.3697333
1.3054528
3.4846895
2.2620997
3.6872857
1.7985334
4.5639257
6.6454287
1.0541055
2.7110574
2.6333401
7.396499
8.468356
4.6081185
3.9544258
1.5316505
1.8534429
6.1011815
6.343646
3.9545856
0.9775782
4.9985533
2.5051904
4.7489657
4.95528
2.72172
4.039595
1.8325895
1.183732
2.2567158
1.734305
3.4519339
2.28376
5.272519
5.7687078
6.8202305
2.1510181
8.380932
10.084743
3.277944
1.4284904
0.7210019
0.45195964
3.8155375
0.83200896
4.4241843
6.793045
2.013327
1.1403164
8.366926
6.214719
6.4295774
3.7320259
2.612796
2.279762
4.6865373
5.9316154
11.875844
1.1829556
3.6987731
11.021868
2.4305372
1.0720364
12.09223
7.1853065
8.466026
4.0968523
0.6138881
1.4431487
43.787796
5.2466445
4.232935
6.9345202
9.386654
3.2626603
3.357092
5.4254465
3.676225
3.9549322
2.4384341
8.138899
5.0293555
2.610777
2.4709742
2.1356351
1.5256022
3.0164905
2.5320601
2.5139313
3.3768086
3.5407598
8.501828
1.4578408
8.669134
3.033447
1.7159075
5.831125
1.9748069
4.3079147
2.3754506
1.3211551
2.1883192
18.020172
4.806217
3.1904078
7.3089705
1.0078951
2.5614512
1.388421
2.462049
1.7457817
3.8980432
2.0877721
2.4308946
2.3799658
0.7820607
3.7692962
3.8730233
1.8516576
1.295212
4.0907354
1.7411399
3.170947
1.4165323
4.9567924
6.476543
3.694043
2.9495816
1.813097
2.6590378
4.224301
3.4226918
1.3750098
4.0318804
3.0373678
6.162115
2.7647195
4.329465
0.42868003
3.2413795
3.986647
5.286445
3.4438963
7.131247
2.13631
4.8052397
10.403871
2.4828303
1.6138124
2.7130072
5.440093
2.3196504
2.5451534
3.1650817
2.2986333
4.296037
5.8728595
6.5029607
3.0496774
3.8019788
3.3733027
6.21445
4.4178104
1.8786414
1.3678889
1.0463052
3.5740569
1.0346541
8.888164
3.9885848
6.90435
3.2818599
6.121554
3.7222397
4.3697066
1.6576234
4.0695796
7.557669
7.024063
2.130031
8.135895
3.9319334
5.400948
3.2269228
5.6562395
9.047892
7.4610305
5.1693068
1.8353641
5.880693
5.3375297
1.4061661
23.90305
5.4243355
2.3516777
3.1648948
6.1366878
1.5526788
2.743129
4.038427
0.92702174
2.9194849
3.610134
4.436077
9.34931
2.6931427
6.6646543
1.6638952
4.4497175
1.1506147
1.2525644
5.9113264
4.62747
5.0841656
3.3004189
4.359493
12.913656
5.00332
1.6422994
1.8804137
2.6774037
9.77085
1.414383
9.168868
3.986655
5.568846
2.043432
2.0376182
3.6482072
2.537412
2.5484693
6.007664
2.3995233
6.7581143
2.4521282
5.815805
1.9902238
2.4829006
1.351917
2.4773142
7.4571285
4.249392
3.9449499
3.8846083
2.3816965
4.406285
3.8003397
4.3147545
5.2665863
3.3078
3.0012732
6.738653
2.94815
0.73521996
4.0864925
10.44679
5.8796597
1.346688
2.3161178
2.5521019
3.448235
4.962054
1.1222191
4.2278075
3.6638591
1.6295428
4.121648
4.0676208
1.849743
7.1287127
3.6031811
3.3819795
4.713111
3.6286714
6.55006
2.9443321
11.371945
2.2881477
2.2391322
1.830339
7.607037
4.4739943
4.9307146
1.1865964
4.5782576
1.4088302
2.267905
12.043688
2.5282354
4.6845737
5.575058
1.0934422
2.3968687
8.151808
5.6988134
6.150119
2.999271
3.5151992
7.7844872
6.91567
1.4323169
3.1236618
4.8677053
5.0844235
3.2420263
2.5158648
3.5324795
1.2975713
0.7934238
6.2123575
3.5749488
3.3534524
8.359902
3.7614632
15.612865
2.2728245
3.5473254
16.537094
1.6535388
8.140151
12.855694
0.89425516
5.4728475
4.496302
2.4627204
3.3669927
2.4114215
1.1660308
4.2161846
1.6947168
4.346645
1.796964
4.9228263
2.5042582
19.779654
6.6001396
3.7716453
9.810122
5.712084
1.4660523
1.547743
9.330353
5.858732
5.27701
7.3786273
2.9555385
3.9514334
6.923847
4.776982
11.436079
5.053162
2.8724287
4.1450577
2.823106
3.3219159
7.84938
2.8860018
4.283205
6.1681275
6.098453
4.848702
2.4146066
7.5586953
3.6030443
4.949107
1.3318012
2.6723547
3.790547
5.833056
1.2278606
4.3644743
5.6578655
22.20845
3.9503934
2.897913
3.101428
2.5348442
1.413418
0.4346091
7.931416
4.7367654
0.6334045
1.6324466
2.525519
4.1695786
1.5596653
2.4249494
2.0713453
3.0767715
2.5185256
8.349765
2.0034504
5.947124
3.6492412
3.0390246
16.918804
5.1512756
2.1923008
5.667672
5.6339307
2.122131
1.5634868
4.290648
5.103575
7.3629923
4.823733
7.4828916
1.9671421
4.998619
2.343978
2.8020108
7.5014615
6.829627
2.9009635
3.2158263
2.2213101
3.2857006
2.043879
3.4358406
1.8700908
3.871146
3.1999102
13.36506
0.6382619
2.595837
1.7617594
5.6428733
8.334842
3.3221486
2.955509
2.6874099
5.9215555
3.6771812
1.2870677
1.8831723
1.9029143
5.007224
1.310827
4.653112
1.8361701
2.4964616
4.6374207
13.451198
2.1516166
1.9749252
1.9850487
22.901182
4.336813
4.2009315
8.045001
4.962973
6.0853295
3.9060743
7.5940104
5.861399
4.7402563
3.1219697
4.623747
1.042895
7.775192
6.5759807
2.1900644
4.1416855
1.799915
5.6417727
4.5827274
3.2017777
2.5378006
6.331468
2.77764
13.901152
5.231872
4.176149
2.4057672
4.438563
5.37469
3.3914263
5.2173104
6.0245953
1.8417975
1.4571477
3.0885696
7.796067
3.8766918
2.577067
5.7494946
0.6204449
0.47735435
2.674054
3.365428
1.9808043
0.75881666
1.1480962
7.953146
9.094226
3.0353956
7.060897
4.48006
3.7783024
0.30765456
4.4245
4.8645697
7.366844
3.8819616
2.1834316
3.057661
7.935993
65.28353
6.835255
25.644266
2.5690713
4.1101775
5.5900264
4.48307
2.769986
9.170307
4.5740027
4.848403
1.8045602
4.3255277
4.318514
3.9062343
2.4089198
3.1631625
5.8437448
3.3354623
2.7640936
12.672878
6.945624
2.9371269
4.5872836
2.3604789
3.373465
23.239374
2.3785613
5.1988397
6.0455565
2.6651201
5.162057
2.7437136
9.836754
6.356463
12.991007
10.950287
4.7844296
3.9736693
4.159696
5.2463636
4.062431
3.501656
1.8520873
17.307505
3.0970845
2.2413068
22.928991
6.4753575
1.8508091
3.1850052
3.8659685
3.0121024
2.6089942
4.270089
4.587528
4.6709886
1.9470388
2.7767518
2.350556
4.284939
0.59670126
7.240108
2.8470309
2.8916864
3.2818775
4.1851287
2.7456179
1.5763073
1.7446535
1.0245311
4.5155287
5.1899724
3.1089807
1.6198391
2.6762922
1.4291269
1.0573204
5.672064
6.861305
2.077335
1.8713187
5.8250484
1.9909734
1.3455135
5.5812154
0.46331075
12.865515
6.6139274
3.9537797
0.51320434
4.1201506
11.930817
4.0638094
2.3484228
3.8040142
0.9603994
17.777737
4.2147355
2.848925
2.8195903
2.7776148
4.787252
16.12252
4.026413
8.0475645
0.6491047
4.6720505
2.4532967
3.111047
2.95966
3.2332385
3.0403247
0.7759413
4.7384953
3.9688842
9.888849
4.7058144
3.559011
4.2287245
3.6856694
4.3265123
3.0377479
1.1127027
3.4413288
3.750174
2.7447178
4.5497026
3.6776814
1.5048662
3.4550464
7.6172776
4.152985
5.7676716
10.665698
4.881165
3.0490856
3.6931856
2.835085
3.9792705
1.2354069
5.0727544
5.409065
4.5649347
7.007134
6.0717387
0.6821057
5.350562
5.4084125
2.596536
0.97482336
2.6697898
2.4234254
1.5132258
5.2288384
5.4284487
9.376938
0.10854002
0.70928913
6.6435823
6.850617
2.6997023
4.191565
7.2151465
1.6424675
3.047784
6.572724
16.318403
11.120779
2.550455
16.951561
8.849535
0.10915147
0.31921202
3.7423031
3.6749701
6.5157685
3.585533
6.5249543
1.1334919
2.8328557
1.2552698
7.387097
0.90215284
1.8639201
3.1417162
2.9179654
1.9202331
4.870044
1.6157405
9.333287
4.9936175
7.5173197
3.5785317
4.2138863
2.0319571
3.4459226
1.9431798
8.117432
1.6991119
5.652858
7.6479597
3.559294
2.977478
6.0585685
5.992342
6.3655148
3.5575268
7.92244
4.8692107
5.1106005
3.8539948
4.7506485
5.3118734
2.7145944
5.284985
4.2323833
4.995523
3.6402812
7.396858
6.6114383
6.316644
4.4413457
5.461835
13.725861
1.4929394
2.6486957
2.0839994
3.947069
2.776727
3.5252404
5.5175977
4.587135
5.5978923
6.577136
2.2110412
53.231377
3.6042974
6.7043076
4.0731335
4.3523455
1.3040199
4.8128467
3.0164704
2.9198503
6.0415277
3.9386325
3.93057
10.403396
7.683644
3.2709067
2.311725
3.7835853
6.333927
1.7204707
6.644333
4.7855644
4.873816
5.5546827
4.1171856
3.2120936
5.297244
4.1464634
1.6443835
2.1387992
4.6164355
2.9175637
5.9370565
2.5304542
9.913652
1.4252198
2.860032
2.0024157
6.2456994
6.797884
3.281364
5.3450437
4.335833
3.470054
4.0535116
5.145247
7.9255457
6.903292
3.4308689
12.342762
3.9987586
2.1000006
1.7711897
4.576689
1.9342494
1.5485395
7.278058
0.4431351
4.4904
2.5369148
2.4682539
4.6668286
1.8928685
1.2507125
12.504921
1.8144479
3.2734392
5.4015875
2.329412
4.3522615
5.0247326
3.7677155
6.689286
3.6624959
1.899256
1.5146047
1.4717593
0.7119974
6.098082
2.5412993
2.8782818
1.3607826
2.95795
9.371818
6.3020015
2.1325648
3.2201598
3.8128662
3.9584057
6.2971635
4.403213
2.1575758
3.02381
7.010273
3.958899
8.6095705
1.4399886
2.095719
2.5692415
1.8998772
7.959657
4.0157995
3.6197917
5.6459136
5.0907016
12.3054495
3.9137805
3.1196368
5.035737
3.7256997
4.7555428
7.1411877
1.4410897
7.5007586
1.617021
4.0185575
31.396494
2.732793
1.8435904
3.193797
2.1340942
1.5717249
4.633751
4.5035524
0.9577666
2.3423164
2.0230298
8.870755
1.091034
3.4879427
2.384623
2.8749566
0.5730933
3.2197545
2.0598075
1.6485008
1.5881411
6.4278474
3.3708532
8.901883
1.539398
4.21462
11.866234
1.7864566
3.1702383
3.1653192
1.3282825
3.1240928
2.0705996
3.616102
3.3323045
3.3826008
3.7363157
2.4854348
4.2312427
3.945664
3.4372616
2.2665117
1.3026973
1.82299
8.387586
5.704982
2.0833347
3.0887053
7.086104
3.5231671
1.1512172
3.7794375
1.9412323
1.6157311
1.6667627
3.4903576
9.249026
2.9395387
6.2704005
0.5004965
2.8569465
19.290497
9.199286
2.4710777
2.4092672
2.3320444
12.135646
2.7772992
0.6913182
12.373191
10.773371
4.976121
3.0277162
2.4691718
8.305875
5.4345922
3.2431595
5.274481
3.4851725
5.8028274
5.4815264
5.3424954
4.11248
5.825881
6.8222685
4.0868797
3.2087367
2.9734893
5.071063
3.7732122
3.1891832
7.7447314
2.4090142
2.828575
4.133019
13.781087
3.2982273
11.176267
4.041704
2.9245596
63.75638
4.4734654
6.732205
3.2084749
17.347412
6.9126053
4.343852
4.2293997
3.2433898
5.162566
1.7837133
1.9126215
26.625303
18.980862
3.693788
1.226874
3.4010875
1.471447
4.148527
2.7982183
4.101395
3.05418
4.183202
3.8894513
2.7360117
1.4378933
2.113724
3.5689523
7.5722766
10.471862
2.5876443
6.97294
2.805286
3.5509324
2.6422122
6.1513605
3.8566892
19.332304
8.51344
2.8458507
3.0036428
27.338652
3.6836703
4.3355756
1.421081
4.4132347
2.4265094
12.264551
2.5939908
3.0830178
1.24852
5.4538183
3.469405
7.470617
1.0347598
1.716734
2.4978826
1.6190674
1.9499418
8.132338
1.0709541
3.7957585
4.874287
3.0446508
4.9772286
2.4723904
2.8804207
1.7322464
1.163702
1.5132201
4.838385
2.78853
0.57326174
4.1184144
7.1950665
5.215445
5.0876565
5.451329
1.3033656
9.498835
2.5731611
3.6663053
3.981877
7.592818
2.5770357
6.4988
4.995066
4.237431
1.6972322
3.641552
2.7458723
1.9206159
5.4822025
3.5711453
3.998546
1.8956532
4.1733475
2.5006776
5.3176713
0.1696443
3.2281191
3.831302
7.0018363
4.0200963
2.3299282
1.8464392
3.6758583
2.9874797
6.698037
4.777332
1.2881669
0.27173853
1.4097612
13.844043
4.2381005
1.6738795
3.7081606
3.3038144
3.5183332
48.417027
1.2790488
3.102566
3.9181163
4.0510325
3.8056064
3.1578236
3.195962
6.2494965
1.0616316
7.6606507
1.5346211
8.551595
3.94671
3.682039
3.324383
1.5338703
1.8269068
3.3265307
0.6489847
6.274143
6.2481456
4.4256053
1.5968146
2.602581
5.1330786
2.582925
2.972198
3.517343
3.8508122
4.390437
1.3340322
1.6858001
4.0816736
11.370714
4.1575904
2.3440695
4.1615047
4.5568037
2.2637486
15.147295
4.7361555
3.4773304
4.9546657
6.7812004
4.7335377
9.043152
5.9074373
2.2155793
1.3993757
3.2329926
5.39355
2.6379669
2.7944567
7.6494274
10.925661
5.402135
4.6618624
5.079623
1.5970677
5.247613
4.8185954
1.7395402
4.7440915
1.6329305
4.9547057
0.4821926
1.0586168
23.86297
13.866788
3.1582267
6.4588213
3.4927905
4.8113956
1.8282331
9.296458
3.2496142
0.8873345
4.3469415
7.1280503
1.4268868
8.299274
2.6385007
3.1432416
2.927309
23.78226
4.8557386
4.16492
3.820673
4.205148
4.5659814
1.8664867
9.216484
1.5080541
7.284235
1.5565717
5.4344363
8.848842
5.1477633
3.288646
7.8486366
3.99731
2.457523
1.0259076
15.108979
2.6111233
0.84410685
5.2975593
4.673604
4.719455
16.479668
3.6683378
1.8972144
6.7202806
8.576623
5.460514
6.1459064
3.9624743
2.7040966
14.392104
2.1906896
4.0674396
7.3029947
0.88237685
4.166326
0.7622774
4.419145
5.47211
4.810975
6.7392807
9.721971
0.5764314
2.0289056
1.2644632
0.91671616
1.2457488
1.7755146
1.9469596
1.3249692
8.862822
5.298082
3.3844118
12.586155
2.285961
2.7932177
2.4189067
2.3872097
7.1232142
2.8231091
1.1726692
2.9928753
3.1095488
8.534885
3.959325
3.48395
3.2496452
1.1656408
8.351503
2.386518
2.5319612
1.8967408
1.2884039
4.158482
7.449444
2.2732193
2.0012627
3.1107576
0.5747188
1.1224514
2.5645244
3.0080402
2.7400906
1.9300796
3.2741942
2.053919
5.156496
7.4405437
16.990673
1.10524
7.8759575
15.982902
3.6482458
1.477708
7.21655
2.8992908
2.7703185
6.062094
3.1723
7.5558324
3.1865623
0.8622014
6.512142
7.692537
12.584168
3.611798
19.752712
2.0878067
1.1478333
13.126074
4.579679
3.4923549
6.2934117
2.0892315
1.8715154
1.7427588
4.7649937
17.379473
7.022453
4.6129704
4.0436077
2.436678
4.3522635
3.5382166
2.9376082
2.39434
3.6692805
3.807149
4.076164
2.2099388
4.040301
1.2011753
6.2301407
6.7925973
0.94955784
3.4395308
4.1203537
16.245993
1.7623606
8.184357
4.1918216
2.1842406
3.889722
14.434743
4.7903113
1.0878581
4.305361
3.1617274
6.0672493
1.9630829
3.1634984
2.1592097
4.2051063
7.5918016
2.6377237
10.319009
15.58588
8.84503
9.577387
2.298757
3.3880653
2.7178428
2.9763243
6.29183
4.663261
3.5322602
0.17159928
4.485561
1.7534989
2.7412627
1.0197185
3.9516308
4.395533
5.111169
38.12903
6.7618656
3.8337834
2.3623219
6.0705166
3.6434171
3.396002
2.592931
0.97646564
1.7666854
1.8383002
3.8361306
7.2175665
6.460418
0.7102593
6.2666507
4.4000688
5.6954784
3.8229718
3.0699363
12.381153
3.1879857
2.2160306
6.6992445
4.13858
2.2292078
7.891041
2.6219192
2.4197075
11.161505
2.0530329
8.524968
3.8203702
2.9906905
1.9432143
5.0467553
4.752056
2.0837955
0.5317628
2.3160367
3.5642748
1.4633359
3.5083535
4.7959037
2.6417298
5.631053
2.6719522
0.9614803
1.977178
3.4136224
2.5938096
1.7082528
0.9681191
9.354832
2.5907216
3.9439635
9.964842
4.0182495
3.8158386
2.152951
7.4058795
3.7036545
4.9637737
1.4052701
5.7911963
4.4094934
3.4744468
5.571364
6.277923
4.0812955
2.6350548
3.0486183
3.4785137
4.442199
5.5303154
3.0964215
7.129974
14.012245
2.7818172
1.4409959
1.5721849
3.0582757
3.8319492
3.0944092
1.1846002
1.072561
4.072597
11.626567
0.43082488
5.685208
3.741376
2.786385
6.1611958
4.041996
3.673962
1.8691505
2.1531048
7.1658206
12.178778
2.412922
1.1689507
5.1826067
2.2130575
4.718522
3.281409
3.3277497
5.5011344
3.6506188
3.4665878
4.6919713
3.1447735
2.2088938
12.912679
4.3121095
1.8908415
2.8040497
4.6366534
5.206424
11.220283
4.820001
2.3354268
2.8964584
5.949628
4.3120785
4.2345657
3.7525673
3.638994
2.7407835
6.4556
2.1291666
3.962642
0.87116045
7.3977575
2.4647474
2.1591053
3.0544074
3.1603944
5.1552234
1.7935871
3.9807048
5.115466
1.2562943
3.2723541
3.7660453
9.193611
4.909674
8.146239
1.0235662
3.2959957
2.439714
6.3337903
4.6708965
1.1037931
2.364358
6.0576053
0.91487163
6.035898
1.5217724
8.326335
2.5012255
6.80102
4.7288356
2.7943254
3.8121574
1.888854
1.107366
1.0565329
7.56761
3.7462823
4.6703005
4.005238
3.646436
2.3266017
8.292734
3.6983974
4.203153
2.4704058
6.5267854
4.6390905
1.8035538
4.7239943
13.846009
4.1887045
2.6881065
7.172348
3.1215954
2.4993632
18.327633
1.1695086
4.912724
4.1921406
4.340083
2.2387757
4.6892114
1.4626062
2.5988154
3.9049957
3.754064
1.8503156
1.5663137
3.3888516
3.9843245
5.3940263
10.211064
2.9187882
8.312247
4.3433123
3.3044481
3.002136
4.250728
2.1314547
5.1723647
4.505291
4.873038
2.2229035
3.888487
3.2194378
3.503284
0.99784136
1.6515366
4.5561094
4.9611907
3.784179
0.90037924
1.1624465
0.7101087
4.1440725
4.9592886
2.55667
3.2318106
5.1620736
3.5221424
1.963531
2.3183444
3.815202
8.447456
2.7774732
4.0643826
14.066864
8.535499
1.970951
5.070352
3.6019216
6.278463
1.6411444
1.9446131
15.2455
3.616232
14.13115
10.704077
0.9481485
9.761394
2.5669012
1.4789928
6.82475
4.619341
3.7499661
10.936018
1.8695607
2.2445176
10.386279
5.4834285
1.4265921
3.2041848
1.4955146
3.421029
1.9739945
5.3852124
4.8360686
2.6101043
4.399794
3.3118505
2.8094447
9.084307
4.3264227
4.8730874
2.6811059
4.799253
12.314633
2.7820814
4.8739505
2.4435582
6.5025263
1.3057752
4.4130654
3.5105917
1.2086363
2.8424935
8.589452
1.4795681
12.380125
7.2683263
1.8155863
5.9564548
5.3059654
0.9456886
4.2643223
6.266186
3.117688
1.7355431
2.6470354
3.4706435
1.1661421
4.98232
4.369211
8.610493
1.3553083
1.6483861
3.6616466
4.0875087
9.085086
3.230193
2.4243217
3.7142057
12.700976
1.6019742
3.7744327
3.9944172
5.765988
2.8878508
2.3965425
4.502059
4.7411594
18.151045
14.283054
6.8647113
4.009262
4.76143
11.082073
4.1512256
13.402962
2.2488384
1.5017307
0.9658329
1.5737698
7.0482893
3.6782172
6.9259043
12.34621
6.1929345
5.767177
12.353348
2.0891774
5.43279
1.7692349
2.349152
8.084855
4.077294
4.795222
2.7419386
5.0876374
8.288458
3.9878707
3.2941384
48.954937
4.503793
2.112558
2.082779
4.5915375
4.0120606
2.9062014
6.502123
10.875304
3.322074
7.901575
2.5592911
4.440613
6.2145057
4.3013587
7.1251674
3.9342272
3.4943614
36.433083
1.9238183
11.54006
7.528478
6.482672
2.2054205
2.8630307
4.118544
20.35463
4.1960998
2.5164614
2.0491076
7.215573
2.302517
3.547119
2.5686228
0.9886296
52.17945
0.3643007
5.6127543
4.3851113
3.59823
6.0885997
3.6418037
2.4513507
4.6739907
1.6176027
6.6783886
2.4199407
4.2677193
3.4635758
5.828286
3.2772079
2.096061
1.6893384
4.410746
1.1543119
2.4468555
1.8773025
3.23042
7.487535
9.360474
5.347187
6.378681
5.6540856
10.050966
1.5088559
1.5326073
3.4970977
5.3916993
2.1007433
3.1267316
4.9806013
4.0619354
11.758473
1.2234825
7.228122
1.1464028
5.9957223
1.6079057
2.5695038
6.414827
1.3791519
10.194866
4.661941
1.8446499
2.9598894
2.688848
2.1504207
4.1365476
6.5966997
4.4749336
1.6801373
4.941049
5.9297037
1.686206
3.3581247
1.3154073
3.3323576
2.4792583
3.7134109
0.4977211
1.2232019
3.7489326
4.0524282
4.7354994
0.86800563
2.3130047
6.6234107
3.1603336
3.234247
3.8275514
2.2736685
2.3168151
7.346983
6.646829
1.5548906
24.752146
0.90982336
6.4068213
7.4173026
9.545575
2.641071
1.8174552
7.562837
4.628177
3.588976
1.4629391
3.657393
3.019428
4.519593
1.1477678
3.582668
2.6795793
3.7713661
4.4421587
2.6955833
2.1441464
1.5879557
0.79959637
7.8179026
3.4226105
7.028412
2.222326
1.539654
2.0331097
5.6061416
1.0478916
3.0529797
2.9872003
3.4206781
2.1135468
3.4542634
2.9870796
4.832435
4.1333313
2.4302428
0.85125095
0.76389253
2.897821
6.195863
5.2672544
1.5548512
6.6162987
11.349569
1.7810445
1.9757882
4.3106017
3.9893885
2.254435
5.8743925
5.0610733
3.4445117
3.553643
0.853535
7.815014
8.05886
3.8219817
3.4191716
1.902904
5.1141624
8.938029
0.96578985
1.7247179
4.9271507
7.423029
3.1230114
1.850455
6.507698
4.1001234
1.3359464
2.9798405
0.7350542
2.3327575
2.7350197
5.60498
2.7414918
7.498304
8.992281
2.0054126
5.288654
0.7971923
3.2818084
20.958357
1.2935768
5.2301626
4.710877
3.6131186
3.7293859
6.055043
3.7374778
2.0446794
5.4679484
3.8776095
0.40876535
2.6467042
2.6697803
4.4937882
6.515333
3.233065
2.053665
8.523298
7.42075
4.081673
2.7634933
2.7133515
0.9378565
6.023398
2.6341865
4.5348215
1.3965749
3.474271
5.5674033
8.154301
3.4657526
4.429044
5.185721
3.5468574
3.7727158
1.231424
6.242441
3.7032318
9.510733
4.294538
1.9830523
2.8385777
3.1443164
5.808291
5.598818
3.1353707
1.5977834
4.3445654
0.92915004
4.8164053
3.8316665
4.3407784
4.4550586
4.1811733
2.3821187
9.074485
2.6415567
1.8849921
2.1044827
4.5145416
3.2354693
4.335742
3.3653343
2.0395916
5.1308236
5.3527865
3.0837185
3.7129116
6.806418
5.5581665
2.5989368
7.6688695
2.2196934
7.437661
8.717044
5.029385
5.3466363
3.1816776
4.5945635
3.931992
4.3746657
6.332498
3.8760855
2.650486
7.1252694
4.6102214
1.650978
2.7108796
1.5326282
8.462103
3.9030252
2.773405
2.851816
2.9640315
5.427494
2.8780272
4.261075
2.8333466
3.517875
3.341608
1.953205
1.5148358
7.344439
0.42288372
3.2771785
7.985109
2.1148496
4.503581
4.8249235
5.3602977
7.741627
5.386951
4.395746
3.550143
6.7286067
5.1175685
4.9459906
4.4815903
4.8165364
1.7232218
8.404159
7.003708
10.035387
10.885701
2.0701134
4.8476024
2.2547581
2.740348
3.7937481
4.0355773
5.5514727
5.2333255
4.131082
0.6273624
4.1132174
9.050099
0.15027423
3.6280203
3.98681
1.7768838
3.3333893
0.56434155
4.7170496
3.117621
3.871187
9.742536
3.1778362
7.737787
1.2288538
0.8601156
2.1533215
2.131122
3.1276581
4.714078
0.90037876
1.4851496
14.934132
4.0956216
4.032902
6.237502
2.5704057
1.9550012
6.8016195
5.8983054
3.6503625
1.9230224
3.695332
4.756042
0.45490113
3.5341148
4.1106563
2.2723606
6.678328
7.9523735
1.9411497
3.1459239
4.290408
12.1443815
3.7902567
6.313457
2.129932
1.9432437
2.7167475
1.194403
5.146928
2.8055127
1.4574614
1.8473623
2.8067575
3.481426
3.8850439
3.3825626
2.5215623
1.5527532
2.9898107
3.5032659
4.08389
4.879083
3.8042738
6.548944
7.4636016
3.2216487
3.6014235
1.5118891
6.38736
2.2207723
4.516106
3.7767177
6.674409
1.323482
1.2978991
7.3182936
5.543478
8.402026
1.4106239
4.4831038
2.607208
3.4933424
2.2475686
3.2336252
3.263549
3.1830888
3.3020074
10.179278
1.04842
5.2297473
2.1553378
3.3996105
9.369784
5.533585
5.341391
5.692596
5.089144
3.5682278
7.244951
3.8784442
1.589171
4.432098
7.5691524
6.075237
3.5262337
1.979754
5.1180196
2.805617
1.6477203
1.2258285
2.5684748
0.6476225
8.025006
2.728854
2.0355797
2.6430435
6.0887837
3.944205
1.4244355
1.6556442
3.6437268
7.8104258
4.6125526
4.0446877
2.0599327
3.381319
1.466087
8.192383
3.8321776
3.4434288
3.0901482
2.821985
1.6044257
0.8916317
9.892987
2.6581502
4.267307
5.081779
0.90063787
1.0662068
4.025391
6.905161
5.039384
1.6105243
10.343526
2.1959
5.725237
6.4486074
1.9874125
1.2201322
7.671768
4.4867415
2.9791493
2.2044225
2.22454
3.064132
19.795568
2.043758
5.0307
0.48961583
6.062833
4.415806
6.8658957
4.0324917
3.5761304
3.2149553
3.44443
0.95618004
3.694491
12.309556
11.0049715
6.608379
2.6788347
1.94282
1.7097244
3.666373
4.7957587
8.6501875
5.4072165
8.8928795
1.1100459
4.229461
8.891035
2.7165346
5.621505
2.6548676
6.3305616
6.429476
10.654031
6.901835
2.5554228
4.3849826
4.5010104
1.5758922
3.399933
3.2026029
3.151943
12.378555
8.761879
4.353736
3.4884644
7.30549
2.528939
3.103652
4.526132
4.086138
6.6541953
2.746833
2.651374
8.740456
0.93443877
7.0277863
3.3057637
7.3500104
2.5120482
4.032764
2.8544362
4.3161016
24.509995
6.109583
6.0763497
0.5468388
2.023827
2.4763448
4.299852
1.5324509
6.029561
2.0324726
2.7802248
4.562268
2.5341573
1.168469
3.984758
20.18703
5.7103534
11.563206
2.8105197
0.63841933
4.7581577
4.943484
1.1054187
3.4801643
19.37645
2.6308067
1.910783
4.8578577
11.5787735
4.137847
14.125827
3.1038203
1.8036535
1.1633413
1.3494179
4.129045
4.90631
7.263446
5.2591505
3.222831
2.6516776
2.2326407
4.184268
11.168591
2.3976042
4.9333797
1.2272273
0.17016093
4.564556
5.144714
1.4338151
1.9630524
2.048803
1.0594544
1.5046021
2.174005
6.230421
3.4226892
5.2646537
2.6607807
7.625624
3.4323134
4.7241607
3.6711023
6.4488506
8.155905
3.0792108
1.721639
5.9654074
23.122877
3.1934643
9.699396
0.99824655
5.6263433
3.327713
4.744625
2.0498562
4.65407
0.49746066
10.521143
9.584688
5.738256
1.9971987
0.40076134
2.6596553
2.591385
2.0656962
3.165326
3.3864703
4.6557426
4.483613
2.5930645
3.2439203
6.507783
3.2071064
9.912916
1.2864323
2.8205798
4.5828347
2.5841186
1.8464549
2.7418141
13.253185
3.3318427
1.2584419
5.3743606
4.4610615
4.2674055
7.4820304
4.8926296
9.0699835
2.6718829
3.9202123
1.281991
5.651038
0.27906868
4.643455
1.6444087
6.7577953
3.0231674
2.4892507
9.596047
14.889686
5.5508
3.2200685
10.209134
1.8803544
3.06025
20.149837
2.2879477
0.81876796
4.0405946
3.0911014
1.568283
4.205658
4.3261657
4.700865
1.1172712
3.027645
6.276783
4.332562
1.6270641
3.0775192
1.9721487
1.859203
4.938553
2.4588645
1.2987638
4.69725
3.2279012
2.6815336
4.720258
3.6383438
2.1226637
8.58754
4.410591
11.870858
6.9494596
2.7487516
1.1674204
3.5812294
6.478478
8.504349
4.887015
2.494156
4.332146
7.6447096
1.4686725
0.7260585
6.209375
2.5850623
1.7484183
3.484439
5.648925
10.263978
3.789901
6.6489763
3.18848
2.8662908
3.4489393
1.8190902
1.5664779
1.8865582
3.1744003
2.7440438
2.0997722
12.295127
3.7481124
3.7551863
4.0904775
13.066624
2.2337537
3.8368862
5.2066936
2.7535927
2.5031352
9.170995
0.90592927
1.7734065
2.0740275
4.171859
9.946671
5.670279
14.123614
11.578414
0.7907918
9.866561
3.8723905
4.3556733
2.4989417
4.1236267
0.80199206
4.2795
6.0271325
6.9904017
5.228365
4.6831145
7.432919
5.589351
4.980322
1.953103
5.2780643
1.3447921
7.1596026
4.218484
5.2983994
2.6603026
5.190488
0.29999572
2.862306
1.873111
3.3445601
3.8849466
1.3708024
2.1199083
6.5745015
1.1452658
6.831079
1.9486802
4.1496034
0.29967484
2.5427117
1.6124941
1.2945075
2.138988
0.31641522
44.06528
2.1846993
3.7283206
10.094223
2.8934083
8.348657
1.8545991
15.416612
4.454343
9.429343
4.224059
4.450549
1.9047414
0.81655014
5.763619
1.7732949
4.5924973
3.755716
2.853311
5.392857
2.039637
3.8449385
1.2904105
2.201579
3.664156
3.3048573
3.4974842
2.6571624
16.997623
2.932733
5.9668865
4.139349
10.548586
7.464739
6.839222
2.1704159
2.9028506
1.4873223
3.11624
4.9205585
2.3328269
3.7559
6.9955225
1.5298109
3.6836646
4.9397297
6.409746
10.267788
4.5944753
1.4113595
8.053968
2.874968
3.3109505
2.1253905
5.367038
1.2060668
4.4346986
3.8553987
7.176583
4.1007953
9.472037
1.1541219
1.9466271
3.5530045
7.233597
1.5610949
4.620178
3.907876
3.376098
4.1062803
2.9959908
4.976513
2.0649858
1.976746
5.3685255
10.450991
5.1388
2.8414593
0.32949838
5.1838923
2.072923
6.209876
3.1423938
3.7994635
0.44588515
1.6786526
0.10994461
2.362288
3.5088208
7.125887
2.579303
4.479956
2.2546084
12.690055
2.1938703
9.501178
4.9197326
8.449632
5.903498
6.9796095
2.8865938
4.321526
1.610725
2.5266716
4.13156
7.4151816
2.7215843
3.2289577
9.000765
3.4789338
3.7654119
7.26851
3.7854288
0.90290093
2.9409559
0.69868755
2.6677363
1.1431454
7.504875
3.3084674
2.2199783
2.7595556
4.4307923
0.8826849
2.0767019
1.2781315
2.54106
1.428072
4.119005
11.684358
1.0460459
1.9778475
1.819606
1.5401323
4.783685
2.962859
2.172305
3.529176
3.25972
4.7112374
5.395901
2.0664232
5.1450443
9.1679945
1.7939682
6.7363997
3.6909902
7.0061755
2.128165
2.0400364
0.955118
1.3848193
5.8560295
5.6270547
4.192874
1.7237371
4.9649563
3.1259975
3.1642313
7.9227495
3.7672083
2.685263
2.2214236
4.615167
4.1057277
3.0335293
3.195962
2.3203862
4.869739
6.2947474
3.1705616
2.341547
7.2589164
4.277856
2.0134194
2.8879411
1.5851016
6.1003447
8.320109
4.7737975
5.3084407
4.117544
2.7317727
2.9489727
6.1410494
7.478425
1.9046587
7.414388
3.0607548
3.1066434
2.3046093
2.8595598
3.3255987
4.899182
3.2564378
3.667932
2.8913527
0.7235909
11.42386
2.2156937
2.8436642
3.0897973
4.0058722
3.6889231
4.885499
3.3323321
2.8974226
7.0042768
1.1212345
2.051353
5.3759003
5.3417377
9.44095
2.7110019
4.360452
2.714964
2.2399876
2.7898462
5.200276
4.261657
7.1106687
2.1834974
3.2871706
3.5892289
5.376873
4.2371435
4.7471495
2.5456426
5.903948
2.5488133
6.8816967
4.1624265
1.7910689
5.21338
2.0871584
1.4438972
6.256253
3.064218
3.6626523
3.6658423
2.8288052
1.687931
4.8287854
3.1925936
7.439776
3.5375686
5.41552
3.029657
3.224262
2.3274295
4.837492
3.6988842
1.9999152
2.1237369
2.5044105
3.7212539
2.0603921
2.0020497
4.587446
4.6461544
3.3602664
15.75803
1.2637455
6.784961
10.765345
4.897378
9.172818
2.7087007
5.338807
7.4885974
1.6330483
2.8016295
4.502793
2.3529725
2.9209766
3.633373
1.8768343
2.999121
2.1984785
2.9850917
3.5660977
1.4782925
1.7880895
1.4384727
6.35915
6.928104
3.9611883
4.4484687
3.3839734
4.5743394
1.3607098
3.2558749
6.2947545
5.740123
13.860107
2.0966027
2.4546936
3.9661698
3.3723075
10.720714
2.878954
7.728181
6.857672
1.539871
4.4612746
12.36968
6.594678
5.774753
1.5741346
4.0639453
10.414802
2.6670232
3.968421
1.8510975
7.0551863
6.080201
2.187566
2.753869
3.929887
7.2908497
5.610559
8.227707
1.480829
4.723438
3.7322164
7.7770944
2.891613
2.2919023
2.3896914
3.8544657
9.554887
2.646511
3.2891207
5.698926
8.952449
9.238053
3.2014718
66.43348
2.359749
1.5648403
11.279478
5.3776064
4.0745754
3.5641906
1.1109419
7.298991
2.1718125
4.8789845
0.81488657
10.287644
1.5738863
5.35456
1.8354646
1.2100164
4.2729883
3.2902339
40.134895
4.4948483
3.2297049
1.6569861
2.1407208
3.5177681
1.9189234
3.4851332
2.9543297
3.5942824
5.255115
4.9408574
0.43601796
4.7058983
5.9564877
7.472043
4.2845707
4.4532332
4.392724
3.1096966
3.2012756
4.075569
9.66461
0.7531774
0.9990852
6.2157207
4.469756
4.3843594
2.361295
2.1480293
2.3889654
2.8740091
4.789057
1.0303042
3.963344
0.9567567
4.1480613
1.6913699
3.4419415
4.9088955
4.1775694
1.687751
5.510515
7.460092
3.2222552
2.407085
4.5207076
4.928058
6.55375
4.6207695
4.143251
6.1261387
2.4585605
10.67
3.4053023
3.0848377
1.3645947
3.5045033
10.21047
2.5102377
2.2667007
6.079703
2.379802
1.155991
0.8836856
8.287937
2.8886592
13.005672
4.4845953
5.344819
4.651295
1.4884542
6.347826
2.2618766
1.4947666
3.0396614
7.367986
3.8725605
1.1765525
2.103665
3.8115582
5.782382
1.3601955
3.6303484
7.023834
1.3708849
5.6906633
1.619882
1.5330653
8.447424
4.847671
0.63856083
4.004532
3.0240514
7.313108
11.065555
1.0316625
2.9135041
12.883317
5.8443584
10.125564
4.229973
4.444581
1.3167716
2.863569
3.1102839
2.4263413
1.7457198
7.4418054
2.4501715
0.8018637
4.439723
1.1986753
3.00302
2.3130035
5.3353744
1.3913983
1.0426366
1.1112307
10.176685
4.574959
5.285671
1.3682705
0.8121379
2.28894
1.0341129
4.2703056
5.5052986
4.902184
3.7855103
4.054332
4.1371093
9.817478
11.182968
3.1091113
1.3502797
1.470283
5.224178
1.7037667
2.8182988
7.4707575
3.5623121
4.96436
2.4898248
2.304144
6.606286
4.728955
3.5527873
5.186411
11.312356
11.084631
8.203813
2.213549
7.375131
4.9544945
2.2939234
4.8659396
1.6988524
2.557999
4.420591
3.7534711
1.7841995
5.5034213
4.7446704
13.924121
6.844416
4.4970617
4.457386
3.445015
8.802768
4.8223515
3.137909
2.7409751
4.8608127
6.4811788
4.803444
1.7258788
4.3651485
6.0015726
7.337444
6.7412434
0.86175096
2.6861238
4.914882
11.353732
1.1078887
2.5713186
2.6681876
4.2970576
2.3521636
0.9428287
3.8973868
6.4740424
4.8335238
2.2627976
1.1500603
2.5099075
5.8340387
3.8858302
3.631155
2.5095303
3.3981342
21.648354
3.8329515
2.2098808
3.3087878
1.075728
1.6987505
9.932719
10.450796
45.2245
4.4691086
3.7407475
3.8217878
3.7096813
3.5748978
12.569905
1.9855406
6.529203
7.2087636
4.0713286
6.231124
8.059827
5.5445967
7.783683
2.044146
3.3961897
4.2894573
6.104038
0.28757602
5.9114447
4.860106
5.9866743
1.3156283
2.5116363
1.1292436
6.0399237
3.6360483
5.263511
8.415943
2.7744305
2.5233705
1.5345104
9.013634
1.6989646
2.6057289
2.5372326
4.77688
2.4865265
3.245678
1.2134017
9.3046465
2.2129662
0.9019396
2.9750288
7.1530704
2.0786467
5.68869
5.0580764
6.0196476
3.696228
8.857394
3.228416
5.926474
0.9874108
7.745216
2.8568795
4.2074018
1.2681421
1.3445872
2.2809865
15.593155
2.03536
7.2903967
1.1388412
6.412575
4.586354
3.3253872
4.6697774
7.5381894
4.7267737
4.703826
1.6601487
3.612382
2.8289926
1.6914089
2.1013062
5.390309
6.0637937
2.3763337
6.6956844
5.1538424
14.345386
5.702401
3.4033349
1.1785839
4.9221263
15.466957
4.019199
7.53175
7.7228556
3.4431095
2.2648926
1.931372
4.5025077
2.4949896
3.779222
0.9875171
1.7504101
3.076963
5.529399
3.5857275
2.939635
4.08546
3.7306893
1.784419
1.5656396
4.2665815
4.221237
7.3474784
9.898159
1.6541795
2.506218
1.4652737
4.070445
5.783096
10.671958
5.838527
4.7774
3.2524276
6.156221
1.7584196
2.9433074
8.709338
5.2566204
4.259067
4.299871
1.2053468
1.5362892
2.4805439
2.4046838
4.557512
6.626868
2.248159
5.2223606
0.81450856
23.742489
3.1815035
2.234642
3.9695005
2.3342156
5.040874
3.7129283
4.104442
2.0191326
2.3994386
8.018351
4.809102
2.0937731
11.023568
16.075872
7.726473
4.9509535
4.302558
7.1281824
4.9109154
9.138615
2.1290276
2.2958615
1.9415915
1.3356221
2.4557629
2.3028178
14.991916
5.0364876
2.5825188
16.30424
3.3802078
2.3271017
2.1955783
7.885633
3.7444966
7.365533
2.333296
8.621677
2.5027199
6.43519
0.87426174
1.9293438
2.6517017
3.9281497
3.8087072
2.8303332
3.2663605
5.582613
1.437558
1.9886323
2.982267
8.18491
3.0185742
11.378519
9.242967
3.0209384
0.4455543
5.60887
2.4778702
3.4828022
8.155066
4.0922785
3.6827862
1.2694907
6.340602
5.8207583
5.1245036
3.5982378
3.1400793
11.523636
9.888456
2.5973501
1.6417236
1.9381697
2.0944161
4.014232
6.474206
6.5021706
2.8883247
9.052309
0.6661905
3.2977648
2.1155334
0.6852143
1.3449548
6.717617
2.4937615
20.44569
2.2653298
2.6475866
3.8716595
3.3257136
1.3112597
4.78365
4.603326
1.8802011
8.855513
2.428934
4.0852737
3.9421976
6.575994
4.152967
3.19876
2.9587011
7.245429
3.4848146
4.805323
4.985114
3.6965775
3.1791644
11.004975
3.1924186
1.76094
4.157285
3.0858912
1.5259099
6.5506644
9.86583
2.529993
3.6621485
3.6350956
2.832501
2.400601
3.1252155
9.152135
3.6498299
8.19274
13.067814
7.8480754
6.4618287
10.815781
3.1073732
3.127987
6.7637944
5.3252015
8.519554
9.15075
2.3381567
7.1758213
1.8772125
2.5703902
2.9761028
2.9622993
2.3338056
2.1532383
14.272423
4.172277
4.286657
2.1059785
1.6352044
2.243019
8.2625265
1.3214666
7.002423
1.6296492
1.8574907
2.8207183
6.493631
4.011821
4.925634
3.6232786
0.7778874
1.855057
6.903329
1.8629719
4.116621
5.8353786
3.0721054
1.7517194
8.331683
12.726015
4.7016125
4.2996445
4.170507
8.160219
5.490369
8.263728
1.8513827
3.507767
1.0056432
3.3318436
4.199356
5.802977
4.217881
1.6896644
3.6119184
5.9023876
9.041413
3.3548265
5.148687
8.28435
4.2069983
2.409374
1.1985652
4.361999
5.5716376
9.193377
4.3722496
9.241303
3.959609
4.2972383
5.5245833
2.1216998
6.1292963
1.4089732
3.880308
3.2942157
2.1626685
2.7654552
1.96717
5.6083083
2.2365534
0.61258906
6.0341682
3.6680336
5.6056504
10.048971
7.4057994
1.525522
2.5998096
4.1672893
2.8509178
5.7710533
6.214402
2.6645055
5.103928
6.1518974
3.6802366
3.5264904
4.400168
5.576114
4.1574807
4.8809524
6.7536445
7.305369
4.486679
3.5358596
0.59573156
16.644533
3.814763
6.059111
0.94192034
1.5932275
7.295467
3.4802077
3.4941826
1.8751702
1.3993891
5.285033
2.8032422
7.948152
2.7751398
5.581518
3.5053015
2.3235652
2.8924625
9.681156
3.2286007
6.6087956
7.9773
3.486504
4.503495
2.8529775
6.490675
8.591977
5.813698
9.596688
0.8976161
6.507937
1.372785
3.3750174
2.6185665
2.5704396
2.5311792
1.898773
11.005957
0.9299842
1.6571566
2.061951
5.3317223
1.9812013
2.4458225
3.7903068
3.9389062
8.117674
3.9084456
1.7282611
2.3504946
5.004195
2.5462537
6.4671087
0.4241536
0.8857045
4.002173
5.3831058
4.235687
5.992918
5.8374333
2.647696
4.2775927
10.945002
2.9157414
4.221742
5.568215
8.480524
6.640648
7.5166864
4.822961
2.426558
1.7826114
5.4786377
2.9435816
1.8226967
0.8153188
3.506008
4.9997244
1.091155
6.3495045
4.4065166
3.165286
4.448832
5.6344094
1.7341695
1.7068568
0.88051224
11.769299
1.2976444
1.1199447
8.240506
3.753244
0.77034026
7.26496
2.3263948
1.4467311
1.1389409
1.8769222
2.7195826
2.827961
3.5991457
6.2378387
1.5174854
2.0632775
1.4827687
4.539209
4.5930924
8.39556
4.7696333
2.2369778
2.041918
3.7739727
5.1986713
4.0449266
1.2085018
6.265688
48.41541
1.8031793
2.138067
3.967894
2.9906201
28.567017
1.9825654
2.4869566
6.402421
4.0388207
2.1866033
4.6749263
3.4687862
4.403216
2.244222
8.262036
4.0181117
4.512634
0.9901062
6.245745
2.2788866
1.218075
0.48293456
8.304993
8.347842
5.3577905
4.37095
0.8528082
1.540664
3.0319781
3.0132666
4.3469377
2.049447
6.164728
2.4336433
3.5507672
1.5745561
7.232093
6.2991614
1.3075575
1.775305
8.46047
3.2138796
7.963749
1.7240746
0.7479636
6.0042415
1.7644106
3.1707346
1.7230942
1.8411387
3.2667062
1.7187325
4.249748
3.462538
5.400127
1.9347281
6.837611
8.426278
3.574863
4.970831
1.9236776
6.12267
23.217274
4.2475214
3.105749
2.6156273
1.7571746
1.60904
2.921258
2.103285
6.6146016
1.5048864
5.6041317
1.9986297
5.241907
1.3880194
3.1971726
2.9381988
18.0292
1.7908971
19.17107
6.734057
4.88605
1.6328751
4.692148
2.1053112
3.4747827
3.3826873
1.7707281
4.8733687
1.9466283
3.1611893
3.2792885
4.9590073
3.601206
1.0592968
2.9239776
3.4295592
4.5070763
1.1728201
2.1362724
3.6743016
2.2288656
3.5240176
1.3389403
3.1998343
0.5743448
2.7237632
1.9171265
11.548634
2.2688777
6.9551125
3.9851997
3.5068932
2.8763142
1.3710563
1.6490109
4.647426
8.650316
5.7551956
3.533107
3.2444153
0.7320726
4.8299
2.1685512
1.5095322
2.795556
5.7047806
2.225913
3.7888534
3.9396636
8.784987
1.0736773
2.633068
4.423615
6.915693
2.0043712
3.9415767
8.167684
8.791998
3.4403934
3.7946548
0.9248894
2.6146061
1.6929575
1.6457821
10.40375
4.5616736
0.64150167
4.943159
3.2612724
1.7604907
1.7418453
1.9410858
5.7406907
2.0047677
4.6027994
2.3618536
10.092423
9.259637
3.5862129
3.3876708
2.3529909
2.1066494
4.2445908
7.289427
42.1658
7.39956
5.70183
0.77251035
1.6920986
1.7153158
5.948621
2.7589839
9.768023
5.323165
1.8845627
6.4795637
5.0150437
2.6332817
5.9637647
2.3226895
2.419464
7.629118
3.2671926
3.9581077
3.5141022
4.2630415
4.333032
0.77979064
5.768804
3.1668305
46.502853
8.688736
4.501227
5.042431
3.4866538
0.3757959
3.31549
0.25358963
8.254322
4.53786
3.1999671
2.1095328
3.980178
5.441982
5.4273143
6.383289
16.671284
7.7701173
3.2218187
4.431857
3.6885247
5.964314
4.3282967
3.7278173
1.8001435
2.5261166
5.804114
1.3243927
2.0724592
3.5568168
1.4182458
2.3846576
2.391674
7.1671796
5.705459
3.61485
1.7455673
5.8253994
3.7020466
4.7962747
1.5559721
8.511553
8.9168625
3.403017
0.7768384
5.8538485
3.0003924
1.3326923
2.7224085
6.016259
4.026484
1.8240161
3.7869735
1.3265392
3.0236757
10.040978
3.7602274
7.1476135
1.7947356
8.911511
2.4702353
9.405302
4.1199083
2.8621488
7.162156
1.6320559
3.2125642
3.0440068
6.4432154
6.7899995
8.176362
9.960742
6.892807
3.3012156
2.3189316
4.010598
2.9576526
2.551329
0.88016385
5.952927
7.903365
6.042619
2.5619256
5.016309
2.2526798
3.192683
1.8670213
1.6079049
3.895558
3.630376
1.7489834
0.9499811
7.0961623
4.476702
6.1502137
3.935257
1.3651775
1.5995431
3.7104552
1.7802274
1.9363679
5.553992
5.073902
3.3631234
2.7013927
6.565187
4.95785
2.0881476
6.105347
3.976251
12.056462
5.0110726
14.5354395
13.116222
6.415739
2.2444417
6.038563
5.960194
2.854253
3.3813944
8.198777
8.30253
5.729024
5.4843946
1.0309728
4.0669293
1.5843157
3.3293428
2.676361
6.104367
4.9966955
10.523095
2.3016102
8.969275
1.9692463
1.9628959
4.7523046
9.202339
5.2608747
2.853496
0.4198955
4.1515937
2.7606936
3.4671562
2.1484096
4.0618095
0.8699612
4.669897
6.856427
1.2122734
3.1312232
8.320738
5.505092
6.0375714
2.1891782
5.368703
4.0458894
3.1296217
4.302402
0.7708667
3.3302286
3.4913514
4.0930023
6.6973033
4.657559
5.4674153
1.8465294
16.816305
4.4528837
4.283884
2.243609
7.9125404
6.0447636
7.4951124
2.9716609
3.7613254
3.201149
0.94416183
2.075441
4.089999
3.3189042
4.269707
2.4642608
3.7778516
5.9987698
10.772456
2.2914307
1.4695911
5.7777157
3.9124875
1.4241983
5.259557
9.866878
11.128098
0.6225266
4.70275
2.7891934
3.205665
2.935249
12.940532
4.922818
3.1877363
2.3869739
6.1383786
1.6240329
4.475999
7.601354
10.711634
2.0435524
16.46361
9.032471
10.071774
5.3789
7.06218
4.901695
1.0853889
5.467543
3.336874
3.3213415
0.5370291
4.3942146
4.0916324
1.869804
5.7250285
2.241056
3.4713526
7.839634
2.2356822
2.6134238
2.5121295
5.033529
3.1047924
6.6191783
3.393426
3.055434
7.0227685
8.429036
7.5899124
5.329892
2.314523
2.1805027
5.182764
6.4970274
0.65213275
5.7968235
3.8898623
6.6809974
5.365664
2.9361238
5.389866
3.5035398
1.6690339
3.8974414
14.719087
4.9925485
4.121655
4.770944
2.9125597
8.820748
6.0220385
7.5203876
9.18635
16.784468
4.6200542
3.0114474
4.362071
2.965387
1.7888964
4.3524146
2.2270153
3.216478
4.8394766
3.8875866
2.8959258
3.7345953
2.7607813
10.995044
0.8539707
11.941009
1.9934567
4.8239875
4.4935336
3.8588562
1.6512083
2.8441727
3.029606
2.093945
2.9150832
3.5462253
3.2696106
2.4783435
5.7852774
9.15596
3.0339792
0.9739978
5.742536
2.9655178
2.6584027
5.7313275
0.6379408
4.787975
1.9923204
2.7061515
6.455048
2.8129938
9.999598
5.6598816
2.8736434
2.9898443
2.0380063
12.319383
10.305943
3.2640579
2.3410478
4.004524
3.3070607
2.238324
1.2698395
2.1257143
3.2501304
3.5894024
0.5239295
5.5694847
1.8322423
17.942526
2.5882728
1.9476731
4.736504
4.246539
2.3459547
3.3631513
14.188872
3.4016733
12.807118
25.633858
3.502604
3.529522
4.5632696
3.0008445
3.4526374
3.776628
3.9828033
4.4715652
4.5782595
2.5660682
3.193893
3.134179
6.24621
6.1511574
1.3317946
4.575234
6.297892
5.822723
1.7608479
2.773247
3.798271
3.229033
4.8763003
2.220133
3.8549762
5.476395
2.949729
4.507151
2.2882135
5.3827925
3.3066442
8.037928
3.6670432
4.5169816
11.607086
6.1095667
3.8700395
2.5490296
2.1174934
4.694656
5.804127
4.21048
0.99782985
5.359983
2.8763015
2.456681
3.0083241
2.379732
10.61448
1.4150615
2.554237
4.7836385
0.95123494
5.7470193
22.67428
4.2494984
2.5886054
1.2586159
9.0152
6.9292927
2.4279633
1.7342966
4.510175
2.5501573
5.209085
7.13218
29.475454
10.357987
6.1056356
8.795937
4.3873277
5.642335
4.233834
9.508428
2.8842194
1.8265456
2.6861274
2.7761538
1.2126303
4.804006
4.86624
6.1360164
8.089776
2.7635522
4.2580705
2.1449435
2.7386546
3.4558756
3.447333
2.7343607
3.8140368
7.990164
3.0444329
5.44069
10.8013315
3.4123895
2.471855
1.2340451
5.097474
4.1841917
5.867508
4.689435
1.3054924
4.349872
0.81639254
1.7270671
1.3662066
4.571331
3.4677958
7.035255
2.5127904
5.0895767
1.8592584
2.9817386
7.368788
2.4822078
5.6177144
1.770758
0.27888152
2.1521811
2.3860812
3.119859
1.1794877
7.9927754
1.3314627
17.708776
4.0917053
1.7567822
1.4279594
2.3840048
18.273548
1.1792971
7.4250336
16.293283
17.547585
2.4187396
3.8388815
16.948843
1.5306791
4.303206
2.635116
2.9025419
2.2932642
4.3558097
3.234528
6.299314
2.3819122
3.7941196
1.679978
1.9930552
5.539478
7.1634283
3.1666114
3.488092
4.00915
1.2072198
2.246195
4.0223804
3.8910983
3.9263496
4.417816
3.7209122
2.543859
2.2154546
5.209035
1.5143758
5.329151
11.572221
2.3619642
5.8052616
7.6398993
1.3118461
3.5148454
4.6509514
3.3283021
1.3293839
6.888415
2.4930675
5.230053
3.3608239
13.237258
7.873727
10.148878
6.708923
3.2393677
3.7423747
4.2106724
2.8075294
2.7337844
1.5735837
2.684057
2.5689538
2.7208476
2.1347206
1.9881018
5.2658334
0.55309314
2.6678474
17.997234
4.060838
3.6989925
5.729114
4.184673
6.979237
1.6487081
6.2386465
1.0188831
0.8957086
1.9631728
3.1186588
7.3451943
1.0662918
5.3581014
8.24555
3.553016
2.6739035
6.075151
