6.5133357
4.418133
4.0900936
5.4144516
3.6167073
3.4571753
14.372364
16.772787
7.3203216
4.444539
0.8080706
5.566982
6.1239376
2.9677594
4.1911077
2.2112696
3.3001266
7.575359
2.4654157
3.9696927
2.1612406
10.270353
3.1280422
4.402671
2.3352406
3.6544855
5.9709244
9.170084
3.8168094
27.931643
2.9029622
7.693453
2.2386916
4.3844233
11.130347
19.352205
3.9153907
1.162609
9.005147
5.0509024
2.1128478
2.7926714
1.9618725
13.898037
3.3626924
2.5671525
2.4099097
20.223083
5.962907
1.6101019
1.4858822
0.82290065
1.7478857
2.04641
3.2023757
6.3165426
20.759502
2.841439
12.842316
1.9008461
10.683544
3.000664
6.8387365
0.54743534
2.6205761
1.7265197
1.9081827
4.3575544
1.9695858
1.6756073
6.105558
2.0799844
4.5835404
0.5896847
2.652138
5.7258406
20.999569
3.653367
2.7787468
17.565779
3.3596702
2.7626674
2.801168
1.6812272
6.3691506
4.810193
1.6243693
4.863554
4.865848
7.3901467
2.7620885
3.4393651
9.403228
5.350691
6.289456
4.058803
0.6499238
24.709553
2.7632987
8.976658
13.794877
8.138688
3.6465833
1.1937418
1.0128195
4.474994
3.2726777
7.0557623
5.68446
4.4778924
3.4234862
0.6187432
8.524921
2.0107949
6.3665853
1.1418086
7.218507
6.1154184
0.71904993
1.3325771
3.1267745
7.2911224
1.7736791
5.740392
6.184325
7.350007
1.7606243
3.0261774
5.853381
3.7868683
5.650571
3.521902
1.5093567
3.1864746
4.8976064
3.7727437
5.100208
5.888856
3.0549378
2.573772
5.167383
8.8647995
0.815123
0.55021966
1.8317583
0.9770503
4.286471
3.6320963
1.7115725
4.13631
1.768309
3.2814548
9.038502
1.8557513
7.504028
4.9376707
3.6539578
4.745883
1.9227877
3.9056714
2.8291445
5.4360175
5.35294
2.4190304
7.1127677
9.2301655
2.0102174
1.8205849
6.9554667
4.1489973
0.928431
3.0614061
2.2831297
3.3977983
5.7498446
12.599554
3.0190508
5.8858128
1.5998783
0.77868
1.3512915
3.6227517
7.4538016
1.8875519
2.6490536
1.4851133
2.8586938
3.9092946
3.7447207
6.0145254
1.9974304
1.4711257
1.7642022
3.5698316
2.9013426
4.337825
3.6385665
4.202364
2.3053136
6.145756
1.9647735
10.303031
2.5375137
3.491203
3.570182
1.7886411
3.263204
2.6793184
4.4187036
8.242255
3.8095815
1.2954768
2.1183228
2.7985582
8.540498
3.8578196
5.7066116
1.117715
3.9039876
7.356077
4.899063
3.7808313
3.714643
2.6162312
15.443171
29.616978
7.2031198
5.3789186
5.84651
6.0501475
3.8079104
6.0123696
3.3741426
1.1151619
3.6175199
2.9319403
3.0062053
5.219367
8.218226
6.9960938
6.8344355
1.4363742
6.654849
1.7415498
17.6823
4.3549604
1.4370036
7.4869976
10.763517
8.634647
2.6231735
2.020397
9.885981
5.346257
2.8407943
2.9786203
1.0360407
6.2379994
2.5986063
1.090794
5.0437274
5.324874
22.849758
1.4914713
4.164317
2.7046537
6.104461
6.994386
6.2504473
5.873751
2.240499
1.6922601
3.2830155
4.4622316
2.9023411
6.933972
9.9388895
1.6661246
3.0547504
0.9618548
5.2469587
6.990947
0.8973074
5.101146
9.1387
7.9236155
2.7107816
7.9176292
3.3728778
5.9594903
14.037169
3.0342307
75.005554
1.1389624
2.086647
0.8770814
2.1291149
0.88948905
1.3621004
15.884373
2.106677
3.7014458
0.5648889
1.0025927
2.3293355
1.3738854
6.013947
2.3919303
9.667733
1.5142102
3.335205
4.8597293
6.6713133
2.7320862
4.2662024
0.61762726
5.033673
1.7875304
13.259755
1.9007913
1.1451867
1.9897112
3.8383503
1.153284
1.031096
1.23641
4.376263
2.761679
4.4536014
3.8131263
9.625336
2.3311207
0.65414006
6.6404243
2.165636
5.6446633
1.732707
10.535583
9.927354
5.31282
20.011599
6.5101366
4.532759
3.2777631
6.2222877
6.610272
3.9232044
2.065854
6.476664
1.8056635
3.593585
6.842951
3.4116967
5.996724
2.4766362
3.5270338
8.481097
3.039727
4.332042
2.371595
1.6769623
9.009524
5.302341
5.0173683
1.750975
1.5951983
2.0835598
5.8602953
1.2914648
2.0677986
5.9268827
2.6335933
1.8989863
2.7036126
6.1112247
15.74221
2.1439345
17.608192
0.8481164
6.153982
1.1763433
1.7440659
4.0483375
2.7707906
3.4149544
3.4972007
3.8634002
9.939478
3.646037
3.839461
5.267212
4.0536833
7.796089
6.4310536
2.9451716
2.2121806
2.2367306
2.7767823
4.2252274
5.501539
1.5875877
2.6049495
3.2779658
5.046352
2.7678542
2.841001
4.865158
11.62564
1.2542058
3.918265
6.3382106
1.486193
27.60702
4.596933
9.635742
3.8213031
2.6246407
2.2688456
1.465728
22.501286
3.1720757
2.0756814
1.1389505
5.0789065
2.5035944
5.908399
4.051807
5.030196
2.8566284
5.2402673
1.6936051
2.042635
1.8899301
4.332832
3.0815928
2.257715
2.3912945
3.0956485
4.102139
1.7116637
2.0193956
0.81736076
2.8984632
7.1646953
5.1164255
4.911729
5.7928886
0.9796568
2.7305102
2.1749952
3.8644748
3.040016
12.276867
7.7084537
2.3569493
2.3339453
1.1206845
4.864265
2.403249
3.7039938
4.0878315
2.9802656
3.6947129
3.1721666
8.700331
2.4225504
2.545756
7.9336176
4.9116755
3.8466094
2.543195
2.7356355
5.2379208
6.069978
3.0983763
4.892524
7.0014896
8.661995
10.11701
3.7142797
3.63282
8.787851
11.883503
8.664608
6.4678726
2.3493838
3.5019836
13.908858
2.7519076
1.1438699
4.9443016
17.16846
2.7957253
10.283206
3.5533526
2.7691517
14.287776
5.6741967
1.2749027
3.3212547
3.253046
5.3955584
3.8923922
5.5267253
3.6067948
0.5755991
2.786479
14.008182
33.896015
7.2501516
4.642886
2.2840834
3.4443827
6.3494573
1.0857723
4.014226
5.1145196
1.2961086
13.267334
1.7013527
11.739501
2.4317234
4.3160305
5.14997
3.3675308
5.1734033
4.8961744
1.5276182
2.10885
1.892265
3.7974682
2.1696627
5.563406
13.296263
6.253021
11.050776
12.443556
3.492755
5.2877
6.1091957
2.1317012
4.765833
1.5300419
3.438797
0.57214046
12.111415
5.9910116
3.4006588
3.2859902
2.5808089
2.09603
2.9242022
5.476819
11.3685255
32.773003
11.231664
3.3651288
6.723347
6.0103946
1.3499725
1.711767
7.1994867
8.282364
2.4266734
4.731126
3.4145489
14.713329
1.4645128
2.5632718
3.6638162
1.6896347
8.221128
3.515813
3.107958
1.5840948
10.063968
1.0268111
4.5840364
3.0746872
7.061657
0.77675223
1.6193193
5.5187497
6.478113
5.3967733
4.3820314
5.502547
5.755446
5.3893185
2.3991625
2.0917802
3.3479404
7.5043097
3.8821115
1.0692844
3.0447485
5.4671545
6.6927366
3.0597615
2.434708
7.5259566
1.8779331
1.3781655
8.634901
2.8795702
2.722488
2.6871104
4.1163926
4.272355
1.6457158
2.770421
2.6577098
1.8969465
1.1344714
13.474558
2.534113
4.5738688
1.6105732
9.516623
2.6020153
12.915609
2.0665033
2.1907973
3.2981434
4.2883234
4.515896
3.1461654
2.503745
3.2932026
3.2700527
4.4950066
1.7481456
4.6044784
8.445908
3.8432877
3.0246983
4.356879
1.8550044
2.4190283
11.684664
1.9004301
5.2446465
2.9970636
2.3047304
4.152733
2.1423407
3.56766
13.778355
67.17568
1.8539094
2.1649249
6.344935
1.6160028
1.3446336
4.354151
6.586687
2.2997127
2.816794
2.3384483
5.545089
2.7350636
3.759504
2.111965
59.900406
7.183421
5.7673254
4.918308
3.6585388
1.5785263
0.46765038
2.2687225
2.5764034
2.1727061
4.1874576
2.013526
3.5444381
2.9668977
5.465445
2.7217283
4.7102227
2.9486616
1.2997681
10.803298
7.881052
2.98283
8.012701
11.353883
2.4697244
5.285191
2.731369
3.5384307
4.5712414
2.789
5.3539906
3.133234
5.599735
1.1374217
0.8698743
11.240861
5.0944724
2.3375275
2.0749798
4.345557
2.8820825
3.5334778
4.8421764
6.096685
5.912197
1.6041018
2.1552148
2.0727522
2.150826
3.0398421
2.6039474
2.1844022
4.6086745
9.868349
1.5604187
5.630421
6.2705255
3.682296
2.7784662
2.0406754
3.7146711
1.8536371
15.26432
4.534935
7.0942965
2.5613525
1.3863091
3.1767695
0.51869553
7.1938553
1.9199756
1.7266766
4.095187
2.8109102
11.559355
2.6568336
9.202328
2.6134372
4.087716
2.940161
4.584668
2.231111
2.1138575
2.9336805
4.2977366
48.13017
1.8888017
3.0732148
3.3300443
5.353548
1.8270639
1.7949725
5.8546133
6.4185114
2.9385965
1.2404779
5.2388606
5.014621
5.695046
8.753606
6.605054
4.952363
5.391746
46.809677
3.4688668
3.4544342
3.7274756
4.6297655
4.860762
4.3855834
1.5533047
0.61965567
5.5203314
2.5076962
4.1025405
0.85712516
2.1839848
2.0041587
25.174095
17.284708
2.675718
3.76694
3.4589875
4.372168
3.055768
3.5597584
6.54855
8.204409
4.454015
1.9419185
2.9204297
9.878424
1.2427509
2.2213147
1.2162943
2.3563936
8.52598
2.5942438
2.9436116
2.78588
5.1527376
6.11186
6.357043
4.6675344
9.6099825
3.0903733
12.668867
1.7113091
2.5215027
1.5079054
9.06521
4.528153
5.7521863
2.313215
4.8184204
0.3150479
0.9306336
2.599323
3.3231227
12.740974
4.7698264
0.64032257
1.305486
4.5214005
3.726773
75.19618
2.1055639
5.8430343
5.192948
7.6768293
2.1556451
8.379855
10.408686
3.792269
5.51256
3.385456
4.092819
8.985974
1.2264138
2.5723875
6.5383177
2.315559
2.4247677
2.0857353
2.515309
4.030755
1.6009388
4.035115
6.172352
13.502956
5.6906652
0.72953296
4.1175265
1.4741503
6.1743455
4.1997433
4.0661497
5.4624233
2.832967
4.713291
3.535473
6.4004188
5.7047586
6.29887
2.134626
4.7226024
4.024645
7.385786
4.311206
10.418944
2.7251694
2.7749553
1.7611754
3.032238
4.597422
10.488014
5.9580655
6.4716277
7.021675
5.559237
3.2040064
77.18468
3.0071678
3.0744328
7.6993995
6.14327
2.1258214
1.5406765
4.681197
1.2180773
3.648267
0.41854563
2.7958112
2.8413076
5.2039623
23.94404
18.21038
9.533722
10.5292845
2.115287
1.4110976
1.9727619
1.4645517
3.620868
5.394982
7.0467644
3.559191
7.3424277
6.588538
2.2701945
1.9312764
4.731515
2.3646512
6.900642
3.8274977
23.004753
5.5865355
24.744123
1.6499832
9.220495
2.1626735
1.1218368
7.577914
3.3324194
4.5259104
7.827786
2.6264608
14.948897
4.192847
3.90779
6.1588326
1.6203568
4.7717333
1.3537868
1.6013049
3.2911694
15.502833
1.1374646
1.0417262
5.8107467
3.6063778
2.8214898
3.3899755
1.8989745
2.902221
3.9378073
1.289626
0.8042704
3.3377016
2.06092
3.8142292
3.4641905
1.7941372
7.321461
2.63092
3.6143713
8.544221
4.349166
0.6510708
4.101857
9.643334
1.3906423
5.558401
2.3256125
2.7612545
1.638123
2.9834962
4.145031
0.6007582
4.0391946
3.198171
2.3032136
4.822957
3.2730925
7.638448
5.315802
3.597089
9.84027
2.2990537
3.132058
6.821167
7.0849166
2.481474
2.7865624
2.5249054
6.229058
1.4231769
6.873078
2.0080907
6.272237
5.2309117
1.0567417
4.929038
4.686616
1.1996876
1.9599019
8.150416
3.160827
3.7384503
5.173218
2.0691671
9.500257
3.9413714
5.6210356
3.7150204
1.076427
4.1361303
2.0182724
10.224687
6.7029123
8.197973
6.28286
5.1484747
0.45770758
15.678856
11.056714
7.952791
4.2069254
2.2878742
6.928394
2.4458075
1.8301258
3.4675653
4.3372254
0.9244139
2.7674255
18.103985
4.8591733
7.2244782
3.7413561
4.505037
2.4064002
6.1661577
8.309801
4.7325096
4.414883
4.6820216
5.877699
0.8329489
0.32508907
4.0792866
4.6274915
1.8921151
6.633137
3.7133188
1.8601154
3.1998014
12.864448
6.074461
5.6708646
2.536574
3.7324839
38.552437
8.055929
3.4753716
3.7535074
3.208028
2.5222735
7.1922803
2.077601
4.096596
4.643018
2.1567678
60.41053
5.9804797
2.8549151
6.296094
1.002005
4.3216367
4.5352864
3.7294228
3.8748813
3.093031
4.2252836
5.015797
3.069643
1.5270596
3.410083
2.7489235
14.5879345
0.73948395
0.50971705
5.327771
3.841308
2.6822486
3.7942038
6.290275
4.155028
4.586151
4.867196
3.082443
6.233338
5.3758464
3.5377028
5.2032423
1.7619739
5.514635
5.699832
1.5267555
5.194388
2.706415
3.5659685
2.7451253
4.3292
3.745124
2.3320818
8.957346
1.7330326
6.454822
3.992943
8.518524
1.8881642
9.852882
11.677972
4.9071097
4.208968
6.1684604
4.493148
2.9114954
5.360979
1.1711361
5.1604495
2.4342022
3.1186936
13.090228
1.2371019
4.6097903
3.5990975
8.232954
3.2992506
2.0827365
6.825875
2.0428874
2.4662411
2.39389
4.6223335
5.301379
13.513742
1.3626287
2.6889737
6.199324
2.01571
3.8068476
7.8213105
7.684546
2.5637772
4.6927557
3.1557088
3.2210755
7.635823
6.5971537
20.474571
3.197944
4.6758842
6.0933475
1.9349341
4.423156
1.7497537
5.4556866
2.689807
4.689128
4.3060784
1.7537303
4.714746
3.4369388
6.7654867
4.7774386
4.584093
1.2252398
1.4769685
2.5887682
3.774925
1.967593
7.0224953
6.298277
4.368812
2.9599087
6.0437746
5.408165
4.9823813
3.9522762
2.1602266
2.1271946
11.386971
7.060183
2.4292076
1.4490674
2.741373
2.0513277
2.4763849
2.5134964
33.999767
2.7181332
1.3451711
1.8629191
2.4511948
0.83747023
2.9351459
2.4309363
4.022976
7.398161
1.745958
1.4095011
3.9012759
1.5875983
1.0581855
12.382204
12.815053
2.3717465
4.266439
2.6492164
4.692868
3.0877068
3.5461812
5.0088944
3.82081
9.162718
3.5433517
2.410834
2.8435361
7.57782
1.8294241
0.8734897
2.9272375
2.4614627
2.0211284
4.4187016
2.339423
16.525803
2.721547
7.997555
2.656194
4.570377
3.9752169
4.791066
7.8707423
4.090187
3.3511152
4.3950734
2.7066088
5.616872
1.0567056
2.9874773
2.5896225
3.0866466
4.625246
5.3101144
1.4021457
1.411462
3.0783541
5.7163057
5.821986
3.3702803
8.089849
4.051122
4.4453764
10.812847
9.265616
3.5886867
2.9725425
1.669408
11.972834
6.775027
7.5658774
2.954821
8.936412
2.5519528
7.853072
6.0285196
6.825887
1.0900383
2.1259944
3.6204216
11.337827
1.6366228
1.367673
4.7978463
4.1720366
4.7383323
2.7931826
1.4352913
6.098847
1.1675687
5.1990767
16.073814
10.451528
8.133735
4.729403
3.4413283
7.4738274
4.4956074
3.3501163
5.9877167
2.9694362
2.071602
3.4299037
4.711561
1.6305244
3.0533493
5.3042097
3.551765
2.1834748
5.3146644
5.234424
5.4790716
0.86383384
1.1350254
3.603193
39.4695
4.0435767
4.7210674
2.7026165
4.4278235
3.280468
2.2723265
1.8658179
0.8480504
2.5813582
5.069501
0.39009193
9.456727
5.1057577
5.9492455
2.1496358
2.9041739
1.7770402
7.7613063
2.7124956
4.4476833
6.0837026
3.3764806
2.6129699
8.034465
5.4145756
15.552918
4.65374
2.395714
4.1730976
3.3132977
9.378058
5.5559826
5.149836
3.3978248
1.3547299
7.0226192
4.426815
8.328919
3.7236385
0.7729424
6.9017577
0.8480842
4.600364
2.4303317
10.612862
1.7669826
2.7301095
5.0703115
2.8031008
1.2734059
4.273305
2.64165
5.7785788
5.521519
1.9326679
4.4455934
2.803039
49.141434
2.2135513
3.7969608
2.9737678
3.3732631
1.7635103
4.3069105
3.364698
1.3862152
3.4833064
3.6707337
1.3442563
6.4330297
6.1984773
1.6821171
4.726918
1.1504736
6.6482663
67.51921
8.375481
2.115414
7.7596817
7.802276
1.9350216
1.4998363
1.3099356
3.060367
2.691833
3.7445138
6.3544164
29.15202
3.3071873
6.919135
2.5385647
5.6126633
4.046741
2.1866386
19.340122
2.071282
5.119014
3.3314035
2.7117898
0.5766665
1.6681503
24.094793
4.831814
7.9829497
11.419634
5.6122265
4.684581
3.46192
6.5631933
5.2477565
1.1710258
1.8471286
4.93633
1.2053181
3.6545913
2.6728466
8.136576
1.5401194
2.075473
3.2093694
11.257922
1.196347
4.3215575
8.343828
0.2864352
1.5662544
9.694403
2.8857872
3.5076566
3.0580204
4.4512777
7.534927
6.071339
12.454167
3.220103
8.75921
4.6629915
11.5964155
6.609572
3.9696224
2.5457447
4.167151
5.441734
5.4200826
5.4209127
5.6209145
3.3992062
8.804064
3.2620223
1.8139305
9.357795
6.0786242
3.718316
3.2917721
3.6406796
1.3688959
3.545692
11.074237
1.4736732
1.2726746
1.7679164
1.3056711
18.587833
1.2348139
2.3188527
2.6953437
5.5458417
5.456262
2.4233558
3.8053546
3.3780212
2.6970837
5.723603
1.0071871
3.669278
7.1347604
6.354977
3.3671072
2.009014
0.43563512
3.4511414
5.8947105
6.6938868
1.7470613
5.1559477
0.6025074
2.82557
4.7029405
7.6758895
5.3731565
7.5582533
4.2833705
6.085958
3.496685
2.830708
6.3264117
4.487877
0.62235826
9.910042
1.8077368
2.932307
1.2547063
5.030441
5.6894183
5.4896455
2.8559873
1.8671298
4.0021
5.713536
0.76099396
11.752738
2.534219
4.0040364
15.5334
2.3150241
6.3381767
2.4278243
6.6230183
15.107282
4.3770256
0.8397918
3.2891493
10.525699
2.0638914
3.2360444
2.536067
2.9043632
3.4582238
4.829591
7.103409
33.56494
1.7198033
4.322878
2.4537187
2.6947527
5.2494364
1.444162
3.1489546
4.143615
2.1766574
4.818307
2.2897506
6.42398
2.3210669
9.32744
1.3265903
2.7917457
2.407738
4.3634143
4.1700053
3.2970128
2.4860475
14.172656
3.4890754
5.4480033
5.025042
8.076149
0.52015907
4.575886
4.7860146
4.799374
8.482245
4.4074574
2.0688248
2.1588
7.1868386
5.5510454
2.845186
1.5319543
7.0292935
1.0059297
3.1273646
4.189232
5.5291486
8.869446
6.336243
2.946237
2.8529887
8.282267
7.045452
5.694843
2.3188345
8.973168
1.9093292
3.221536
3.4202526
4.2084875
8.165942
2.2146795
5.0250745
0.67262554
2.8378909
4.253749
15.202985
3.613609
1.6650108
2.3466027
5.437248
9.95035
4.9846706
2.6784353
4.1542897
2.5927207
2.3426416
4.2029634
3.223863
4.9737043
27.133286
1.888241
4.07151
2.655397
2.0313642
2.9970217
2.366136
3.2447543
5.39945
3.4344318
9.852731
3.9998667
6.9430323
4.809073
2.196879
7.9904413
0.75182545
3.723143
2.7471368
5.1068296
3.0994496
10.651149
4.127962
3.3401353
2.7841778
1.1594241
1.0399708
56.87459
3.4792838
2.0743964
19.549574
63.895817
8.751315
11.644967
2.3388448
2.8586276
1.7701055
6.0670495
3.6053126
4.764758
10.888145
3.5684047
2.1700323
2.3748362
3.7880747
3.1186943
2.4535615
3.0296662
0.15050681
5.951204
5.1150327
6.400132
3.451565
2.7242033
3.277327
1.4680709
3.5330274
2.4897587
6.4214854
14.889267
1.4771106
5.70328
1.0570865
4.2182684
4.9226804
3.9596975
0.9333196
1.561031
1.6048939
2.017886
3.7675285
3.703928
4.959711
2.371937
3.1863935
7.424421
1.9443733
3.4615536
3.2586117
37.589493
9.15958
1.924084
4.0680113
7.5004463
3.650363
9.237379
3.4568248
1.1921078
2.5891392
3.3696716
4.0675273
9.724959
3.6490653
17.071495
4.3777113
4.3167176
4.0390487
4.0695605
1.8314004
4.6588297
3.8128822
5.9051404
2.1416748
3.2581828
9.940852
3.707535
4.1880302
2.8126352
2.5982301
3.927577
2.4191775
0.48199695
2.6360888
3.7388177
7.341567
2.6149325
2.2323318
5.342474
2.4322596
3.437252
2.3697433
31.756884
3.0518563
2.3378017
3.332808
3.343957
7.3864527
7.2875786
4.6033907
3.0217025
1.0396953
1.6393937
2.95017
5.0914044
2.9479156
3.165665
2.2934663
5.8845224
5.5720596
4.322562
15.278365
61.922916
3.0431588
1.7220706
2.838024
2.6946528
4.66609
2.3699489
1.5111109
4.2950845
6.317604
2.262036
2.5748935
8.798054
1.8513154
1.588917
7.981923
1.2729856
3.2827632
3.6497154
6.149919
2.2352731
6.5838695
3.1875286
1.5182122
4.669444
6.1602664
3.0871603
1.6622283
6.265872
2.5675263
5.318528
4.817176
3.7779264
1.9926671
1.1583083
8.486428
9.820784
7.9250455
3.7203445
3.3583913
1.6550006
1.4289776
2.1008003
4.0940866
3.7188
3.992129
0.7953502
2.6712248
1.8237175
4.247922
8.789396
2.8288686
5.581959
5.352059
4.4542356
2.6028802
2.391596
8.4182205
7.446197
1.5274335
2.0255167
9.692283
2.193831
5.7742825
5.4701796
8.593198
1.0647333
3.4804454
7.636596
1.4589573
3.113333
5.0474277
7.561208
3.4833987
7.01362
6.8825655
2.7275314
7.0946674
0.827106
2.4992106
1.6181915
11.325385
6.1774483
3.5706139
18.009119
3.942253
7.3660803
2.0715957
5.728842
2.7684824
6.166216
3.6570306
4.6372085
2.3715048
1.4249915
2.0974057
1.5427939
15.410531
16.177128
1.4240701
3.1614747
4.902793
6.683238
2.364075
3.5399005
3.9062476
4.8130965
3.241295
3.7217364
2.1150866
5.0786
2.9073951
1.3509241
0.69376075
3.4338949
9.78835
3.921736
6.716469
2.7992008
2.6798997
1.3814551
2.210577
4.003471
6.883195
6.221641
2.957711
2.8832834
3.0347648
2.5760572
1.3376577
3.894376
6.169745
3.2789884
2.919026
5.263074
6.667883
2.472474
3.6882885
4.2026124
2.9076183
7.912308
6.6701574
8.581489
2.992857
7.1697583
3.5000112
2.1450853
72.05568
2.3664255
1.4358408
5.3299694
5.4715004
3.2682865
0.7190744
2.836485
2.8322668
5.7605486
4.0814
2.0020275
9.398876
1.176084
4.604963
9.864838
22.55846
4.1232476
8.894533
10.182212
2.4100268
3.5621996
1.1131637
1.1221514
12.4768
2.632874
1.5513653
1.73924
4.83074
7.2730756
8.572104
2.478103
4.2060328
0.8449021
4.3486967
1.6253058
5.6689534
2.0095208
1.6715453
2.504763
2.2809627
4.64189
1.252217
1.202531
7.511044
1.6532097
10.448835
2.4818923
5.526237
3.4631183
1.9842383
4.8532662
10.1533
1.9873117
2.0402539
2.4857464
2.308795
6.4517226
1.170533
7.669398
5.0295095
6.1256437
1.7805804
9.309146
5.083264
6.6426644
3.5507479
5.9476314
4.7141986
3.6735415
4.319226
3.2548437
1.1702921
1.393572
0.43277833
1.6037732
5.0302296
2.1701715
7.141371
5.187679
7.04565
2.2775793
2.868382
4.166852
2.9487364
2.1951563
6.9479437
5.6452274
4.142845
3.5175252
0.76483816
6.1349244
4.1019793
5.885358
2.4754553
1.6223595
1.7282001
6.0293503
11.01772
2.5642395
6.3093147
5.8110967
2.5279334
3.7691288
4.601252
6.814425
2.1108518
70.85783
2.632979
4.5473285
3.2966533
2.9361436
3.652217
10.937602
1.4913671
34.479267
3.9201238
2.7153304
9.124656
3.748265
1.5427582
3.7288303
1.6542281
3.8326461
3.8923628
17.665394
9.441897
7.151015
2.8801851
2.5468469
11.665786
2.890488
4.9192686
6.327674
5.0846276
6.2037263
0.4839979
2.7334023
4.715448
13.660393
1.5113862
1.0712191
6.683762
6.1728525
2.9821877
7.5337873
4.9506125
6.597948
0.94325197
3.6208353
4.1116414
6.5350275
1.2258979
8.01771
4.568389
3.1512935
10.012318
2.403099
4.2560735
0.85408527
3.123332
1.8863509
8.974717
4.487549
3.2979517
2.0705748
7.164808
9.844836
0.6963208
2.2661214
8.397686
1.5196676
1.2755512
3.3388617
2.327538
12.520445
2.2345483
1.1828378
1.8144921
1.6624655
4.432063
11.052813
2.530067
2.194352
4.0433073
12.608095
12.737627
6.2859406
2.6057236
5.483378
2.4582431
3.157821
5.209222
3.8833537
11.696556
5.3943486
3.421498
4.035642
3.0914905
2.1480954
2.688266
0.90122765
5.248055
2.1670742
7.474163
7.328768
8.578026
13.528163
3.300069
1.7350581
6.607635
5.787794
3.6016326
2.26935
3.9746878
5.337914
2.1879838
3.4133725
5.3725324
4.432722
6.641249
11.549537
2.1745932
3.8329532
2.448508
1.3910557
9.236783
4.8748136
6.7344923
2.3066497
3.994452
4.2731056
5.3116417
0.6996334
9.232928
1.3806659
4.552596
9.178044
6.9432864
5.144488
4.432188
2.7978497
3.2837203
7.7943516
3.5174346
5.3301425
7.7600656
4.719051
1.4901255
2.2354581
5.6171002
2.1958058
3.6862838
3.4045682
2.4714673
2.2513275
7.9611354
1.9633564
6.7413397
14.109152
4.199753
8.086907
7.7291713
5.6806054
5.606869
3.515946
4.336861
3.7765436
2.154267
3.601357
5.947748
1.9739684
3.08393
5.039963
2.7467332
13.673275
3.3566718
4.7893233
6.0448546
5.274163
2.6822996
3.281497
0.6082781
2.442642
5.865595
5.365929
2.352455
6.541325
2.4807854
8.567951
2.8348558
6.2631683
2.6825452
3.6356509
5.6574507
1.6891501
2.9763134
5.106095
6.444606
6.1797037
2.5507047
3.5897
8.891166
3.5586743
3.280347
3.1987364
3.0308793
28.431026
6.5037084
2.5184824
2.9965973
3.6306622
4.9246645
1.9813813
4.6525674
2.3515842
3.5709171
6.019392
5.876266
2.3447113
29.488348
5.3467093
4.3562994
2.661963
3.8227959
2.4875212
4.8538303
2.4991775
3.0715156
2.942011
3.5895476
1.0643041
10.004932
13.932284
4.0530014
2.1052353
2.5691154
9.382261
134.84288
0.57911605
1.6568398
2.7161663
3.2780921
1.6396351
4.7303667
7.3644676
1.710884
1.1793302
4.19105
2.480067
14.135744
1.8743699
7.3847775
3.3730223
4.6934476
1.7412536
9.761506
7.0516915
4.1035924
1.098397
1.1575323
6.7867975
1.9055686
3.3035014
1.5662864
4.573953
8.282295
1.4904722
6.492173
1.4546754
1.7447886
2.0271795
14.46987
3.4526958
5.3452864
2.672355
5.4959292
1.8464209
5.8203864
2.3138392
8.403079
3.4133837
4.8861513
8.214771
3.4308772
4.6309075
3.414218
5.044848
2.0357578
3.6546798
2.4352126
7.5303087
4.0278435
5.179363
7.4397297
6.1468167
2.972353
7.3815513
4.4475155
5.112127
3.4440894
4.632042
5.241492
2.7023795
2.3340313
3.2384393
46.60832
1.2494547
2.873491
7.4756994
3.3633714
5.995215
6.161219
3.1210096
1.6721299
2.3590379
25.78333
10.385271
6.1082783
3.2597368
1.187952
3.875327
6.090071
6.147125
2.8019824
5.3995843
7.426501
9.330693
2.9266872
2.1541684
3.6397018
1.342796
11.508973
3.0321069
5.686654
5.9147663
6.094005
7.7486553
8.2637
2.2649355
8.543541
4.3495812
3.0537615
3.0527697
10.434844
1.838351
2.6870193
9.595798
22.265722
5.1811476
3.6908815
1.4540458
19.05489
5.033012
2.9567885
0.4993668
3.3146956
2.7695503
4.77685
0.827135
4.4631686
2.8492684
4.984379
3.2653885
4.9661
9.109519
4.3425436
5.287854
2.8397098
2.3885086
9.771587
0.5765649
5.238712
1.1593397
3.993655
3.9330857
13.57507
1.8448055
1.7361941
5.186642
58.90459
3.7143874
5.570312
5.5445075
4.9897375
1.810044
1.9113146
4.8868575
3.7441418
8.178892
4.230123
6.433186
3.6255817
2.4913087
9.676483
4.9029536
1.647834
8.498279
2.1827254
4.0410714
6.1587563
4.2108645
1.2298778
2.085017
4.1488547
3.1051347
1.5338174
5.9461317
4.438231
2.2482526
3.7013052
3.1220567
1.4420183
9.314546
3.7353632
10.011558
3.6067486
2.9159226
4.8951597
4.1261563
2.4594145
27.769964
5.917089
5.4131174
5.758324
8.059887
3.9893157
2.2199843
4.1269736
8.443637
4.639539
3.4926186
4.112443
1.8629026
2.7826245
3.5962193
8.0171995
5.8122807
3.623788
5.413942
2.1733818
7.2216907
5.215423
4.218443
8.671904
7.4157224
2.8330488
1.4214141
3.779168
35.310783
3.2855997
5.368805
1.8966237
4.4661217
2.8818753
4.993034
4.019591
0.99044454
2.6478236
4.070145
4.9038982
0.80767673
4.050437
5.1807833
2.1093926
4.0128245
5.151178
7.1928406
6.2175674
9.07899
15.073932
4.3088
4.265153
2.5558116
10.484008
3.5352602
4.2155313
0.46272552
3.4898007
5.7813544
0.9224828
4.5763044
2.946527
2.7024581
2.7575295
7.0321
2.3237584
1.2523373
5.249475
3.3490918
2.9758263
13.070087
3.1809862
0.61073494
2.619186
12.611785
1.2768207
4.306729
5.4477973
3.374024
5.9877462
6.7302113
3.82306
6.4248924
4.482464
1.9470592
2.6887815
5.2829275
1.6095221
2.1275434
9.608133
5.5838585
1.4692262
6.066527
2.1408184
1.697971
6.6601653
67.092926
2.8117325
3.6280892
2.0600922
1.1847297
8.398545
2.5263903
4.5182595
5.9611416
2.8633475
0.37292174
6.7134776
7.072457
2.585415
4.131524
11.105861
5.18258
3.6758053
6.9041553
6.355553
4.0540395
6.357492
1.7342486
8.740577
4.0788116
8.612339
3.2580223
4.6406393
3.6201646
4.672852
1.8312101
12.511399
7.404218
3.186205
7.193112
5.0814734
2.5286634
3.9868622
6.769402
42.52645
5.6462235
1.5520836
9.87483
8.171396
2.912638
4.11736
3.75711
2.486983
3.558315
3.1448402
2.5015924
3.6685057
4.455807
0.99560887
4.6103373
2.8803592
4.77372
1.4521166
7.607066
4.703387
2.3702617
13.736864
5.5054426
12.555967
8.712555
1.8246447
5.1351495
4.7793603
2.753983
3.6505322
2.9174647
2.1295478
7.1532345
6.3486857
4.634232
6.98328
2.546034
10.304508
2.4216611
3.5602162
2.5465481
6.176562
2.6054552
4.059621
3.133068
5.6025977
6.732061
3.4860158
4.2725663
3.4112048
3.9766748
3.0238352
1.9287463
2.8108265
1.7285638
1.4787934
2.5349457
4.2167835
3.4261034
4.661157
1.6788071
5.3028326
2.8730645
4.2540092
2.6549501
4.006533
14.059498
7.3670187
2.2818913
1.7625586
3.751725
2.2315779
5.884326
12.153727
14.412646
3.577247
8.229079
1.6143702
8.791372
1.892285
4.237732
3.6446536
0.5247197
3.335311
5.4912686
4.667508
3.9860184
6.557063
14.498944
0.8768022
3.5979993
2.900162
0.90335137
4.201504
3.6880207
4.065863
1.5021682
6.0637345
1.4112314
4.609167
2.8721373
8.88603
11.734708
3.519768
2.2595236
4.233201
2.414481
2.129786
5.59091
5.8744836
6.0703626
3.4339943
4.8450565
3.5502198
1.5856957
2.553098
4.1509786
3.265134
2.17773
3.947728
1.7185663
2.1205823
1.9731039
3.3688586
5.5858984
2.6423376
2.4629283
5.787529
4.1866617
1.4469371
3.0240078
9.570459
2.6362538
3.781182
4.446513
3.1528585
2.3156648
5.0990314
2.002585
1.7341131
2.4932847
3.1011322
1.4829979
10.862707
5.119
4.2207913
8.560533
6.1746902
5.243005
2.2711253
3.4393315
5.542656
4.5022316
7.011462
4.6729856
36.328938
5.375273
1.0958139
6.8247824
3.5641167
6.748705
2.609742
2.6541276
9.506986
6.549109
6.303982
8.084358
10.490196
0.9236344
3.7153695
5.6723995
1.8212008
12.572472
2.0102434
12.979689
2.2672627
3.3673801
2.9435823
6.626834
2.316545
2.9506369
1.5481
1.9380702
2.286335
4.014021
3.7319272
3.397416
6.0917583
1.809579
4.401964
1.6772517
4.514041
1.8941181
5.813483
2.7874868
1.7990513
4.8279724
6.7963414
4.8289676
6.523574
1.2719014
7.2543836
4.8102694
13.679899
0.7448364
2.8955412
2.2144644
3.6927803
3.3083375
4.1020045
2.6989193
4.4264483
3.5052772
9.22201
4.085979
5.648813
3.7861238
37.900368
5.4965506
2.3631303
1.8816301
0.99035054
0.57860583
3.315307
4.1024327
5.22172
2.1481159
36.659035
4.0314817
2.8212187
1.9696593
1.8646704
4.306161
1.6079078
3.6498585
2.419528
1.1866299
4.493155
1.9711919
21.045052
15.771324
1.2275509
1.5283052
1.6016666
2.7053702
0.24020292
5.4471283
4.3669257
1.4942013
2.019334
3.4258358
5.971184
0.1526334
4.759319
5.9113746
2.0012498
0.56468755
5.335728
4.2652416
4.909868
0.9390362
2.829146
4.9920707
6.8045745
3.6160629
1.2554169
10.382705
3.476184
7.111559
3.4569097
2.2979755
2.6091998
5.217073
1.3069296
9.857208
12.504962
3.2933226
6.4412627
5.2269783
1.0544357
4.3309994
2.2430644
4.032378
10.970716
6.1248965
4.8710713
5.3351736
2.502742
1.1291407
5.5827146
2.5281143
7.46683
1.29029
8.93003
2.4012752
8.575884
7.7872396
10.373947
5.040432
2.807982
2.6333725
8.60948
1.815879
6.591518
1.5897768
3.2808383
2.0301695
3.9933681
0.89413315
5.2349505
1.8270682
4.8263702
2.0747678
18.428566
2.2058103
18.018288
5.366518
9.410239
3.3501012
7.4644833
2.4950314
4.3680625
2.3256948
2.266365
7.9707494
3.0365462
0.4934688
0.7020778
2.7066867
2.1524475
2.0472965
2.6166792
2.9162002
4.7023
4.8109446
3.932597
3.41727
9.793299
3.1890028
3.042693
1.574706
5.4064503
3.6115847
4.6032887
1.6725603
7.393033
6.471259
2.175584
1.818368
2.772203
2.8410456
1.5051159
6.431081
2.5352027
5.469439
5.9683948
4.0943036
3.4594483
3.8018196
4.53429
6.8183837
2.7230568
1.0587753
2.2129273
2.7655685
26.201
3.895034
3.855653
2.3840384
9.577368
3.7575731
3.1150708
5.0075583
2.8035405
3.3054934
3.7199044
5.0903435
5.4472103
3.6747367
2.8081007
2.4564774
5.737271
4.8163075
6.568059
3.7948065
8.676305
1.9979068
3.42562
2.0703766
1.1852787
2.080636
7.3340473
5.3225527
0.55829185
1.8040912
2.9070787
1.8546286
4.9757066
2.7509403
3.1903856
4.923891
6.3562627
5.067003
1.2678757
4.8535075
16.55834
10.554224
5.551574
5.1555724
6.3539557
3.1703928
1.5465828
5.661777
3.0735655
3.228848
3.6191652
4.1365557
5.8691616
3.3552992
6.416004
2.2852821
1.8264954
4.3484945
7.7360573
2.7257292
1.6817231
4.607215
10.033406
8.423858
7.012656
9.191845
2.0202925
5.3918967
27.550137
5.5306497
2.5864244
4.665709
0.37981218
5.18287
2.7910144
3.7601812
2.0864806
4.193553
6.8095937
7.118946
0.77990264
1.5100391
21.71303
5.1665764
5.5390267
9.761681
3.9827685
3.6336193
1.1520889
4.6092124
1.7621064
2.194152
2.763493
3.1545002
6.964858
7.8625064
6.751844
4.5974216
3.6245942
3.1952643
4.8875484
5.3025103
1.563365
7.638814
7.1097584
4.6617403
11.035115
7.5199556
1.5554005
2.3993483
5.2645917
2.8248198
9.040006
3.4931262
0.9630451
2.461811
4.521769
7.829568
5.8484817
5.0448494
5.343106
0.7901951
4.6609406
2.2325964
3.5013018
7.500155
4.2168994
2.5213587
9.723124
3.0018406
1.3412706
3.7551975
11.017073
1.4842309
2.5978417
4.0940294
6.9457016
9.348781
10.130893
2.3460953
2.3953521
3.2003314
6.2392073
2.5686972
2.6699493
3.1468647
2.4889731
4.175821
5.6652923
1.733884
1.6101675
3.882558
5.3271623
5.1439424
8.539968
6.7395816
5.8407564
2.2498603
13.391649
3.5629692
2.8881032
16.998583
4.9902754
1.9977264
8.953277
2.273799
1.5181738
2.1206021
5.8019953
6.249995
1.3344395
2.532084
1.0849831
3.1612184
1.1117359
3.9005713
2.2776697
1.086219
0.5928452
6.910019
2.658458
10.075419
6.592826
18.333838
5.329989
3.3560278
4.1741242
3.6124303
8.076306
2.7303927
2.0037794
1.4857544
6.3963027
2.4870355
10.36388
3.2245746
4.1053076
3.7769594
2.664546
3.0724266
2.9982488
3.007233
8.209027
6.5220366
3.435322
4.3667717
3.2481754
5.0602274
4.6209784
13.844681
1.9443153
1.2198006
3.248104
4.6311574
2.177596
4.1908054
4.1966724
0.47657466
21.005814
3.1461382
2.416114
2.1971846
2.811805
3.9543505
1.8278257
4.3764415
2.2525077
3.4471085
8.277464
9.94964
6.2455635
3.3952975
0.95932025
4.8923693
4.9471135
2.8080435
12.39159
25.033045
3.8280256
4.021374
5.9854383
1.8480753
3.5111804
4.3996296
5.888479
7.4388466
0.7187717
0.2990082
1.0568371
8.643607
3.1524103
0.9964766
4.2999325
9.224904
21.95958
5.072381
2.1719284
0.8732478
3.8158915
2.8950202
6.9419527
4.738845
1.7207277
3.2782545
10.518342
1.9246715
2.4911315
5.0026493
1.4687806
3.672105
3.9444664
4.007609
11.967518
3.956188
0.2741892
4.1068354
2.0215957
2.5316985
2.3254147
4.7119513
2.4061415
3.3659275
4.163794
1.0600688
2.7178624
5.077976
6.6955576
2.3212411
5.7586417
2.711994
13.13317
7.535592
4.2717032
7.4473224
4.966399
8.975785
3.3169222
2.072575
2.5464702
2.736957
2.8366349
3.2111433
1.3498262
2.1807387
5.6919413
1.6616049
2.9434133
1.6131847
8.803824
3.4408426
3.8726373
0.160527
12.931445
2.8666234
2.4100566
0.9588466
6.6812134
10.155359
6.856537
2.097443
6.058367
3.2940712
4.0288053
3.1116188
5.460141
27.643814
13.330397
3.3583863
1.3735069
8.21629
3.5807552
5.79466
1.1417708
5.4413004
10.423396
11.227486
1.3400009
3.9295113
3.765621
3.9978848
4.5941253
8.227204
1.792336
7.1917777
4.3751345
6.988289
2.3405948
4.933726
3.2963257
8.79253
3.4113379
3.5345275
1.514339
2.6136315
1.3992032
3.1475284
6.298657
2.0149057
11.931432
3.4058938
2.4814904
2.8217485
1.8218293
5.273398
3.1444995
1.4172075
1.8834014
5.9728065
0.706524
3.7465696
4.728056
6.4417124
2.283676
3.3260715
2.5349095
2.7645645
2.2001405
3.5442429
2.71986
3.166582
2.732786
1.6764625
5.6228814
2.372891
3.639533
21.995884
3.2994897
3.0743387
5.4986053
3.963616
3.3801515
1.9864866
8.365608
2.18686
0.7887504
4.2088714
1.5960212
6.540647
4.01016
9.061828
1.5366434
2.199043
1.348295
0.99329734
4.198357
2.092748
4.449116
3.207017
3.6260798
3.3676608
0.31030223
3.507808
2.6730902
2.8916376
2.3005054
2.8529518
2.2852418
5.211326
0.63620764
3.34993
2.4934242
1.3731841
4.14027
3.1831293
4.5532904
0.2273866
4.0848074
2.6937299
2.9857616
1.5708283
58.38865
8.700244
3.4587915
1.2157775
2.740424
3.4623156
5.744931
1.9678916
2.380325
2.1857347
2.6852808
2.4844174
1.3883283
6.6736026
1.590228
3.8889005
5.344555
1.7198304
5.84718
12.027405
1.632327
2.6910133
3.3441064
2.8280056
2.509619
0.56860435
1.5992993
4.1540394
5.0917892
3.0901694
3.186828
4.7875524
5.169241
2.0917315
2.636584
2.083423
2.3075972
4.2680106
2.8263412
1.9514745
3.6803076
6.5936265
11.775123
3.2901495
1.4211168
2.1406312
2.6615062
2.066259
48.164528
4.026238
2.82483
3.4440446
22.133833
4.20174
3.5302184
2.2406626
2.5990362
8.606622
1.097699
4.7985325
2.541475
1.8431344
3.7437236
2.1573327
3.3724709
1.6818278
16.8362
6.1989303
2.8244417
4.903428
1.8066399
6.467325
5.4359574
4.1825614
3.41583
5.760747
6.7894855
2.9013383
10.113361
10.008379
2.4322176
3.2718172
3.8486094
7.5061965
7.993362
13.729163
3.8969107
4.421784
1.0931154
1.4254557
1.8090444
1.6219127
1.8283483
1.4169534
0.9855172
2.2372527
3.2875159
5.9607697
3.3113399
2.6209621
6.5061016
7.441312
2.304307
5.288629
9.713245
2.8014383
3.2698593
6.4182596
1.4546894
2.1088593
4.5138545
5.7341304
5.0959506
3.0216568
0.8683642
2.9540174
2.4783103
8.732081
3.106795
2.4734142
3.8589191
7.047555
1.6325455
1.4021181
6.8275595
5.9662604
11.230384
13.300017
9.220486
7.2189946
4.2032576
3.360735
3.987119
2.9900086
10.761731
16.32168
6.220082
2.7219305
7.5817695
1.6886237
1.4556276
3.6249595
2.9048114
1.3400457
2.1282082
7.8977537
4.215626
1.1197736
2.0601463
2.3423967
3.4069176
2.4932868
3.08002
5.2228494
3.6262846
5.2328777
2.3615124
2.3754709
6.2539635
4.177191
1.4073547
3.9198709
2.4865534
7.8855352
3.5827432
1.6339363
3.6389165
4.8768806
6.1246567
8.002695
7.0275917
2.8659828
5.4952407
3.9078474
3.5149956
1.8176198
4.251662
5.655242
1.0225246
5.006339
2.9100115
2.419024
1.327133
8.034705
9.376206
1.9571631
5.7310147
8.547539
4.2463684
2.5326548
0.53023374
3.0361307
4.2631326
4.673528
7.897214
7.657961
2.8284066
2.9804747
13.637054
5.5363255
12.37356
2.5461423
8.886299
6.319876
5.8979707
1.9775475
7.0595994
5.8172946
8.843537
17.449581
0.2393786
3.0197728
3.4745972
3.4838471
2.6080844
2.5838451
4.0705366
6.1003594
3.9387274
4.449302
5.128113
1.8868768
5.487285
2.7376409
3.0554967
2.3462994
2.4608295
4.020696
2.9004521
3.3528845
3.2215474
1.8808501
2.1032252
6.9711614
10.215753
3.0992897
5.4908924
1.7651311
2.242988
3.3984377
8.744081
7.1263256
8.141491
2.6997426
5.9109883
3.4041862
6.2667475
9.316364
16.86126
4.9220986
7.916534
10.914725
1.1823474
3.405567
4.394323
3.9693174
5.7236857
3.9308112
6.7486305
5.0893006
4.470454
4.6181574
4.4374003
1.7878006
2.1098976
2.5271254
6.173619
2.9894211
9.200355
4.633939
4.597345
1.3026645
4.022853
6.885738
7.0395365
7.4440866
7.2137737
6.02968
5.054448
0.68540645
3.4268246
3.5789955
4.2461867
3.6571536
1.5539737
3.1337707
2.8884978
14.320367
5.0696807
3.602085
5.3906956
2.8247638
5.0419407
4.009501
2.0581982
4.767925
4.323549
2.2076309
4.7945433
6.999786
2.8143613
7.139463
2.3761425
2.1030266
3.9132419
5.7505474
1.7219598
3.5756571
1.8206899
3.760472
7.768257
7.3635025
1.6213132
3.877138
2.4453733
3.745611
1.1795279
4.0545907
2.468868
11.764312
24.854666
2.3251338
11.014592
7.4398823
4.9549074
0.7294995
24.280481
5.3202863
2.329761
3.5871277
8.93746
3.2206175
5.169015
5.8745193
7.2560825
3.432993
4.815482
1.5804955
3.1346533
3.2685604
2.6655278
5.417378
4.662203
2.9016464
5.633361
4.142082
1.8423867
2.2872863
4.577091
4.187007
1.7881436
1.7743471
8.074749
1.8950508
3.417185
3.796578
5.01011
1.645628
3.0786467
7.870633
6.3493705
7.47826
5.125311
3.113008
4.2260103
4.185578
29.391754
2.3798108
0.37381053
1.6335143
5.5589046
5.704766
1.3427342
5.647314
12.573879
6.4720206
5.8286657
1.4956635
2.396685
0.81849194
1.3054283
2.7182302
2.1346745
2.6302614
4.186945
3.614962
3.0360515
3.3150625
8.589703
4.615164
4.3880653
3.036666
2.0289702
3.961674
6.7300124
12.090881
5.563993
4.3387375
6.211471
1.9567978
4.65862
4.356606
7.548343
3.7582564
8.790611
2.9833817
8.960437
8.006396
2.549739
12.259838
3.9802275
2.8997817
5.1634183
2.851265
8.962369
2.265101
14.037101
5.2123322
7.5899305
6.540508
5.851739
6.6513786
4.7418456
1.6334127
2.9721935
5.867602
0.7460565
6.1544843
3.6865258
1.9940964
2.1074038
2.3887098
3.4625316
3.796469
7.7436686
3.2305696
5.4327965
12.475382
7.2969766
9.669955
6.2141895
3.6562848
9.64471
2.3694825
5.7719193
1.8694372
62.381138
8.6065035
6.199944
0.9346222
1.8664143
1.6634712
1.7101274
3.9362469
3.5944684
7.052173
2.7272537
2.7166586
5.685907
6.9241395
8.055584
0.47692913
0.9894567
4.880063
4.535932
2.317444
2.96409
17.397581
2.9877484
1.5527108
1.2589097
1.7906294
0.6941092
3.2499719
1.8175508
2.665092
2.3593876
2.437252
3.9691787
2.7372687
3.7073104
4.8309875
3.4601934
4.530032
6.412218
5.975479
2.4761748
2.231219
2.4056427
11.422411
4.79399
5.6833925
1.1664007
2.9871914
3.152954
3.7685323
2.7808595
1.4244946
2.9850135
3.3403914
7.277729
3.2252753
3.8205042
4.627492
0.78999245
1.028604
1.6268054
2.732638
2.9475422
6.2423677
3.2263155
5.393811
10.468944
5.7755384
4.1020975
1.0887253
7.3685417
3.1004994
4.9105353
1.9441297
8.985594
2.4239032
4.95045
4.348373
2.8304346
1.1825545
4.849508
2.1899583
2.6746788
2.2592134
9.325899
3.717773
7.769096
4.8537893
3.977289
0.45074615
3.3901594
1.3921065
37.148415
13.974228
1.170444
6.427854
2.6187296
6.110932
2.827313
2.7782295
4.653785
6.521886
5.1503234
3.1890388
8.98599
20.786688
1.62487
4.2908983
10.391778
7.4599466
2.8134954
5.110489
4.0132966
5.565758
12.15484
2.283018
3.1203728
3.4676113
3.0753658
21.066973
2.5659587
6.412326
7.2923365
4.5673466
6.485674
2.7889256
4.810843
4.454029
5.4409466
2.234651
2.659498
4.244691
2.8633418
17.017038
3.1742394
2.3506267
2.326808
1.4356991
6.860046
3.4818065
1.4541947
2.801579
6.027426
6.076495
10.1052885
3.0931165
10.846204
2.3446953
0.8668066
44.41903
9.442092
1.2463725
7.505956
2.163696
1.278058
3.029353
3.039268
11.576247
5.2501454
1.9318349
1.5401584
2.5835056
5.9478545
2.540285
3.5073776
5.9268613
3.7768195
4.130235
24.129995
2.0293152
1.3313867
4.6361947
5.4038033
3.6634774
7.878936
6.9987497
1.5373781
1.307999
1.0799905
4.508704
2.6515667
2.1843545
6.09421
7.1275597
2.7942677
1.5308672
1.8583559
6.534472
1.9071635
4.231102
4.2621202
9.169696
6.1747828
3.0865476
6.203765
3.3755586
5.5135407
1.9079652
2.80244
10.982061
6.2630057
5.533637
9.167238
7.2131624
3.961332
1.6240929
1.8964266
11.880455
5.4330916
6.8705506
2.7755835
1.3546238
3.1718812
4.044578
2.887357
0.6674335
6.1647606
5.262222
2.4712195
5.6572466
1.2942004
1.2419714
3.1685166
1.8461832
5.5252337
4.986091
1.2004436
4.945597
3.827215
2.7191758
6.0573516
1.5033511
7.4396806
4.171719
7.579721
1.5774429
2.523461
2.1521473
2.972729
1.0886118
3.4674745
8.793752
2.988952
4.232905
6.9037366
1.4839342
7.8025193
4.079465
3.1930244
1.8929911
4.477656
7.490296
2.6163216
9.92587
2.8709927
1.2092512
0.96764773
2.5960793
4.345358
1.0446184
1.5049074
7.233937
9.735484
10.575603
19.210888
3.7587314
3.261247
4.4444537
3.1704223
3.34886
8.370401
5.964073
2.052395
6.5865335
2.6281796
3.8836079
4.613147
2.9963634
4.7604294
4.102514
6.038128
2.38841
1.3979641
9.443345
4.7708716
2.9752774
5.2607718
6.4954667
4.468452
3.393534
1.7036464
1.4357249
8.611119
4.699359
5.670814
4.231387
2.448358
10.892083
3.566361
4.696998
2.8543787
3.0125477
6.266971
2.2146273
1.7953328
4.05676
4.8059773
2.1309922
6.925802
11.049181
6.9082937
2.4661236
28.089512
12.532826
1.67663
4.0167
3.7199254
8.625224
7.3680806
6.339959
4.1519275
4.391848
2.225196
4.1316366
2.639368
1.1684239
5.410916
8.230509
2.9164603
3.5357468
2.4359775
4.3600645
4.613752
1.3172568
2.9159882
3.6107213
2.2839527
5.907434
6.778579
7.9082704
1.9794972
1.4662305
6.3686748
2.8656116
0.81793594
2.6281955
3.3614058
1.5632656
3.1730142
1.8468286
4.124966
10.302379
3.8113751
0.5957429
1.8745474
1.6430106
0.8537548
1.2061558
4.133458
3.9390557
9.8941
9.3278475
2.672123
2.7649727
5.7914333
9.941511
2.7766902
1.3902351
5.378
1.2914345
1.161952
6.7669015
5.225344
2.3925982
8.699484
51.10396
1.3044883
2.2812674
2.863899
4.08032
3.9453297
12.833755
3.0644624
7.257881
1.6383882
0.82021695
1.3336992
3.7616787
0.55114883
5.8301687
0.92721504
1.7356828
2.0590665
2.7334826
2.6020794
2.4080305
1.7488807
4.07713
8.52293
2.1222074
1.6229322
12.017384
2.7490537
0.71288735
20.100002
7.761278
9.499931
3.4435132
1.4355263
3.1394653
2.1007588
4.277027
3.4700663
3.1799634
3.5912333
4.710062
3.5590396
6.992488
2.9090025
10.707131
2.547724
5.161012
4.367246
1.6925502
8.449895
3.9024637
7.8087983
9.175671
3.586308
12.201514
4.7795267
7.940241
1.796275
1.8028924
6.345329
2.1366374
52.785194
2.2797601
2.141766
6.7337794
3.6967201
9.082097
7.3116145
2.0700645
6.7933593
4.401761
12.621368
5.7205005
6.6359015
2.9449198
1.7618551
2.7576823
1.9634857
5.127399
3.7694743
2.700146
1.6457132
3.3041937
21.876728
4.4710226
0.59669435
1.0423908
16.105186
5.0583954
5.8014774
2.7048326
3.2042332
1.8009044
21.887941
7.3451185
2.608316
4.9596148
1.9975959
1.4000859
7.104081
2.2216148
1.8961649
8.892656
2.350684
1.8206959
2.8995287
2.1562304
0.6741562
1.914065
2.5942178
3.4374697
6.9882607
3.9682667
8.707071
7.895028
1.5910966
1.5202163
1.8708332
1.3524785
4.4931293
2.6342561
3.7877371
1.7024535
4.6543427
2.428946
1.873391
5.9432573
1.6012253
3.5879288
3.5659392
10.544664
2.0913818
8.577156
2.258658
2.6789792
3.3882246
4.3144097
3.502555
1.7790046
2.6715434
5.2759953
3.4218447
1.285668
5.6314507
8.470171
6.572791
3.7757688
4.1101637
2.0922856
9.901234
2.0462437
2.7423906
5.3747935
4.337996
3.7034519
7.074325
2.1416688
2.78179
1.7464466
2.3441646
2.168142
2.8250198
3.8133254
4.9697127
4.1554785
1.8054487
3.6487427
1.674544
1.2976824
3.9843922
7.074387
5.9056373
10.849628
8.151598
1.2640603
3.0146842
3.7429981
5.7303295
6.246854
10.170335
17.509674
2.6720672
2.244503
6.4192443
8.764233
2.418076
6.8204165
7.3147187
8.072534
1.6617215
1.670432
1.2862022
0.7422014
2.5925453
4.847054
1.902577
4.634855
4.8877
7.839887
6.161743
6.5509834
2.798559
4.598721
4.193956
4.4949408
10.78712
3.623153
2.2370756
11.603789
2.1687453
2.705872
2.321788
1.0306983
1.0178603
1.945528
1.1121157
2.392709
8.83968
1.2407091
5.06305
2.97122
2.4659278
8.45568
5.607194
2.7393687
5.7322483
1.7421932
5.522267
3.5626557
4.4898324
3.8622465
4.323732
3.446155
2.5793755
4.931139
7.32744
11.8266325
4.8464746
24.888763
3.8733008
11.328098
2.8304937
5.22575
2.3607929
7.104327
8.348338
3.4142938
1.9713733
3.3853576
29.256432
4.3956075
2.9073966
3.9762015
2.1604645
2.5666718
1.8608177
5.1308174
4.0905237
6.1482706
4.5893383
2.894938
3.9020045
5.9419813
6.428931
7.097166
1.1825408
4.1010227
2.8555043
1.4071541
3.208607
7.088685
5.709658
1.5042946
6.6412277
3.8528712
13.103093
3.606133
1.9326253
0.8573821
3.3974082
2.074602
1.1004449
1.873203
2.7366052
1.5594202
0.34781536
2.798877
1.8559316
3.5482855
2.4972725
1.9175158
3.0642662
6.308114
6.441225
3.0215178
4.346579
1.024877
4.8682766
12.741922
5.377147
5.268596
9.103545
3.2842007
4.7361474
7.4306545
8.512106
3.942517
2.5559745
3.85181
11.748655
3.2912543
1.8915895
1.4920772
1.7093378
4.4433165
8.910973
1.1421882
3.183913
3.1004474
1.0385226
1.350035
4.5068927
1.7330921
3.9829912
7.532895
2.962279
1.8672994
2.5119808
6.8093596
5.692613
3.467183
3.1048224
1.5979428
4.167164
14.138178
1.6416582
2.1954806
10.628796
2.1895082
6.049109
1.8574551
4.7961
3.0836945
1.9332244
1.211029
1.3497456
3.4622314
1.3331465
0.83585584
2.089149
6.3756957
4.763883
2.9911115
2.3789966
3.033071
6.1556993
1.1159717
8.743918
7.575466
2.232683
2.5457983
2.7846122
31.113518
2.6428683
3.2313104
3.984186
1.5414362
3.0953968
3.7371075
2.7618842
3.2096012
3.2737503
4.7625837
1.3064696
3.8098705
4.139489
3.2917082
8.378889
1.2656448
1.860521
7.1785655
2.7961242
1.8755578
6.75853
6.5733356
3.0508463
1.7549021
8.036924
2.2103324
4.8993974
4.8831754
3.5714538
2.082447
1.9904468
8.248415
1.1281093
14.9185095
1.8324937
5.733544
5.1659536
4.706348
4.111568
63.186455
1.452296
1.8086351
3.8003738
4.5571404
4.3752213
2.0867755
4.011551
6.33361
2.0407314
2.8232937
11.243726
3.7700028
7.5085387
1.3937216
2.4634492
1.9199356
2.6274204
3.2827632
2.1955926
3.8381903
5.8838177
3.578797
3.2635462
3.7347496
34.62186
8.842773
3.5529094
5.4792495
0.84899795
1.6146103
3.343533
2.6173801
20.575577
4.1508026
9.961821
3.8150485
1.350473
3.1335323
4.2702613
3.146158
2.7035213
4.6533446
1.2588506
3.11142
61.337635
4.2372465
1.8399899
3.029519
4.9038706
6.6781387
3.9730825
3.1120331
6.360407
1.2926469
3.8787298
6.592132
3.29502
2.3239207
5.426007
3.6959155
2.9324245
4.822226
14.217889
23.082619
5.347486
8.902344
2.8021648
1.0795898
5.442421
4.217844
5.934086
5.28497
10.158791
2.6772838
0.6736367
1.3694736
0.48926154
5.8495007
1.8691635
2.9776242
5.1794696
10.858144
3.637839
2.4930608
1.9069394
2.9549236
7.7505484
2.2735722
4.3576956
5.122911
2.586436
9.870178
14.108897
4.176751
5.276023
10.647912
4.622454
4.369774
7.3961887
7.816423
4.50966
7.7016835
1.5210639
10.971813
1.535894
2.0020394
6.281755
3.1673212
3.8967125
2.903957
2.471437
5.0552607
6.907751
0.67560565
1.0098187
6.7931643
1.215457
2.2554157
6.815222
5.710911
2.2317357
1.9612743
6.300375
2.1554499
10.246674
2.8060966
2.6085956
1.3859348
6.2651215
7.032179
8.799603
7.1214094
3.9535046
2.1876087
3.1977549
0.92946965
3.6218698
5.1710167
6.7986875
5.659313
2.584567
2.059191
5.6618896
2.3958752
2.2767327
8.579953
4.414469
1.0595161
4.011942
2.920053
5.057819
2.0246909
8.77749
5.0521197
7.343305
5.1076894
25.802637
3.4352849
3.3288972
4.5587015
2.3956656
14.216979
0.80425024
1.7577944
5.5622463
5.1877437
2.1537557
2.1897273
6.6270885
4.515127
1.8834223
9.729067
2.6099486
5.0418196
2.0237744
10.57401
5.9194365
5.657905
2.132317
5.0302653
8.68377
2.2210472
1.9084007
2.6985087
11.918557
3.180014
3.9398654
2.6795418
4.110758
7.7007675
11.580056
2.4417434
6.234956
3.0583308
3.59324
3.2303774
2.038932
6.1260834
2.8903916
2.18414
7.679406
0.98154485
3.288985
1.7600951
2.5181873
0.8831421
2.2976463
5.8005524
1.9513679
1.6234466
4.5005927
1.2734824
2.2577972
5.093021
7.979265
11.098994
1.8218747
3.0829074
4.940368
3.7081225
3.3490922
5.23298
5.2164316
6.9459777
2.250994
3.571259
3.7545288
1.5906014
3.8171942
2.2177587
0.7249445
2.7908812
1.8226097
17.325563
2.53306
3.9763105
6.6752977
7.5310826
5.7719283
1.6688867
5.7502065
1.9083209
10.559406
3.548991
2.6445165
5.6423497
2.1580908
1.7368833
3.1392908
3.7331026
3.5663624
6.9082456
1.473874
4.5899086
11.638553
1.5447646
7.1461186
2.5790632
2.0977557
15.215994
0.8195851
5.938635
2.7783399
2.3392804
4.5602274
23.088093
2.9723976
3.9995184
2.3050568
8.148256
4.209505
3.0712945
1.651359
3.260177
1.6672369
4.4510536
19.309175
1.7293264
4.112774
3.8643825
7.9845066
3.41428
5.309774
2.6540642
1.8555526
2.4423525
7.4788647
7.3455305
8.392855
4.3479123
2.5967152
1.7672255
1.6549449
4.877077
4.0951777
6.286874
8.418048
1.8613074
13.257226
2.2490158
4.2078667
2.574191
1.744887
1.6192096
5.2253747
2.3059897
1.0234809
5.8571463
0.2950337
4.9594617
1.6102062
4.7657647
2.784613
1.2458323
3.0222323
4.371838
1.9507298
13.144896
7.62097
3.8121047
4.921156
6.3446283
1.0338708
0.9559306
4.178106
4.6168613
15.594148
3.7415528
5.3159137
3.9959085
3.2880213
4.509295
1.859028
4.408818
5.2445664
2.6039972
1.3934277
4.2520647
5.7066875
2.7903278
1.7586472
4.4388294
2.320751
4.7082534
0.75131315
0.96002084
4.5470705
2.516706
3.9037673
3.1964464
10.405025
2.5953958
4.421096
4.0996966
5.0351915
4.862745
3.055681
2.334308
4.6319513
5.246593
4.4729195
1.0831722
3.0049229
2.1379247
11.210121
8.42898
3.2499251
2.7735484
7.332325
10.000732
2.7670815
11.829976
5.886613
3.878547
19.831219
6.2142706
5.015991
5.506479
12.479687
7.433322
2.0657377
6.13799
5.6921387
4.262219
1.7114669
3.132551
5.089412
8.640313
2.3425105
3.9268243
2.5265563
2.2567058
2.2439759
6.390343
5.8106503
1.7999048
1.7286245
1.8296224
1.4773433
0.8395709
1.2014426
2.9014442
5.770952
4.187916
4.454723
4.539344
1.8564459
3.6537886
3.5058434
10.094619
4.1153517
3.653298
3.8955696
3.1395972
6.5937514
2.7471204
5.3232374
5.966004
5.549669
2.1743326
1.5043375
0.8832178
5.557191
7.284957
10.610657
1.153952
4.874605
3.715722
2.3196282
1.0563978
4.3658633
2.0439222
3.3751094
2.467559
4.323715
12.634346
7.8059087
1.3050036
0.8031293
18.939434
3.8238816
4.8106127
2.6193774
4.5309033
3.8984437
3.7891846
2.1584232
1.0146482
6.3339972
2.6316166
7.364998
3.5106142
3.4744258
2.167809
3.0243044
4.762193
5.957765
1.2494496
4.220177
1.532716
5.184026
5.340723
6.2506633
7.763028
4.234519
0.5946298
7.0646353
2.80199
3.2498288
6.2148423
2.253613
2.4943788
3.323122
6.649523
7.5130453
6.5672784
2.0053072
7.202564
1.7596155
14.958443
3.69057
2.4398284
2.3980968
5.4096985
4.8642206
3.4941788
13.704764
2.512628
5.317571
12.615278
5.146573
9.490877
1.2370374
4.0209246
8.679047
1.303493
15.154853
3.3684785
2.6202476
0.8534786
0.972209
4.2891545
6.5562396
3.6608613
2.687003
1.4354022
4.0355654
6.3191957
6.984458
2.224481
2.1729672
2.494366
7.1814146
2.26499
1.7635878
3.7767947
6.180168
0.85613835
3.1242077
1.4930562
3.4136326
2.6093268
0.9684571
4.3493385
6.427122
2.9354296
6.5761085
4.7452683
10.892445
1.7759212
2.728758
6.9539957
2.587876
2.7544224
7.524809
3.8958578
4.4933057
4.167199
2.9613743
7.160469
0.42925665
1.5756526
6.5854435
14.150266
5.024734
0.6531386
15.380549
2.0748904
5.043976
3.7888322
6.1719317
1.2783014
8.225917
4.438969
2.1496959
8.13934
3.8806584
17.797762
3.2554307
3.968344
1.2839227
5.000919
3.8861332
2.067104
5.6518245
3.0796576
2.0187168
8.246489
1.8292563
3.2016375
2.2197378
8.844399
1.5485488
16.724741
9.292718
2.6748633
3.1162338
2.467105
8.423099
2.6351953
5.936321
10.224797
3.152114
4.7185473
3.1430244
41.119568
2.062107
2.46595
4.9517527
4.812522
7.278338
4.176346
6.9168406
9.7206335
5.542771
6.8010554
3.2530847
2.236663
3.321305
1.599328
4.9689856
5.619593
4.3053784
4.957376
0.80059975
2.3537982
12.764199
2.122305
3.865493
2.216169
1.9895425
3.6106343
1.8155497
5.9068017
4.5433955
2.9463716
4.42603
1.4981569
2.774647
2.3719234
4.4427805
1.9924728
7.475785
6.4086223
4.9179254
1.2080462
2.613203
11.052626
11.747669
4.4674277
3.3447642
21.299004
4.9703765
5.2992063
3.031579
10.606359
2.2057385
2.1780672
0.23416562
0.6815267
4.3508267
6.5906973
0.8217721
3.279969
1.6681817
6.362993
4.227335
3.8824997
9.519291
3.1383986
5.493731
6.934913
0.6169402
4.784889
8.44366
1.6039426
2.0296564
4.3199606
3.5071452
4.1482797
3.994263
10.133726
3.2548275
4.054829
3.8306808
7.9420357
2.8044484
4.135251
0.96092314
0.8992043
5.27611
2.8976424
36.44954
1.9023585
2.910625
3.8985062
2.4071422
4.785843
5.6858406
2.331705
4.546423
2.6272006
0.7336322
4.506364
3.3585088
1.8970188
4.5039043
6.6068797
5.6041985
14.383542
4.2911825
46.595528
8.764946
2.8650868
4.1349497
5.6970487
4.045041
3.1819835
4.158122
4.7430267
3.4722695
2.5837781
1.373405
9.832064
4.7510815
2.469276
13.957218
1.9534918
2.0878959
4.285643
3.7128417
3.276536
5.9655027
5.26749
0.42313305
3.5328145
6.8057675
3.2089286
8.806491
3.682477
7.5223627
3.7725613
4.401207
4.567805
30.452915
3.230858
7.104622
3.279595
4.1334925
1.8640407
7.867716
4.107976
2.8739793
1.5750841
7.937868
3.777337
2.6218042
3.28079
10.784011
4.6581306
57.758904
5.2698765
4.5855865
9.186672
2.3345332
3.6277149
4.4556828
3.017444
1.6508113
5.7824044
11.150369
3.4893215
5.746563
8.511496
3.7189386
3.3667357
9.682828
1.8258902
2.0007458
2.232337
1.4004925
0.6313395
3.512035
2.161542
5.7880144
9.604505
4.528386
0.6375961
7.9827223
2.4667878
1.2014029
2.9510972
16.289816
1.2272395
5.2518625
6.346552
1.4158372
3.7337756
8.56429
4.4857926
0.6805928
5.1398606
6.00084
1.4090239
16.089743
9.077401
1.9809207
16.173178
5.207931
2.2773705
2.1610675
6.3307915
2.7160656
4.141947
5.437097
7.6202426
2.58756
2.9747872
2.9100528
1.8683429
12.441615
4.4011836
1.9411435
2.2049873
2.6733465
5.5244656
4.9291105
2.0495973
0.95404893
2.1382592
4.406602
4.0152473
13.943211
1.5494908
3.268763
5.568842
7.733284
6.4909167
1.5227927
3.35978
1.9073689
2.826568
5.5245557
3.0775156
6.0432067
3.6104596
6.0408435
5.0514865
2.6244256
3.4673028
4.6128583
3.4206553
4.5562277
4.753012
3.9430392
7.1469946
1.6643627
3.5925567
5.494927
2.4086697
1.6988775
7.431083
5.6931906
2.4994411
2.2497578
43.909203
12.518352
10.893235
1.8314359
2.8665946
0.5062425
8.0561075
4.256001
1.4829677
1.896212
2.1364512
4.288467
2.662749
2.9659674
6.8874846
10.128567
4.2955284
7.3606973
3.549605
0.9771532
6.1256976
0.8224554
3.7949996
2.1102645
5.97432
4.0228
6.9401
7.8541093
1.2153016
2.8748116
5.045617
1.6249506
3.062647
6.274951
58.452324
6.314429
3.853853
1.9468807
4.407146
4.979959
2.80185
5.6545234
2.1113167
5.266885
3.2551343
3.691951
4.3278594
3.5869038
3.020276
5.6333427
4.503631
7.521086
2.7102182
9.66943
24.30388
8.370558
2.122974
2.6192203
3.2363203
2.5951002
7.110984
2.2273068
4.821326
1.2623936
2.9364161
2.9853442
8.313541
6.318049
5.1410456
4.0100737
3.9600496
0.9425565
2.5258858
5.2026634
5.8973675
4.7623205
10.968835
1.1380624
1.1790376
3.717185
6.3922973
7.345668
2.4437473
1.946257
3.857321
7.2513585
7.2952056
1.1054082
5.6638155
3.1870484
5.858251
3.2052872
2.7870023
4.981591
4.1281457
5.022612
4.0711737
2.6089349
1.4058713
4.697224
19.964483
3.6101677
2.300725
3.3027272
8.739015
9.354972
5.0150404
0.97215945
5.3052588
6.5921082
2.515967
2.4370182
5.769422
1.1438165
1.318988
2.073
0.41515636
6.1783996
12.488418
6.8328075
7.5005608
2.420602
0.92503
1.0324446
5.0991993
4.5742497
6.333461
0.65894294
4.9675164
3.9478533
3.0333326
3.4314353
0.4795171
12.12514
4.573546
4.429161
1.7217706
5.7585096
5.532213
3.537192
7.0479474
2.1253066
5.70556
2.7833538
4.7807508
2.9655533
3.6137717
2.9758503
5.232784
3.8379478
1.1290542
10.021686
2.1274104
3.7888894
6.1760306
5.671686
1.6175268
5.460041
3.6460392
6.9236646
7.169447
4.5115404
2.4254978
6.6473284
8.23204
0.81632143
2.378967
3.393171
2.1037817
2.6977284
3.367015
4.926665
3.4154103
4.074086
2.171681
3.1611905
2.7456446
7.0133996
4.9452863
1.6053607
1.9772093
1.931538
1.8293784
1.0787117
3.4897604
1.4965599
1.7074244
1.2543486
4.3956246
3.6382978
1.4121768
4.2293954
4.345678
1.7638426
1.941363
4.514788
3.040403
3.3941185
24.781748
6.7689633
5.0493546
2.0118175
53.041508
2.5822098
6.4847655
2.7442114
1.6617588
14.075768
3.5447168
2.54674
5.2607775
3.6981258
11.190946
3.9378529
2.8823195
5.8990307
2.5235736
4.0375867
8.678907
3.8382134
8.749542
1.6446338
4.174883
1.2166442
3.938133
14.570882
1.7493509
2.5143018
1.523723
2.8675692
2.904529
2.2012608
3.641467
1.5569968
3.4076722
1.2964919
4.1653214
3.9155228
1.2888114
3.2314184
2.915496
2.1520987
2.9216554
2.0020916
4.6829543
2.6316416
3.9178731
3.2915783
4.686708
1.6764048
8.418585
14.142268
1.7377933
2.1549225
2.0743465
3.1142256
4.4082875
1.8757275
0.7740717
4.797658
12.251729
0.8491334
3.9466863
6.9714975
5.1562033
3.7725024
2.3985393
1.115053
7.911111
5.1845083
11.651583
5.75069
2.7528825
6.5624485
3.5915205
2.799445
9.536114
7.625795
10.722422
2.9519486
2.0596485
2.132853
49.814632
3.3670297
2.9505854
9.390711
7.562576
2.0386283
2.8630831
1.6837723
6.1327076
3.956015
2.4417028
9.56274
7.35047
3.6999786
1.5271685
4.6529064
4.428888
5.643551
4.997022
2.5020387
2.499053
4.564639
6.4298205
5.4417787
12.58612
6.4286695
2.7740786
9.52684
1.4809499
6.4881606
1.4279201
2.6179447
2.219783
12.750422
2.3695674
9.31709
6.6594725
4.4530025
2.1572564
1.5531274
3.3586204
2.5771275
3.6213813
1.6245306
4.426765
1.5094041
2.433124
3.6447396
4.5889206
1.2318275
1.206285
5.0850244
4.1949987
1.345107
6.067184
3.307396
12.786237
4.929726
7.0117283
1.7582309
1.1283042
1.6704197
3.471075
3.3118958
2.2306867
1.330915
4.023151
2.6958168
3.6338873
2.7426775
3.2236872
2.391921
3.8587353
5.283044
1.3943126
3.3622735
7.593584
10.71575
4.98612
1.106906
1.0604029
7.5465646
0.53653806
4.343288
2.5660007
4.1644983
7.8128
3.0003726
5.322497
2.856793
6.242057
6.988307
4.9110074
7.1470346
1.8801984
1.6943268
4.6157827
3.365935
1.7093006
12.69174
5.52731
10.282418
1.3354546
2.3746343
2.0017831
7.401143
2.1949382
1.8712548
5.7620664
2.9354732
1.9719914
7.134822
3.3666618
1.7643452
1.9004965
3.046921
4.2535357
0.78226393
5.3455877
2.909731
7.2907705
3.2553587
3.1128023
20.234861
9.707236
1.3493996
6.894808
3.1981938
3.4134235
12.829919
5.628531
0.382448
4.2319717
5.7764206
1.3108113
1.426243
3.5601287
6.6322765
3.613241
2.6701958
4.422827
13.258214
10.562887
3.740016
3.5326934
2.1050844
2.3088994
9.907324
5.79515
1.3854759
2.9279215
1.3307681
8.229916
2.3716698
3.9356225
1.2348672
5.948682
6.377532
1.3404307
1.4978386
3.700832
3.8287845
4.1293716
2.7853067
5.163638
0.43950358
4.528525
7.868407
3.4366312
1.1518332
1.3889344
1.8042872
3.3544612
3.0390568
3.8477027
2.8654363
3.5932856
5.7092805
5.168146
4.7227445
3.9489295
3.6645296
7.2593946
2.675005
1.4415457
3.02301
7.557732
5.7480006
5.8264365
3.475794
3.7942922
2.810906
2.045825
1.9624379
2.4612923
3.5566673
3.6715968
3.6385486
3.2518532
3.0349343
1.7452058
4.751085
9.586695
4.283326
1.659441
3.4300323
12.497928
1.9479334
2.9125671
4.091914
5.646946
5.036889
3.195765
2.412522
6.1748624
1.6530538
1.7458295
6.8154
4.2843866
7.048088
2.9874492
0.68911093
3.938891
6.2281275
3.249674
6.722715
4.2375283
5.226452
9.540635
2.6340864
1.6090591
2.6970415
2.8729775
8.275382
4.221832
4.1874638
2.4053328
3.8199613
5.0033665
10.121869
3.3895414
4.095099
2.7399662
12.11524
2.1729739
3.9486132
1.5857508
0.9310074
18.700523
2.1158423
6.0434146
6.7820134
2.464503
3.676794
4.3899617
2.7428982
5.6252656
3.207381
4.8349476
3.3431883
6.89973
1.1641356
9.598913
2.7254806
2.614203
5.3962965
2.296411
1.6220685
0.8297748
11.302137
4.3908668
3.9836855
7.259286
1.4652348
3.9635224
6.5751615
2.0528753
5.217721
2.727219
2.8897882
7.6451993
5.0384126
1.2986012
6.78258
1.817825
3.5169108
3.0267363
6.8469005
3.126255
2.179294
3.4416358
4.0237203
1.9731882
1.8572586
4.2492037
0.4520258
7.8231854
4.0429044
8.590043
5.7485256
10.811658
2.6984289
1.2841747
4.392801
3.3369331
3.379156
2.608243
4.908487
5.46379
3.1395116
2.2207558
3.1904705
5.6755137
3.29554
5.1697955
3.326495
1.743
3.4399328
2.0807383
4.4933248
5.3074126
1.4811984
2.2596982
9.084561
1.2910626
1.6775231
6.179709
6.304508
2.5402899
6.574985
2.8349824
5.170107
3.831451
1.3937199
5.623505
2.1395621
4.11712
5.044481
5.0704756
5.8262067
7.4323163
10.272415
4.261678
6.003332
2.2109985
4.303035
3.5125024
3.6017644
4.978565
3.75511
8.7805805
7.9266634
0.9378633
3.2909245
6.4164963
1.8893467
1.6692126
1.153785
4.288204
1.6383687
10.172909
4.868675
1.8345398
2.0000958
2.648607
4.009497
4.389311
1.8127216
2.4439857
4.4135504
6.9344587
5.0436096
3.2812512
7.531285
16.868162
1.4791933
5.3123903
5.2896028
13.289862
4.587058
2.2190979
9.554354
7.3827677
2.0436652
7.7111897
2.829409
5.4521832
6.908551
5.094136
1.6638793
4.6705704
3.0736485
3.9248629
3.629549
1.1390194
4.4479594
9.426779
10.470298
57.514187
4.4908705
4.7591577
3.9172256
5.7834134
4.4312406
6.240293
3.6927917
12.039558
3.637675
3.3332098
0.9063678
3.0935595
4.46973
3.0631936
6.8214164
3.0423293
0.39006606
4.1467986
2.2649362
5.5861726
2.283356
4.8947015
1.3047456
6.4697285
5.190391
4.690194
1.4840586
2.0184164
1.0824925
3.100051
1.6162608
38.164906
4.328065
3.6557682
2.7233381
3.8720787
68.37272
4.742044
7.551404
1.1113871
3.5249522
8.236494
6.6001444
3.8720257
5.0097985
2.9811728
6.0972676
1.3091185
4.114379
3.231112
4.0002832
4.124157
4.491825
5.450716
2.2063026
2.1619859
7.642383
6.215088
2.1848361
1.7118405
0.95547223
9.14643
26.725754
4.9429717
5.1230497
8.580649
5.5620637
6.6452093
2.33021
4.91752
9.607115
8.129784
4.664974
4.405399
2.6727996
3.6644793
3.6133585
2.0311592
1.9045115
2.5494668
18.71996
3.9554431
3.2750587
14.059572
1.9797053
2.7949538
2.5101888
8.074644
3.5808241
2.9436183
3.712376
31.45562
17.612223
2.8242323
4.8529377
7.5800767
2.668703
3.1643057
1.6459585
5.415586
2.4304998
1.4028909
5.486655
3.5095615
3.2316616
3.1546419
6.916763
6.059397
4.371739
1.9926978
2.0745237
2.8135755
1.0801607
1.4427272
4.0150237
6.9781957
6.752616
2.1688368
1.8255633
3.4054334
2.1916497
2.918702
1.7517706
13.180744
7.8714495
2.388514
1.9664664
8.780311
11.620094
6.3157663
1.534883
1.1201799
0.9603994
21.657482
7.4657187
3.4158905
3.8474836
5.6820154
3.1441133
2.8010993
3.4476385
4.187096
55.650906
6.317151
2.1373594
2.5148354
8.484044
0.97026443
1.9311407
2.3055315
1.2730544
6.3342643
4.7807393
3.0237644
4.1832957
2.099145
13.104749
1.6111766
1.2237463
5.540326
1.0291822
1.2622851
1.7887182
1.5253353
2.2370806
2.911595
2.0915933
3.4729548
11.630325
25.645927
0.748404
1.4780186
1.858379
2.0696483
2.9015944
0.5573055
3.6642106
18.575806
6.47361
5.1172166
3.791933
1.232891
8.631884
5.843583
2.5307057
1.9850749
2.238274
1.2787273
3.1874123
4.2785726
4.505259
9.177716
0.22970885
2.7899027
5.402215
2.4640214
1.8579029
3.9046628
3.7694545
1.8716375
1.6505426
6.468817
9.775597
13.378019
1.1593959
37.71146
5.80897
1.0276465
0.4302548
4.991146
3.8366406
10.54191
1.5977173
5.6653023
1.1250552
4.0491133
1.7063973
4.0258565
2.029663
0.8708426
5.705627
2.7321758
1.5244186
2.2349594
6.384246
5.541952
4.945261
4.5192943
5.7237945
4.7101808
1.6293265
3.2076676
6.1447797
8.465677
4.211019
6.0675974
3.4342687
2.2718923
4.084753
1.6285357
2.5249183
6.4117417
11.254076
5.957934
8.163539
1.8143713
1.9463204
9.555374
3.032149
0.42336196
3.5702817
1.403147
3.7975888
4.624837
2.1227615
9.358281
5.3549433
4.182116
3.905471
16.835226
4.205684
5.7449336
2.450777
3.2375963
3.3900344
2.460148
4.8391213
3.4418106
2.9972599
5.0784583
2.9068093
49.83129
2.4088707
6.2869806
6.840721
4.3031955
6.2194576
8.518333
4.7867885
3.9188144
3.7852528
3.646195
7.333141
2.2051363
6.8172474
2.162318
1.5056747
2.984081
7.806778
6.92803
3.395214
0.5296761
2.9380918
4.3495827
2.9170501
2.1516569
4.4462886
8.894102
4.8789353
2.0903077
2.2451067
1.0828897
2.6915593
5.6265135
10.367172
7.962282
3.5887601
5.991045
4.246276
7.936654
3.3800216
8.640267
1.4907638
4.540892
4.368899
2.7459848
5.866754
13.510001
4.0370426
16.571573
3.9638567
6.4535174
2.8153594
2.1971235
2.8936071
6.7032056
5.5011015
1.7546269
7.188338
6.96106
7.0763564
7.344052
2.578308
2.4462395
13.985888
7.8267455
2.0004056
1.4714303
2.6830711
2.5836148
6.1842422
1.7869214
1.5024028
6.414938
2.3596241
2.2314236
5.392584
4.0578203
5.853953
4.9563375
3.6857874
2.3404303
6.909039
9.945398
3.992199
1.1797017
2.868688
2.4489098
6.3967166
3.254532
4.445743
2.2165403
3.0743678
3.370734
8.00069
2.9624605
2.3884509
2.8468575
1.7607816
8.071975
2.9295714
4.055282
6.5603313
3.1440678
7.4686337
3.5331752
2.9494114
5.316788
4.468924
6.090169
3.5102255
0.88795626
5.2895503
2.6024485
2.3027225
18.850914
3.5235705
1.006924
2.5536027
4.2821336
2.0790064
3.4118965
6.4691315
2.454654
2.1635554
1.696875
7.218048
1.3759495
17.94715
6.6270285
2.0864897
6.379015
2.5105019
6.982564
2.2542
1.2067094
8.336354
1.1698946
8.0348215
1.5281658
5.890309
11.463423
1.9942136
2.8205466
4.159327
5.7510104
3.600959
7.248912
3.320305
1.0175823
2.9053032
6.666474
3.018264
5.969626
4.2761083
6.0258512
5.2158833
1.2861588
6.974536
3.9689534
7.5685763
1.8026778
3.8272173
6.378541
4.8654966
2.8405614
1.1904192
1.5276706
1.3906332
3.2439497
1.4189429
10.872907
4.8088245
7.925136
2.4295204
4.064228
18.652956
18.886438
1.9017234
3.0288885
0.28096008
0.9642573
3.4080777
1.8438863
9.426931
7.3619967
39.62769
0.70926654
3.8998215
2.5049553
6.1830974
4.2498055
2.7122083
1.0608636
4.7191286
1.7402605
5.0014997
7.806873
4.206065
6.4054427
3.0222864
4.2236285
8.661693
6.3110485
6.1830845
2.1893563
12.454315
4.9868402
4.0980935
2.434138
23.113346
5.552973
7.355048
1.5715201
6.1079454
66.297424
2.2118354
6.467953
2.967182
14.574696
8.421404
3.834369
13.370007
1.8120354
3.254484
5.101239
3.1415186
21.686869
8.145185
2.4035335
1.2651542
3.7020845
4.456859
6.3238378
2.09022
2.6561096
2.1539078
3.1027296
3.6945589
4.4557347
2.874046
1.7719796
1.0376558
7.6658063
3.5483608
3.5036538
6.5964994
9.486323
1.1145452
1.8200065
5.694935
4.865976
13.10083
5.8443465
1.1168618
1.4358275
19.970423
1.8134146
5.3247724
0.47634378
1.8992448
1.8335903
9.5387945
4.504551
5.873362
2.0959501
1.9347093
4.9747686
4.460793
1.7117765
2.7647135
0.9059202
4.967175
2.062397
4.264271
3.3757877
4.489516
5.40565
1.7582774
7.4288797
3.2370598
4.7620955
1.6447054
3.2002337
1.6593082
7.655326
2.015386
1.9514741
3.7212763
2.58501
3.112745
1.5251701
3.8401203
4.476962
1.5651133
5.4959116
2.0492492
5.85256
4.0501027
3.0449739
4.265384
5.400058
2.6226833
2.452994
0.86654806
3.1075625
2.736911
3.5622144
5.1946
3.5361557
5.433509
5.5537314
7.6307592
0.8179361
6.592661
5.8341594
4.1841364
9.108312
6.99268
5.515944
1.3073767
2.584223
3.5001168
2.7199533
1.6342462
5.754569
1.8138498
1.6741931
7.6629133
3.7484665
3.356821
4.827193
1.952576
3.512539
46.3235
3.0180132
3.0078657
3.6689503
2.8503342
4.365834
4.4793544
3.1251175
3.5251493
2.264451
17.01839
2.4978406
5.8144054
4.662982
0.6169365
2.0202634
4.226882
4.7078934
2.928167
4.3940134
4.08104
4.3529315
5.0626297
0.8108504
3.1770248
11.205223
2.3744311
3.787212
5.8214297
5.1199164
5.7926393
2.3253548
4.013971
13.129352
2.5004332
4.007183
2.488649
1.1166515
1.7162129
2.909593
6.92943
3.795165
1.1745493
6.2377896
5.711368
5.5348577
6.66675
6.916645
3.0945528
2.6138537
2.2254763
8.534293
1.0489384
2.0587714
3.150761
6.0254645
3.3723633
7.203565
2.9729974
4.081495
2.0564754
5.1234593
2.608405
6.4829674
2.0118496
5.098641
0.77080405
3.4502409
20.457743
14.233772
1.4790056
9.168559
12.912091
10.210316
3.7346551
5.837449
6.244028
2.3666975
4.1378036
11.107289
4.273524
5.93117
3.692689
1.9175028
5.6398683
14.005753
2.4809892
9.059073
4.0764146
3.6889458
5.067429
2.1327116
5.0301533
4.7589984
4.396927
1.048964
5.610248
17.192013
3.4273658
2.1267745
6.212258
1.463827
1.3128352
5.355271
21.53288
7.9265976
1.6051166
3.2482977
6.6601906
2.5669482
4.994067
2.430042
3.188158
5.3698893
3.342972
7.6380434
2.7300682
7.7468567
3.1853714
4.9568243
3.334392
5.706345
4.3640637
5.7031245
3.4633162
2.7251155
6.85631
1.9013703
13.975697
14.291337
0.6467633
5.5167384
1.996937
1.782146
4.723988
4.8761077
3.8973804
0.50896204
8.438734
2.5621235
2.422216
12.519957
2.6702971
2.927992
2.0906816
1.1000121
7.9320354
4.6791043
0.9955899
1.8749682
4.176082
5.495781
4.4783554
4.152823
3.7304
6.7003946
2.2799296
2.792905
3.1765976
3.0416212
2.6683054
1.9058883
8.872032
2.1960595
2.104717
9.462389
2.398075
3.2715986
3.6548047
3.4436712
2.3153055
1.6865103
3.8329625
5.7952294
4.895814
1.2476099
15.05642
7.3562994
6.947161
11.586006
3.6767914
3.5808651
4.969016
3.384016
5.068603
12.048978
3.9035597
8.498838
4.09867
1.7247752
3.535934
8.088265
18.29716
5.295666
2.8850133
1.3394177
3.25576
13.150018
5.3783975
2.8989487
4.2992544
5.61402
1.2192447
4.204201
3.387663
15.089268
5.5153494
3.5831032
6.9023414
5.6712003
5.7184315
0.56309295
3.0548477
5.4113636
5.8134995
1.4238609
5.2760525
4.102819
4.974277
2.2633908
3.024226
3.1766453
0.5793607
3.4150095
4.258406
21.460579
1.1942952
5.231007
5.4023485
1.435117
2.3938413
6.867108
1.4378989
4.2802906
2.3170311
1.9977428
4.5473766
1.8014145
0.8600136
6.808282
2.2519975
4.4888744
6.6855264
10.864302
2.5119
12.367222
5.7261896
5.9638414
4.695634
3.3479812
2.8023026
8.5581255
2.8404114
4.2456083
3.181948
3.8047955
3.6833456
1.9885986
5.1269536
2.2802987
4.274054
4.7914844
40.820408
6.373632
2.414194
1.4572129
3.4682643
4.071461
4.2574625
2.7658389
3.413388
4.2611613
1.8073548
3.1158624
2.089942
0.42037478
1.1038994
1.9890891
5.614557
2.868082
1.5301237
3.3180068
1.8737632
2.9724448
4.2166123
11.997337
2.0749393
3.4777236
12.570727
1.8581814
2.4931777
5.1918025
0.9411604
5.889429
0.8870257
5.5770555
1.7657589
1.9975766
4.384574
4.2746177
3.2620451
8.282614
13.199598
1.6202984
1.9387811
3.6112087
5.112918
6.641616
1.3291702
4.5335608
3.022188
2.2467778
1.8779044
4.6641893
4.426657
7.795294
3.5671551
4.9898744
10.895777
3.2353957
2.8485613
4.9195814
3.5936751
8.999922
6.2128754
2.3474176
2.8280919
2.4488366
3.1664891
6.1580524
5.8601284
2.8208165
0.76030046
6.7091804
4.804782
0.99021983
3.1726356
1.2709477
9.917733
17.724771
4.0725856
2.2206702
5.5156317
3.35812
5.8985405
2.7454655
3.2809792
1.558673
5.9228425
3.1613386
3.4978309
2.5516343
6.492053
4.526007
7.284051
7.1221185
3.5588233
2.7976265
0.8151715
9.488172
7.3103094
4.1978936
1.8506715
3.3756156
2.2001028
5.4388165
6.320821
4.842505
1.8579302
3.483937
1.870134
5.4909577
2.7920763
3.9924142
12.230361
3.9735312
3.2867522
4.66221
4.3527393
3.9710927
6.3977795
5.4829254
3.0784771
2.5356832
9.992407
5.2291565
5.979266
4.6172028
9.872594
2.684813
0.3985329
3.8998075
3.6763268
9.476389
4.0099845
4.9800115
3.1546824
2.2275887
3.8410807
5.624156
2.4893384
7.8755736
4.211556
1.7160808
4.76442
3.713536
9.44446
4.3586946
6.580245
42.501812
2.9924557
1.1738001
8.564599
3.006686
5.3920064
4.8100796
6.1891575
0.9186501
2.9854162
2.0589333
2.785549
0.83961236
8.507188
5.843111
4.937029
8.027872
0.9768153
3.9095967
4.469156
7.466421
0.967035
1.5267204
6.6208563
2.0767338
11.510427
1.7193782
0.8220603
2.2337246
8.119479
2.3286242
2.7877836
4.1208105
5.671891
3.8877294
3.4029055
2.4502504
3.1452293
1.8618857
10.111677
1.7303842
2.4029088
5.916746
4.5567575
0.8699971
12.602722
0.7767285
4.9242506
3.402256
2.5439677
3.2416031
2.473152
1.7327746
4.1922607
1.3708481
9.567134
5.2607503
5.470815
3.7922146
9.424025
4.1509705
4.379614
1.0702848
2.6620991
3.5695922
2.3200727
2.9749768
1.9716891
3.1952791
8.609512
1.9960539
2.0524778
7.816401
0.915673
6.339609
2.1060812
3.5845976
2.4631276
4.8855553
6.912056
1.7733306
3.1728387
5.9494257
1.0619473
1.55315
5.4206324
3.6913512
10.267584
1.5304279
3.651079
6.7868247
15.166253
2.6704264
4.7494683
5.339198
1.9896228
3.372495
1.0873234
3.1614854
7.542318
13.113389
4.5735455
12.882554
0.9959001
3.4254909
11.580407
6.2869606
4.3696003
7.7785068
3.683185
3.4307225
2.7648597
5.954158
4.387202
2.7738776
3.2387505
6.7930923
2.7912061
3.082166
1.511138
3.3539305
5.166397
2.7636876
4.5097947
3.301521
3.5065913
4.5946445
2.2615051
5.538415
4.726344
3.5208697
1.6911682
0.9295604
2.5505629
1.9430459
7.398131
4.0128155
3.652891
8.025758
7.843222
2.7403734
8.56127
6.3398433
1.2361101
5.9212236
4.5306053
1.9285257
4.541221
5.7820506
2.4431028
1.9637883
3.1038313
2.6315374
3.3629305
2.2977839
2.8377008
7.040715
2.6107318
3.0662427
3.609919
3.644865
9.772435
9.101534
2.5201972
2.491256
5.796352
3.759533
2.6398191
12.102275
1.968066
3.7101142
2.8377614
1.9454622
4.14366
9.441601
3.3910916
8.782356
6.4894094
2.930535
22.228134
5.346835
6.334078
3.7619038
2.2582452
0.9015189
45.174496
8.089706
5.0321593
1.7669433
11.388383
5.84661
4.9152646
4.783011
2.3737402
5.21762
5.1969256
0.5210371
7.3480062
3.7664225
6.0984063
2.7673807
3.0884495
9.3089905
4.0434737
1.1828262
44.541332
3.0347033
1.9304229
3.99113
4.440888
5.7156672
4.777264
8.65158
5.918846
2.5816715
7.211052
4.3301873
6.8526754
3.6794155
2.5093791
4.4512887
1.6630536
2.395376
26.67754
5.414092
11.772288
12.41242
6.9551973
2.2229972
2.4658113
5.238964
10.166839
3.4366677
0.62395877
3.2855341
1.982813
7.661687
2.848778
4.6591988
0.52121085
24.030357
2.7153811
8.367522
4.5184507
3.899251
0.55969495
2.5984938
3.0138679
2.7084975
2.907839
3.6711135
1.2916609
2.0338979
3.528518
4.326288
2.8055892
2.9651434
33.130527
3.1104794
3.4383445
2.944052
2.493042
2.436109
3.1408696
6.137407
6.25227
4.8035536
0.5950901
3.5047255
11.870019
8.801645
3.8193777
6.517207
4.093022
1.1498754
21.443754
3.3870263
1.849143
4.201353
3.049774
10.100294
2.3293402
8.974369
0.6744228
1.7867169
6.7743535
1.2914788
1.7013152
7.046651
1.7578837
4.0873137
3.6009357
3.1072655
1.7903745
3.8896008
6.2754264
2.49413
4.1332965
1.7048362
0.8297758
4.061011
9.625395
5.0667753
3.537297
7.0068493
2.9523857
4.0664215
3.861853
8.742727
4.4121
4.3217325
3.3983414
1.9033601
1.6330191
2.6328287
2.8601964
6.3185787
7.2334146
5.1244183
3.3531377
0.9881069
24.769611
0.6229012
3.341214
3.4844131
5.387022
0.9366289
2.788662
0.9879781
6.7008905
1.1445535
1.7970198
3.174007
4.289389
3.0270598
3.9136624
4.4171205
4.210902
7.093796
3.4706116
4.43906
2.3159873
3.5860584
1.6796664
2.7361608
0.13595755
3.9843187
1.9914882
1.8917332
4.408724
3.5196588
2.0792522
5.9254766
3.1156049
1.043235
2.4209707
0.8756101
3.0569727
5.6819673
4.737505
1.3260419
1.1215501
4.3647017
2.293599
6.3865685
4.373808
3.267765
14.961943
3.5537236
4.386997
2.474233
6.1089315
4.4297256
2.9078631
0.9945265
9.3061285
1.7895468
3.24261
3.698402
9.618347
1.8024193
6.0412407
3.9744778
3.1705956
5.853742
3.4840474
2.0057158
2.9569664
2.8768642
5.9666123
3.233655
2.9784708
6.928351
7.7948675
4.78101
3.9532845
3.4984267
3.4288895
2.1681957
3.8287923
2.5949457
2.0513647
3.2243595
9.088071
5.6148214
4.0909257
2.152312
16.93611
4.038814
5.554565
5.628543
5.145707
2.2049499
4.419962
2.3747625
4.0143127
2.257884
4.3174596
1.1392872
7.9239573
2.5362604
4.5838375
6.5965886
4.1080246
4.2540174
40.05908
5.877538
2.8361032
2.4190514
0.75922513
4.587949
3.2551181
2.1687498
3.8812506
0.8564625
7.1225805
6.7034082
5.3270793
6.482582
4.891084
4.3095546
4.6167955
2.7121615
8.078199
1.2717826
3.5274875
5.320047
3.288552
1.4614089
7.0143933
5.93462
3.6366742
2.3820066
5.5720944
2.4836326
1.6161003
0.8065428
3.4747295
2.7196016
2.1919816
1.9800636
4.8541493
3.194073
5.072254
2.3387332
3.9017603
1.992845
3.7593465
3.359279
4.1863112
2.9646971
1.0595318
1.6109587
10.701045
2.6594136
1.3773222
4.565896
2.892755
3.4681475
6.372052
1.4722189
4.2079425
3.5113685
3.9532938
12.91072
4.1485105
1.9226122
11.774955
3.4830515
7.0541096
1.3856573
1.9332575
11.17743
4.758162
4.825375
1.7068545
2.7037036
8.323259
2.1845317
1.3260903
2.6013424
5.3724837
3.006947
4.792063
5.8992486
3.7281117
4.319829
5.433457
2.4636514
0.38875976
4.358979
2.23769
1.5114218
4.216911
2.6543107
4.167705
6.6915464
0.8140311
5.2904077
5.22364
2.953233
0.39465788
5.5728955
6.4288163
5.4543777
11.848194
0.9823604
1.7945014
3.083019
1.5062634
4.490451
7.320307
4.8643336
3.428215
4.5011363
1.4743102
6.277917
5.2122083
2.901938
3.2728462
2.5714018
0.87523067
3.376196
6.8537593
2.7857106
4.0030694
3.6800673
5.196666
2.5541096
6.2742443
5.9682407
1.2114006
2.5852613
8.206304
1.671995
4.061785
1.6165874
2.92128
3.9585643
3.128691
5.1929836
5.601761
3.328633
2.6988351
4.7382107
5.269654
5.4570107
5.669582
0.37034136
1.8631955
3.3749347
2.1144931
4.599475
3.8309906
2.6052346
6.0174775
1.5063094
3.9073489
3.6834607
1.9687631
3.153778
1.4737358
3.3233874
2.2671242
6.9212923
8.395774
7.7758856
3.695587
6.416886
2.571355
2.2608974
2.7024539
5.3805156
1.2808367
1.4527273
4.154814
2.3813324
1.4597282
2.2906952
4.5682044
3.4818854
1.6225028
3.7542605
4.3344955
5.738882
4.0482674
3.96677
4.835085
5.66116
1.5179116
1.5332062
2.8757243
3.1087978
1.0496795
8.0113735
3.4542716
9.40073
4.8478293
2.439459
4.6446543
6.8307734
13.177065
1.7992437
5.2468963
3.0637956
2.1881456
4.5767527
4.932027
3.150362
3.6339915
3.63346
8.741787
1.3162148
3.004468
3.4183679
2.0737593
12.840033
6.71246
4.130095
4.252811
5.3690577
0.92397636
3.4633045
2.9564042
3.5923119
1.1519156
6.130795
8.201404
1.2645112
2.704855
3.888416
2.9399307
3.72808
2.519967
1.9171224
7.3013806
8.074071
3.9250407
4.373664
3.527555
3.340408
5.3938937
5.3522906
4.862651
4.934578
4.162506
1.1867985
2.550336
3.4041004
2.0779712
7.5131693
6.477399
5.7126865
2.2945132
2.320733
2.2443922
3.999573
1.6987493
1.6944948
8.12933
5.32642
10.30809
6.053997
5.5872273
4.012582
4.7810946
6.878739
3.3782575
9.1146555
3.5922668
3.7713048
7.28724
2.6766946
2.0420146
4.149195
5.4659424
3.4067194
3.4192832
1.6127036
8.501619
9.469892
1.2009748
2.3729007
7.6293507
1.4526051
4.5201993
12.5557
4.9662704
2.835694
11.348874
5.1165833
2.6570852
7.0685554
10.40245
14.247746
3.5488114
1.3586285
2.1388874
2.0567594
3.6645322
4.0327697
10.625586
2.9109325
10.99653
4.086884
3.3249824
4.555086
4.554108
2.5200577
4.3438907
10.260772
7.3569727
6.738939
3.0232892
3.448941
5.7612557
1.8689901
3.7248805
2.6017258
1.9033456
6.163296
9.463602
1.5553377
3.2478168
7.505577
3.7363284
4.2066913
3.0410562
4.4732723
1.1465067
4.5079083
2.0427172
3.7534223
5.5550756
3.7258923
11.354366
2.7501576
3.8142517
3.645371
3.9346685
3.7309694
3.4807875
23.119967
8.657771
3.6706235
1.3940358
3.4112046
0.6161594
3.314034
4.606683
7.016427
5.2490015
2.8278136
4.6316504
7.4975615
0.7741415
2.7383678
11.861116
3.9454265
2.5369003
3.2266772
3.7145348
0.9263646
4.166132
1.7150095
4.4808435
12.130674
3.2550988
1.6225541
2.7779717
8.905048
3.8395631
12.878826
3.3272934
4.1857786
1.9458597
1.6138062
2.5854661
3.3742323
7.8178616
8.160024
6.9800634
1.4092126
4.9651327
6.8011637
4.5397515
3.7382123
5.24587
3.9712064
1.6921009
3.9827154
2.3115141
2.5683215
2.2746248
1.207666
5.8855276
0.52598315
4.942286
3.2526088
6.7331285
2.375563
5.445084
5.1355777
2.5913284
4.412471
4.484322
4.571151
2.8022933
3.795748
0.976044
2.7277913
5.3604345
2.3437805
4.479841
3.4562123
4.0338244
4.4440684
4.8765955
2.7690077
6.4523067
1.573465
7.079205
4.772427
3.5252836
1.8082043
0.19005209
1.949822
8.930042
2.0104055
6.2757177
4.3215427
4.634682
1.6384614
2.5558517
1.6729813
7.1085844
4.708694
1.2834367
0.5124755
5.1667404
4.1343193
1.21314
0.144698
1.6895528
12.748054
4.379737
0.5133029
2.3243375
7.410422
4.3421497
5.39774
3.9279637
7.802571
2.9487326
5.721005
4.222866
3.6498494
5.239205
9.517899
3.0741832
3.5158243
1.5216955
3.1750011
4.487183
1.1762339
2.535652
3.331986
6.7765207
5.002371
1.3623971
12.421132
2.6888013
2.0855017
3.5203106
4.3348346
1.9064497
1.3081636
2.1451757
5.2892976
1.4888457
6.3673344
8.141171
4.0239387
1.6899089
2.209495
3.4238324
5.23486
3.175888
3.300446
1.1502101
1.1046485
1.5211612
3.4436436
6.4864173
4.31632
3.147368
5.589298
4.015287
8.176986
13.4101515
4.9511213
0.6193674
5.058439
5.203776
2.0620327
1.9825876
3.1930032
3.4414258
7.4563265
2.141661
2.7251673
5.3176465
3.1653275
2.0802186
5.8330355
4.2675724
13.09648
5.49061
3.5062075
4.232615
3.8060758
2.4790657
2.417267
3.1935105
3.8367734
2.5923421
3.3606486
1.3416294
11.41569
1.6449538
6.1921697
3.15244
12.134089
0.93557805
5.4914646
8.240116
2.8208835
6.091812
6.374997
6.166266
5.3703027
0.5491932
2.2575219
5.5323176
6.3950124
26.99051
2.814535
2.7102482
4.2602296
7.449442
1.9771683
2.8370814
4.9463196
4.5167027
1.8130143
6.862904
3.5686436
1.6188852
3.276701
2.9430196
10.05012
4.1230955
3.7073824
1.4411784
1.8642325
2.192599
5.459679
4.1413364
7.4987593
4.839208
0.6397935
1.491676
1.025594
3.0980508
6.045254
1.4365243
2.536793
7.238551
4.516878
2.7982676
2.1993353
4.211635
3.7492871
1.2801749
1.5285566
1.9475145
2.5348368
0.31641522
41.98049
3.5676653
2.7353475
6.4972854
7.109132
8.743204
4.9009666
13.061205
1.59417
4.5235705
4.012218
4.92389
1.7877132
4.844979
2.6297154
2.9440186
4.985533
1.1486533
5.326364
8.413312
6.026644
7.7584844
3.7718859
3.424469
3.399889
3.766125
2.0497096
2.252234
9.647507
1.4230645
9.888143
3.0504136
4.027795
5.9052863
3.3462853
3.0634716
5.201929
2.7981348
4.003949
3.8334603
5.658778
2.520133
3.8951852
1.8627269
8.466195
3.9828992
1.7162776
1.6533345
2.2396743
1.445342
4.851905
1.227991
1.3719543
3.299698
1.7709551
1.3284913
6.971908
2.8330224
24.269716
4.8161716
11.3361635
4.921655
2.4618897
1.1436685
5.463302
0.88911265
0.8141887
2.966623
3.453818
4.7075257
5.0942674
3.1180198
5.9170966
2.2519422
1.7997309
10.117315
7.973786
1.6125764
2.2334485
10.371208
3.6329412
6.581208
2.8574147
4.4583707
1.2234662
5.6932945
0.49514833
1.8981627
4.4933085
7.4842124
5.482729
1.4844376
2.6692495
7.2433944
3.2935472
3.7986622
5.9555254
5.053426
1.1277088
8.3894415
2.1974025
5.8006134
5.0022984
5.175393
4.232405
7.8827806
3.5193439
3.441525
4.374162
1.6263872
2.818002
3.2992115
1.4752346
1.894777
2.5480516
0.98421323
2.0292966
0.6845781
10.388851
4.2985806
2.176967
4.48055
2.7585402
0.98741686
4.694906
2.219744
2.3055427
4.4545283
12.199717
0.9015398
3.638491
4.452533
1.7129428
3.2963805
3.948107
3.3653567
3.8240216
0.79340506
7.771334
1.2956784
2.5724585
5.226978
31.320963
1.8708256
8.869223
6.4808846
10.899704
2.7442088
4.196536
1.9653256
1.568395
7.65337
4.481747
0.60387844
2.3569481
2.9881783
0.87744594
2.9484887
3.4865735
1.3791473
2.401626
1.9771628
2.8820367
6.532346
1.9735862
5.36544
4.964517
3.8969674
6.2667065
2.8133514
3.5774622
2.9619312
6.0601783
4.955133
3.1282144
2.1305008
10.995297
1.6504899
2.903598
5.889477
4.5413637
1.8688139
2.6310942
5.940187
8.199584
3.9662766
8.365798
1.1720192
4.836535
2.941998
1.7486494
4.023367
4.9655185
4.340486
3.0541835
4.2281275
3.4058385
8.75306
4.591748
1.2599227
2.5020552
3.064035
5.185808
2.4221978
1.1491901
0.6182677
8.659894
0.44322696
3.6273158
4.280559
7.7819653
1.872147
1.1987742
0.834131
2.0238178
3.3365226
7.0451283
3.5292397
3.0095787
7.077303
1.7215288
3.3645375
0.7769844
2.474561
4.3691044
1.1333973
2.5691946
2.8346708
5.370148
3.7701573
1.6796575
2.7392807
4.373899
4.116344
2.725387
6.059922
2.7600172
3.212834
4.517255
1.3727779
3.6684396
1.427909
6.414886
7.1947618
4.0647764
4.765502
8.801077
5.7546754
2.218408
4.4712114
4.373518
2.21089
2.6439588
4.3009715
5.158471
1.7284734
2.0725439
14.604462
3.4498172
3.8583753
8.802938
3.3096657
2.7075567
6.6519275
2.3841128
3.2986991
4.337232
2.6241531
4.379314
4.98501
4.344474
6.2073092
2.429416
5.6307273
3.948922
4.516741
3.974797
0.8473274
3.880692
7.149066
4.079404
2.733138
1.0059948
7.0384073
7.260369
3.4420855
4.5337
1.5665035
2.480673
4.0045156
4.049974
2.6453288
5.04657
2.9056337
1.1758195
3.6624863
7.151622
7.4222703
5.895749
3.8716512
3.4565828
1.4469966
2.8160443
17.649422
1.8205467
3.3900383
2.0418768
4.9985156
7.003501
5.6122136
1.7732406
2.9138963
7.839055
4.230767
2.3375893
5.517951
3.4705384
4.0524898
6.6247025
11.073173
1.4982618
7.2536454
2.0167234
4.509056
6.3224874
2.8318162
2.463605
3.9334466
9.412773
3.2895186
4.2314973
2.9983761
6.3650947
19.973322
1.0988919
67.05396
5.14311
2.0550163
8.909217
2.40591
0.6473757
6.713989
2.2638643
7.113763
4.2947383
4.3823667
1.6505747
8.159456
1.1389496
2.350578
1.9993132
4.8905945
5.3541484
2.7218125
2.3412738
3.0677354
2.7411528
2.3799248
3.733552
3.4800804
2.2441602
4.77467
2.585888
2.8575256
2.1584363
3.4680116
1.7545947
6.0547643
4.1267495
3.0754976
3.494203
19.26814
2.415233
5.15176
1.8977648
5.8580184
7.4089236
1.6020043
2.3945208
10.433924
1.6170194
5.8957057
3.9491885
5.1169534
1.8168157
2.3563423
7.5296383
5.791864
3.2141964
4.775721
1.8727795
6.8564844
4.2514577
4.588925
6.193249
2.5549
2.9362152
7.452435
3.2131119
2.456994
3.9389756
4.7100086
11.815355
2.452256
1.6814768
4.3693647
4.287195
6.637168
2.2669876
1.3813562
2.978452
1.4626079
13.858977
5.186578
4.7823586
5.789308
8.870564
2.5198383
5.2131715
5.4873853
1.7782999
14.45923
5.701768
2.809463
5.8540626
9.30647
3.6040502
0.44090778
2.1313777
4.7795696
4.663804
1.9426999
0.6636952
1.0522162
4.238541
3.367799
5.0430694
2.378145
6.1963115
1.2578416
4.014228
1.8215777
1.8758653
13.434175
7.3422327
4.907456
2.5545373
2.3086174
11.574478
7.252078
5.7311482
4.2731557
11.978066
6.0304127
10.167372
7.6179013
6.960537
5.757054
2.5849056
2.1558259
12.637475
2.9599576
6.9270697
4.215081
0.79379267
5.6238384
2.3841338
4.9825387
2.7370396
5.500744
5.714976
1.2687049
2.88937
13.327207
3.3217323
4.306708
2.0043147
2.5556617
4.014635
0.5793746
3.0505943
3.1243675
2.168274
1.8635126
0.84618455
0.64558494
6.2863407
10.5627775
3.9615338
1.452492
2.3319194
3.8909132
3.5545423
3.7714725
2.7569165
6.1450753
11.688882
2.0415583
5.8343716
3.0439541
2.8759928
5.733192
5.9391117
7.8114347
9.5973015
2.440426
7.2821493
3.1432104
1.806152
6.231646
16.393143
3.215572
6.361453
2.0081062
4.0544443
4.107326
4.187762
12.268426
5.542064
2.2487748
2.9080398
4.7373943
5.2971454
6.3384776
3.5706527
1.15715
10.073397
3.3369415
2.4048948
4.8868294
3.5943487
1.4878353
1.5077387
0.9019513
2.2353904
3.458224
13.832238
2.6065586
1.5677536
4.4277854
2.708838
1.4309332
1.9126294
2.206466
1.6883847
2.5093765
9.827356
1.0782638
3.9249182
4.2584677
7.0156674
4.223339
1.5766743
3.1291583
2.6610923
1.8276179
4.9665008
3.7923014
2.6011453
4.4309855
10.045257
48.006847
4.9815135
4.6108093
5.859028
1.1735705
3.3528028
9.015535
2.3131356
6.4265265
2.8447242
2.8113506
5.847671
10.671402
4.5984726
5.3384614
2.039985
5.915964
5.3146415
2.8825002
0.61561644
10.991274
3.3140616
0.3738415
4.1041594
3.651266
5.619667
6.7845273
1.8537195
6.159616
7.808283
0.998614
2.1179264
2.7865198
4.2719765
2.24257
2.9714694
4.3321996
5.5243716
2.1991293
5.6635895
2.493509
9.697841
3.70477
7.2277493
7.688743
7.20972
1.1535251
4.5867248
3.1509469
4.695856
2.8116229
8.570035
5.6415396
6.9348507
52.698044
5.3550463
2.4933608
1.7955073
1.2673681
1.2300327
2.2739005
9.179634
2.3668022
4.9304037
3.5010242
4.1402287
3.6247346
2.0517128
5.9741764
5.264153
1.5505596
7.3917975
4.645443
15.891409
2.5313075
4.2456646
4.295687
6.5255985
5.627857
2.635196
4.6909537
5.8803563
11.5702715
9.8489685
2.245403
2.6394606
6.5529475
32.73806
2.6085737
5.5073843
5.6226377
10.100865
2.349193
1.5547943
3.0067832
2.2544239
3.6567626
1.2298266
2.0496638
8.293277
3.831839
4.520924
8.185696
4.385639
3.7802954
2.7670925
4.043603
5.991594
2.9153
19.66891
7.7138467
5.8955617
2.3215737
2.1484842
1.8025416
5.2585773
4.7461596
5.918094
5.0236406
2.0391245
3.3130345
1.5411319
3.0040839
5.0248466
2.357032
1.3367684
2.2129183
3.0146265
3.101804
4.334276
2.4616494
4.059882
6.714592
0.9648925
4.2298994
0.8867452
23.260653
1.8859984
1.5545425
5.276575
2.7531023
3.6385748
3.31788
5.950894
5.6139307
1.4415274
5.8107557
4.4424763
3.1613464
15.546721
11.130701
31.474226
4.417938
2.6408427
5.3462424
9.284553
7.0700126
1.583038
8.931843
5.9428673
4.626396
1.3421732
4.354772
9.936729
4.4048767
2.0114927
8.333329
3.7707298
2.981729
2.2054753
11.197917
2.6772668
3.7812555
6.3763466
2.405913
2.8222575
6.1729755
1.4919815
3.46044
10.566841
4.5174594
2.4177911
2.153252
2.5460787
5.0903807
2.0794353
5.2757626
6.3632007
11.793991
2.9624968
8.1790905
15.312341
2.2952144
1.5366588
7.729503
4.5319495
2.8611977
8.958561
4.897308
2.913531
2.9301312
7.0556507
4.971589
1.8122219
6.139335
6.7307725
12.18276
2.2419581
7.8806744
1.4433421
6.017416
2.125009
4.810458
7.0626884
1.99628
5.7332973
4.850459
2.8863544
6.6149015
1.5891243
0.66133374
2.6786156
6.1029897
10.210286
18.836552
3.7430372
6.072433
7.9043026
2.9628959
1.342739
10.128178
5.44258
5.7012506
4.203676
2.4530072
5.3464103
4.8594007
1.848841
0.5420203
2.1039753
5.294954
7.1168
2.1703
1.5572569
3.2585123
3.9683368
4.045871
6.2762136
3.9392452
2.8237867
4.0707984
3.1870222
2.2835355
3.6701856
3.6144526
1.6000187
2.180915
1.3746023
3.7543194
3.2055452
7.4165525
4.890519
1.8270383
8.69428
7.8673615
4.169999
4.4403257
9.980669
3.9178035
5.058255
9.95428
6.1544952
11.815069
15.670876
3.4874399
11.225655
3.0948038
1.9659861
2.9896665
2.550453
3.0088592
2.991433
9.050971
13.789826
6.063617
2.2074466
0.8769665
2.1749048
2.2591372
1.7598449
6.3258057
2.776329
1.4817888
3.9233282
9.412635
4.6323795
4.012523
2.5150492
2.7320275
2.851316
5.0234327
1.5783931
4.5223913
4.642747
5.710884
1.6993634
7.673645
8.433576
8.147623
2.9524102
2.7125506
1.8372666
5.6379952
9.126477
1.6657294
3.0680354
2.5304165
2.7408175
5.7038093
8.365395
4.536681
1.6861888
2.988881
10.591802
6.7367096
1.7832221
4.5364485
7.4897914
4.787237
1.5056528
1.9507307
2.5367
5.093704
8.072063
7.876632
4.611696
1.1578623
2.6123612
7.7043185
0.86006534
4.651235
3.5983102
2.0180717
48.93073
4.134639
1.0788033
2.61283
3.876847
3.389128
4.6188474
6.9034934
3.028124
5.9627
14.789153
2.8069587
1.9748203
4.162594
6.5371623
5.9017115
6.2961755
8.232643
4.5065575
38.080494
8.344599
1.853048
3.6896894
3.6393116
6.714506
2.6000633
5.340023
4.180633
4.0534573
11.459519
2.1355512
1.0406332
24.762451
2.7168267
5.5338593
3.8178072
21.012213
4.984525
2.2248518
3.2859962
5.459325
2.060127
4.7101045
1.4642922
7.1089425
8.455046
4.317118
3.9700742
0.64398456
3.683138
3.4471047
1.9602046
3.9945326
4.1323667
2.3486702
5.286853
2.2625654
3.2510026
7.935116
8.073135
5.5870395
2.5544114
8.742664
7.905978
4.56255
2.37266
4.463613
2.3371773
1.1820477
12.418413
7.3194947
5.589208
8.215838
1.2727147
2.4179165
4.9611335
1.5482173
5.704277
2.203333
3.446951
1.9602424
0.8006109
4.425365
10.2312
6.149949
4.077402
2.4910634
4.675229
6.2949786
6.1970096
6.844974
4.1997046
1.8081619
2.1828356
16.009623
3.8403168
2.837003
3.902986
12.42938
5.1826725
7.4677963
4.984559
2.0027812
5.184628
4.1335917
5.7400694
1.7043098
4.3328776
2.9782698
4.0843687
1.2195883
8.2235775
2.340779
2.1779459
11.464235
1.8062747
7.2605505
3.4452605
1.1710469
7.1418123
2.7752268
1.332849
2.462475
0.84331936
4.132801
2.5542805
0.852765
2.3186712
2.2476165
1.7115977
3.7061157
4.5241346
4.6024976
2.9290917
1.2068242
3.7766528
4.678784
1.5420874
5.4388714
6.081311
4.572701
2.8835766
2.8418922
2.3773382
3.0251758
3.5895925
1.9257482
2.8212147
42.951447
1.183416
1.0458989
6.905226
6.0161757
28.777487
6.8754735
3.795031
6.3571286
9.321603
1.0002621
1.2725055
7.64583
2.810901
2.6363668
1.8423872
4.7946987
4.6673784
6.5571423
7.5826473
3.115898
4.9281664
2.664797
7.843697
4.7978077
5.9397044
8.004607
3.7547922
2.206376
1.9467392
4.2627563
5.1726227
1.5423063
5.357856
2.4377315
8.686834
1.1693128
8.701087
51.91005
2.6956673
5.6828265
9.619491
0.4687123
8.188538
2.5476143
5.085501
6.2875385
3.3081827
5.1768503
2.748099
1.2109596
1.0400851
7.3643336
4.231375
3.8335996
5.5705323
2.6344864
14.060594
1.2283772
3.708964
5.7441025
3.1538997
2.288037
7.1560607
1.6813291
3.8429976
1.701595
0.34685138
1.1486281
8.403158
2.9726946
4.5896153
5.5843997
4.5703063
1.2109092
2.5809834
1.9465824
1.9062488
1.8376135
24.077536
1.8245424
21.884586
6.060093
1.124088
4.736465
2.6556199
3.0528946
3.9455411
2.6608796
5.467004
2.892273
2.533427
2.2892156
2.7149553
4.1263566
10.3149
3.5966587
4.466991
4.1790247
19.391766
1.0077075
2.7339535
1.8400143
4.928302
2.3464396
3.3196366
5.4467506
2.2456186
4.3667326
2.168002
10.793171
1.6379157
6.172541
2.9427297
1.0352721
3.3946748
2.1319041
2.7890227
2.7550619
3.4037254
13.637808
1.593837
3.7658112
2.6005225
2.92665
2.28577
2.518667
3.100497
1.4730403
2.819341
3.1569602
4.1894245
8.494346
4.0650063
2.0520554
2.9468994
5.854119
3.400448
2.8422525
4.8553805
21.457052
3.4646642
6.463683
2.3751175
2.7321815
2.9848228
1.0717596
1.8808969
3.8326702
4.940198
2.2485855
2.5948586
8.146884
2.3173194
2.4781725
7.7306714
2.455751
4.0187016
1.4394363
2.0980806
3.4037604
3.4733162
3.4717195
1.6447603
3.8988838
3.16733
3.8959975
25.891685
3.0961854
4.9615893
3.602194
3.5259602
1.6558675
4.624987
4.6462154
3.8131602
1.6899858
2.3044972
7.487193
3.8809886
5.6883626
3.382809
1.2778956
3.974962
1.905123
1.7218277
1.1247166
0.9233533
4.5212393
3.3532228
1.5339597
8.545045
4.4808006
5.2806196
3.7685273
4.960976
3.5600407
4.7616982
4.0546575
0.53106266
12.005395
2.495861
3.1627808
2.2946012
8.383605
4.2952805
1.7206066
5.8747606
4.175261
3.5888271
1.099613
6.3255205
2.4906504
7.8632336
2.3554502
3.730724
2.671967
2.9176242
2.809022
3.476808
3.4092054
5.2387834
2.2994986
1.9989133
3.9735985
4.495825
3.133435
3.2421274
1.364474
6.69336
5.945891
5.9894176
1.7783061
8.3032465
7.825579
4.496077
3.1953504
5.729272
1.7669349
1.3326923
4.2803793
7.01793
5.334231
4.613956
3.089712
3.0490131
1.7378823
14.103655
1.4928104
2.9866605
4.0793195
11.914071
5.471359
9.211759
1.5615735
4.1339145
5.035545
2.6345932
6.5722985
1.9647411
6.1137753
5.1570787
3.3028548
8.455751
3.9277928
4.116847
4.043938
2.4463542
3.115319
1.4995832
1.815904
4.216912
5.5524044
3.0288556
2.4617267
3.5594974
2.3163295
4.039311
4.4598384
2.4800303
4.789014
5.133909
2.9624615
1.8218598
9.810416
2.2160697
6.254606
5.002343
1.4661527
7.4561205
1.6734587
2.781959
4.6487455
8.676419
4.4905963
1.035122
2.4129717
5.707186
4.300578
5.518243
9.371697
3.8210425
8.690184
3.713665
12.756995
8.778586
6.7733912
3.0528686
6.150197
1.6857969
3.8052754
4.038681
8.556655
5.7519307
38.8506
2.5617187
1.7925493
4.9122076
2.4006002
4.8987103
0.4861475
8.078592
1.3973622
10.79391
4.852522
19.272545
4.4028378
3.2965777
1.8231139
7.6097984
1.5467213
2.335723
0.6628807
3.318487
3.2839954
3.9883459
2.8425639
1.9346483
6.5553856
5.215399
4.5966744
1.3114178
1.1428719
17.715406
6.066894
4.3913627
2.8926983
6.4731617
6.6366987
3.4806063
2.3990893
11.652211
0.9585932
5.3428836
8.456503
6.9470186
1.9738827
8.051803
3.7520525
29.095484
5.1604824
4.0526295
3.8706589
4.54454
5.6524134
7.782401
5.170894
3.3534737
1.9327098
3.8448298
3.9172323
1.7895174
1.2039772
3.0759845
4.345413
1.1960315
3.8059554
13.75947
4.3392653
3.3730297
7.337604
2.917993
2.4804065
9.261179
6.901825
8.346694
0.960591
3.1086874
5.801158
2.3109899
0.9076904
10.738244
1.9902068
5.071913
2.816371
8.790635
1.9735256
2.219298
2.1700609
2.189382
2.1665637
14.443481
12.63873
7.9224753
3.774202
2.8977497
8.801747
3.1494472
6.375243
2.5372107
8.284348
6.85301
5.402117
3.2484944
1.1295891
3.109749
1.7029711
2.5786226
5.604881
3.2348208
3.6756325
3.2309284
2.5626009
3.0722091
7.4952483
1.7529275
4.602753
3.8307695
5.456919
4.6112237
4.04404
1.9690665
3.852624
4.459968
5.738705
4.0562587
4.220237
0.30876383
2.1294553
3.707439
10.412325
3.3966222
3.2286186
4.986976
7.9686704
4.0714555
5.0408363
2.951673
4.34748
8.375925
4.3726406
2.984305
5.430139
3.9788225
2.1417115
7.685313
3.1439447
5.2496586
1.0871967
5.071573
12.546076
1.8508236
2.1885188
1.7209681
3.6134503
5.338157
3.4184523
8.785395
1.4995713
6.2161207
5.6009927
3.0938792
6.1913238
3.6446042
2.8998919
4.2232075
3.3040378
1.4357821
6.5728316
1.6826836
5.4570804
1.4910053
4.6929336
11.244993
3.8098533
1.5337996
6.77856
3.4392543
5.7113624
6.427476
5.528624
1.7009324
2.645507
4.048262
3.8155348
4.104099
3.739643
8.184658
2.8408167
3.7838376
2.3288865
11.672551
9.435661
4.1455083
2.5311081
3.1937814
3.8170044
4.2492304
2.475112
2.1192026
1.3722492
10.66103
2.6952608
4.3195734
2.1870217
2.3255737
3.0805414
0.93910676
4.4527864
1.5037314
4.286206
2.5483885
8.755362
3.1358898
28.203323
20.627008
1.7544527
1.4051281
3.590298
1.361054
3.9426503
2.3110738
3.9249275
4.883624
2.349255
3.6547723
2.5738192
0.4567422
4.6281466
4.0666156
0.7813271
2.2392707
7.5436206
3.6181588
5.1574817
8.006744
3.8886235
2.934597
3.8826947
0.7896051
4.766807
4.1810265
35.093758
2.735029
1.9742131
11.021408
2.0041463
2.2176876
4.5008283
5.8085413
19.306543
4.6833825
2.7253451
2.4541016
4.9035234
9.011052
2.2569118
7.35616
1.0493333
6.263027
2.380979
4.0680137
3.9310095
7.2639112
5.4873786
3.6631956
6.491298
8.092495
2.2357898
4.5449595
8.77466
7.1770124
4.0813885
4.396922
9.387044
9.775802
5.619714
1.0746385
4.243408
2.9425826
6.3392215
4.7443757
35.91084
7.559889
4.188864
8.747496
3.191735
5.023171
8.201961
4.1649814
8.734993
0.8202773
5.711911
5.5293536
2.0747669
6.5323467
4.2514524
5.594021
11.249274
1.3678292
4.353923
6.0981684
1.6793284
3.3265247
4.380906
1.8907886
6.4126506
6.663575
1.725784
3.6021163
11.40757
8.227407
4.7837496
1.5118054
3.5497162
1.3347616
4.7715316
4.839572
1.6222985
4.1258397
3.2076082
2.1170652
2.5461032
1.5885115
0.63532054
16.677898
5.1366663
4.226357
7.074751
4.5573397
5.4710984
2.1205204
1.3240677
4.644066
46.575005
2.1410081
1.1280205
4.3888927
2.3524039
6.503165
2.3285925
17.436691
2.3334572
1.311152
5.588804
2.415959
12.677777
0.5487995
1.9969971
32.34859
3.9184282
4.6590395
5.1694384
5.100399
2.3206801
2.1966112
1.5990549
5.5329747
5.2595625
0.86968577
2.4551008
3.010666
5.4137545
4.970999
4.2917604
3.5072033
7.85945
1.0364938
2.13702
3.6808386
3.4849634
1.9203746
4.7274113
3.4427269
5.5209856
9.457789
2.8339903
3.916336
1.5305312
2.3944666
0.81043416
3.1688242
3.401997
8.27201
1.6445671
2.0883985
3.390014
2.520296
1.824981
1.1443605
3.0587728
2.0703385
7.145668
1.2637765
6.086498
6.222469
13.997472
7.991992
4.3977084
3.0355296
3.5081964
2.7662985
2.3021443
3.605027
1.0601507
5.7030234
2.080231
2.3810015
2.3248124
4.728023
4.10593
2.609905
0.6708748
3.253709
11.338463
5.1341968
3.5296617
4.5024633
9.228844
3.9967635
1.3811935
9.126471
1.6451544
0.86778677
2.9269707
4.545705
4.359454
1.8254633
1.450834
7.1504526
1.7714916
1.8599973
3.2519202
