3.8071816
6.843777
0.72937244
1.6817816
5.6639285
4.2770896
3.188043
1.5273498
5.2491055
1.5580764
0.6939326
8.715673
5.4195824
1.511663
2.2442348
1.9548049
0.56658643
4.226481
0.99311393
5.4637156
1.2947836
0.78770775
2.956235
0.8114223
4.3670845
1.6210886
1.8146993
3.875529
1.8618672
2.1122956
3.3914597
2.5280728
5.95792
6.3761387
0.480681
4.9688377
3.1434848
28.984058
3.2534585
2.4816172
2.070063
2.6744173
0.26650774
2.3063025
1.4831126
5.913401
2.6799762
5.9951377
2.0643132
3.5137444
6.2182174
2.2904801
2.4760177
2.7374258
2.3846922
2.5542107
1.8362129
2.471351
1.3142169
2.928872
0.45128044
5.8910995
1.938478
6.997311
4.6528306
6.0259557
2.073599
8.217563
4.6345944
2.7478008
1.1130524
3.996071
3.6931448
3.680189
1.2065164
3.3487048
14.486032
2.5778902
1.4979305
4.0680804
6.795508
2.0708904
2.546842
2.031544
2.2099972
3.8140755
2.3561928
3.9186716
3.2334518
4.4546165
3.5623045
5.426182
3.802439
5.0118866
4.4724736
2.4124327
2.5066628
2.8871377
1.3546622
1.0033586
1.7118107
1.4450848
2.813182
3.445338
3.0930727
1.8306596
0.72105044
1.6679295
0.45887306
2.7206185
1.2751474
1.2120664
6.489947
3.5521982
1.50883
2.8033936
0.98149043
0.6299295
14.132072
3.0071583
1.5682089
1.8830695
2.012331
3.1913047
4.913742
2.9520807
1.2089895
1.055777
1.7629343
1.4477127
1.1991241
2.556495
7.746765
3.6759112
3.7747583
3.6984076
3.3939219
1.3776037
0.9825461
2.9468777
7.3516655
10.561832
6.623391
4.2482314
1.1246177
3.2711105
1.4269925
3.2719378
1.351834
1.8474977
3.2275658
2.441105
2.5807805
8.927652
4.843448
5.389417
1.4141419
0.7693006
9.54611
0.78177774
2.5506074
2.0235953
4.814273
3.9633672
0.8100105
0.84088683
4.8369465
1.1718563
1.518674
1.7568922
2.2366922
1.0177466
2.9150195
3.2080467
3.1118178
3.3356729
2.2183444
5.539365
1.234133
0.50625217
2.7646294
4.474365
0.9418004
2.586689
2.6729052
5.550952
6.782842
5.8883467
3.7613187
9.474678
2.159717
3.224038
3.3753116
4.446774
1.1717162
1.7767943
4.5963926
9.58079
1.6745582
1.3277334
2.4697475
3.6054327
1.1865684
1.2679229
1.4633173
2.8555477
0.6515442
3.7327068
2.0635133
2.1210546
3.6737738
0.6167638
3.4170253
2.9915338
1.7367978
3.4075465
2.4277823
1.134724
1.8969245
2.2921684
2.9564643
2.009835
2.2117274
0.35401717
1.8392566
2.8373625
4.6366377
1.8852698
2.577586
1.8199781
1.4318188
2.405869
2.6850693
2.4158418
2.6512635
2.5312624
5.5706854
3.6072977
3.4338465
2.2391706
11.18845
2.1356685
5.4028187
5.019377
3.0489671
4.4632716
3.3246534
2.2344952
5.0016026
4.384737
1.0975163
2.7880342
14.934642
2.1462295
4.7158146
4.4900093
2.9340992
4.3517838
0.3831898
4.455645
7.0613422
2.3822694
2.79649
2.5122898
2.0242586
1.3297638
2.3127968
3.4905949
3.5276558
4.839975
2.380589
8.493128
1.812893
3.523602
4.236247
2.6400576
2.673143
0.14975311
0.79119456
1.5545655
7.9231706
1.8393556
1.5863333
2.5832498
2.1568553
2.7322426
1.7731237
0.7565107
8.558004
5.362262
1.5640163
2.448805
1.6980737
1.7526157
2.2680156
0.24677303
5.5368285
4.235335
1.352697
2.9551382
0.8456747
2.6277287
3.977684
2.6632447
5.233631
1.3388749
4.759405
2.345435
17.162003
5.169584
2.1688902
11.127301
3.932121
6.0688515
0.45966947
5.3510103
11.09793
0.24917401
2.7189505
3.6666298
4.1394897
1.3827772
1.5217359
1.1844363
3.578945
1.9257302
2.4034445
4.2421436
1.2591307
1.9587815
4.608874
4.766357
0.66125315
1.3164403
5.596166
0.5865849
1.7931561
6.6797028
2.0536559
10.558979
13.7863655
3.5371783
1.2114568
10.578779
4.030589
3.3078368
4.1046376
3.6932454
3.2352922
4.2694182
1.0859618
1.9560066
7.1762705
3.1411471
3.5994844
0.5660919
2.2580535
3.5697744
1.8724512
5.12652
1.5877997
11.875999
0.71929765
5.121425
1.306168
4.256386
2.3021448
1.451237
2.16548
9.079121
2.6378305
1.0356168
4.0558553
1.9883964
4.2591743
3.5136526
4.198851
0.6979774
3.0889869
2.733297
2.3504124
2.1745808
4.036355
1.387887
3.8953972
4.820834
2.4170997
2.628181
3.603086
1.4044659
3.4170854
2.8238525
29.853544
4.9787908
0.6745851
6.1637197
4.022707
2.0126655
5.242658
2.9041817
2.0905042
0.6418257
1.0562224
4.674427
1.9885336
2.4823492
1.7936382
2.3369253
5.2843056
2.3761947
0.73917
1.5639068
3.0164583
2.419703
3.489343
1.7876399
2.6374636
3.17819
0.8759313
4.0899224
2.3328488
4.41643
1.0830938
1.8533292
2.6337512
1.9675419
0.7995056
3.492633
4.6114917
3.9115205
2.861577
3.5112505
3.0100183
1.1048284
2.5411634
2.1213598
2.944632
2.6249924
1.0401268
2.8983119
7.782632
1.3738369
2.3525953
1.6488156
1.8022648
11.4421015
1.2351687
1.627502
6.4108553
3.5582964
5.011229
3.1346405
3.9269798
1.0645982
0.56229484
7.2237296
1.0092509
2.2829573
4.6966324
1.4585305
4.4493823
3.7370248
2.289947
19.818884
1.9348481
1.9622211
2.4315836
2.3126974
2.8357375
4.689158
3.6712494
3.387771
1.152741
1.1200322
0.5121086
3.3029084
1.9578917
1.5709548
1.2510815
9.061176
1.6873926
1.5212569
4.549648
8.909394
2.9104137
1.3048092
2.2697942
1.5602996
2.5268624
3.4449487
2.6438525
2.4573436
2.2699616
2.086545
2.5880294
0.74119455
3.4678173
1.5120729
0.77259946
5.215189
1.613095
1.0922577
1.3806311
1.7793798
3.0855772
5.5237775
2.4667912
1.8371458
4.860577
2.253053
1.1585779
6.7280865
1.6795788
5.403575
0.47613022
3.2381508
1.284791
8.547603
2.3270848
0.8133509
3.5834239
1.6566616
1.24152
2.3527422
2.36089
1.8461351
3.9438822
3.3498192
2.411776
1.81605
1.0169139
3.5287204
1.7509435
2.5252056
0.32777324
4.964561
1.4723381
1.8517871
5.0441203
21.961271
4.4336677
1.0423323
2.6748126
1.7558343
2.0975022
1.18698
1.7350167
1.1761346
5.3863535
0.99352723
2.848986
6.1776023
6.1662707
2.152016
3.7818887
3.889783
1.4340289
3.7500825
2.259042
2.756039
4.4220715
6.643805
1.7541153
2.3254871
3.960024
1.9931642
1.7591584
4.8504915
1.6648358
3.412961
4.4023905
6.328429
3.4037182
7.041305
0.85938585
7.387912
4.0404816
3.7028892
3.227628
3.1158805
2.3355095
3.4230871
4.208779
1.5041956
3.7998374
0.5933149
1.691708
1.2509726
2.033872
3.3515775
3.567692
5.360641
1.4273986
1.0844765
2.4398847
4.8149886
2.8897886
2.8284104
2.478454
2.6499722
3.0742269
1.7555208
4.54506
3.422619
3.179501
1.961506
1.129287
2.9044447
5.26358
2.235663
2.255837
3.2372894
1.3972661
2.3505993
7.672075
0.48399422
3.2489207
4.4563227
1.0056183
2.8018465
3.4213784
2.7822561
2.662349
2.5389192
2.1931343
4.559964
3.5222948
3.7108257
0.9843409
3.9309018
2.2668796
0.7035823
0.72469234
2.4330068
1.2559067
2.4716368
7.911349
2.286667
7.386781
1.3983746
1.7790942
0.33824432
2.757428
0.9225964
3.0724583
4.2271385
2.3563058
2.2161252
1.4617451
3.4222639
5.4342847
1.4787015
1.2909997
3.0963802
1.5413723
6.9196033
1.2546341
2.004616
3.8946614
1.5406092
0.4801957
2.2632592
1.3631424
0.747778
2.018216
3.3050048
1.0710449
5.532614
2.3899999
4.187947
2.798923
3.4533277
2.0489986
4.128211
5.4947777
1.9641024
4.7830033
4.1828437
1.412612
1.9524881
0.47663954
3.1564949
3.7390149
0.6362065
6.8645406
3.2067862
0.48114488
2.0941796
2.4733274
8.523024
6.0525303
4.2643256
1.8297651
3.5933132
4.039558
2.2175574
3.2079046
2.3714943
3.7618523
4.1084523
3.3467686
1.0498633
8.565896
4.000659
2.7626395
1.8414994
4.415622
0.8213416
3.0581863
9.911995
6.7085114
11.936735
2.3636515
3.0135078
1.1807591
1.5780969
2.2845025
0.5034569
3.8667696
2.4312084
0.801034
1.2805574
3.0981407
4.729834
2.7576973
2.152131
3.614284
2.2641397
2.0959792
3.770262
2.129395
1.9804648
5.5825796
2.731094
2.2031863
3.8216114
3.4914935
2.2420163
0.96649367
2.323331
7.980345
2.408743
3.6157537
3.136549
1.6416857
4.7721176
3.0830863
2.1701949
2.105559
0.92865866
0.98818386
1.4934821
10.790221
2.6211066
1.160941
1.8005391
6.077407
2.2425585
3.4862459
1.8939095
4.090957
1.9599855
0.5253758
1.6127561
0.7792517
4.4536686
1.5523789
2.7118087
2.9174926
2.410996
2.6835265
2.8126872
1.7498641
3.0601358
5.280604
0.76060355
3.0272574
2.3110209
1.7989327
1.4244429
0.9842591
3.4631486
2.352251
3.586669
5.8067546
6.578575
2.9444003
4.1798253
4.273914
2.773982
0.66707534
4.6773477
0.7409404
1.3425562
1.312256
1.5678803
5.2969494
3.6468623
2.01145
2.0085988
1.7394786
4.08954
1.335509
3.1624682
2.8114612
3.0804229
2.0376155
8.565847
3.859231
2.0130951
1.6277473
8.090885
3.716147
0.9700866
1.3947475
0.94977444
2.346869
4.1023574
5.9861507
1.6501349
2.0919094
5.335973
2.5129895
2.3527424
1.2384404
1.919016
2.8031275
1.9734569
1.3380803
2.4444423
3.1453977
1.9471645
6.470487
4.4941545
1.3591827
0.96938604
6.3270574
1.2089586
3.6831062
4.3020525
3.5715675
19.071651
3.1018467
10.185308
5.4793344
1.8696305
2.6248324
5.5169287
0.62231463
2.6968896
1.3067803
2.450986
3.1894736
2.851761
4.16389
3.7254786
9.692113
2.3583245
1.7520356
3.978884
2.7666893
1.036777
3.3699899
2.6117337
1.221624
2.2461548
1.5344297
4.8278418
5.6685624
2.678258
3.3946967
1.8414432
6.3660293
0.9345054
1.2205226
5.3165545
0.47497094
5.0093055
1.195306
2.3506026
1.7918876
2.6057496
1.638705
2.583583
0.46358573
2.0031354
1.954405
2.4439316
4.391507
0.52678466
3.026173
3.7188606
2.8734667
6.352887
2.861759
2.5323794
5.0204935
5.2152953
2.2335746
2.3004143
4.7671604
2.774243
4.5321984
2.5683944
5.4745674
4.766268
1.0635728
0.81623477
1.2932906
3.2661116
4.365084
7.0226116
3.169743
5.4865885
3.182323
1.1969255
3.8815105
3.567426
1.2798795
5.477903
1.7968181
1.601883
1.1596544
3.7575693
4.840866
1.0928301
2.462649
2.4704468
5.5115285
1.5748913
1.775613
1.9005303
2.4974189
2.0290365
1.802372
5.4139028
3.589043
2.128689
1.0724856
3.855292
1.9360173
2.3651233
1.8961167
2.8601887
4.1805778
3.6841798
3.3397713
5.3042397
3.077208
1.889372
2.2495687
2.3839655
1.8204272
5.817663
1.6385659
0.68373775
4.087581
2.3897746
2.9346218
1.0007972
1.5222536
2.0033069
6.5945907
6.21615
1.6831944
6.455335
0.6372298
2.0943964
1.8229614
3.3014264
1.8296103
3.325248
2.0252504
1.7285528
3.6450827
3.2753472
1.0650342
2.7570906
2.128512
0.5411099
2.551909
6.5650177
1.2881687
0.7743942
3.590376
8.9470415
2.6478102
5.385925
7.123974
8.851259
4.701218
2.899734
3.3771946
1.8063976
1.1675316
1.1432375
0.90506274
3.8212304
1.2411366
2.058237
0.90245587
2.4673963
7.115431
3.4962115
1.3772691
6.594701
3.3565452
3.2334485
6.2320337
2.4128046
5.3158755
2.1835508
3.922459
1.9463773
2.8799503
3.6332514
4.1746693
7.09217
2.1653209
4.7702312
9.463536
2.5218344
4.12126
1.6901281
5.14018
0.31445134
6.8836427
2.4268615
0.1870948
4.5318613
2.3207276
3.314012
3.6867297
1.6410766
2.0779512
2.445318
2.0605893
1.3401047
3.5504184
1.6045841
3.7830296
0.9233719
0.9973981
4.321863
4.6967535
2.8771687
4.1292167
1.2159766
8.308081
2.2787871
3.0237172
5.566956
3.190665
3.7422106
4.3203397
1.8714122
0.27328265
1.565352
2.5859215
0.5583741
2.6118999
0.9662375
3.036467
2.426367
1.8475904
1.2949933
0.6970795
3.6185863
3.7815735
2.1563106
1.0964513
1.6426076
0.9166813
4.1813383
2.1423357
3.6144953
2.1777527
4.1342916
1.7999263
2.4591439
2.3752186
3.0522969
1.8979361
2.4634933
1.537107
2.3470838
1.9406389
4.0826087
6.198619
5.4727783
3.498489
4.072212
2.472988
4.9456134
1.8674519
1.4299989
1.7424884
2.4270566
0.7444632
6.142502
2.305288
1.2658376
1.9667807
2.0109954
1.9643688
4.9653435
3.9212134
1.2058326
3.0543332
1.2407337
1.7016435
2.267656
1.5678166
4.7019987
4.0362177
3.8063586
0.6343784
2.3546307
2.1551847
3.6834195
1.9366369
1.2675043
1.4461474
2.2616293
2.7816384
1.9922378
1.4549713
3.189692
2.3537686
4.9025335
2.4332883
0.48444054
2.1649396
4.5056443
6.4371724
3.8275666
5.126578
2.1016269
2.813871
2.9365487
1.2200558
2.3689134
1.5960784
1.6238797
0.86556906
0.91878754
2.423615
2.8645139
1.7901859
4.8688416
2.0445552
2.4036295
0.7820334
3.7132676
2.2014346
4.927037
2.3121898
3.5392976
2.5205216
2.118191
1.6937004
4.8300967
2.4168384
2.0986562
3.413527
2.7668083
1.9845492
3.2335005
1.4378616
3.3570895
4.08382
4.3840995
2.0890152
0.6913483
5.49456
3.3721306
1.6726278
2.8552399
1.5957098
10.213719
5.302002
4.074983
1.9168612
2.70075
1.4307896
2.3091462
3.327003
2.1849952
3.4980652
2.3219454
1.5472957
2.9181511
0.6728831
2.5990329
4.2918863
3.328239
3.5851467
3.9964538
0.71660686
5.0809364
3.455605
1.6145291
8.378377
3.6199336
5.98905
14.361335
3.820563
2.0007718
1.3414836
2.1218626
4.4449816
1.7297856
7.6530113
4.103187
1.5936415
7.003384
3.3115342
0.9298531
2.697096
2.1911197
2.6713965
0.7904508
3.0508096
4.4708443
1.8483304
4.917615
1.557035
6.65803
2.752472
5.487062
3.0527089
2.2539241
1.0891075
1.763834
0.91332966
0.7671454
2.8632224
3.1320758
2.2860353
6.561312
2.3225064
1.6109593
5.8831096
3.8879273
2.8916593
2.514719
5.6874824
3.1880114
4.169719
1.5783141
2.4091191
1.0835446
2.3925686
1.9447677
1.3028318
3.1153603
0.8401997
3.412351
2.1333125
1.8351825
2.2177866
7.5848713
1.8003625
3.7190583
2.7951474
2.0321515
2.4880102
1.9242244
1.1185699
4.554944
4.904493
5.3428893
6.821741
5.24935
2.4390302
10.758644
3.6218352
2.7697072
1.9328809
2.4045389
2.817873
6.697526
1.4931213
10.518187
2.3751538
1.0844103
2.3277602
6.064464
31.670763
1.8417233
6.195504
7.2713723
2.7655153
1.4216294
1.7822404
2.498039
0.5505691
1.4751472
4.8117933
1.5227494
1.2390724
5.6487646
0.80357003
1.1303971
1.2968981
3.1240156
4.1193047
1.7210612
1.604666
2.4848905
2.8513365
2.8948555
0.65636575
3.624925
4.7147474
0.57340074
7.8644805
4.7853117
2.824079
2.5506618
2.7895074
1.3381003
2.8538215
3.1652648
4.3930583
2.9427216
3.6925478
2.6807892
6.346371
1.6468232
2.3478403
1.6124269
2.5182931
0.86898303
2.6639354
1.5737225
3.8588395
4.1004457
1.2547425
18.078602
3.2339907
9.433283
3.4132032
3.3402164
3.7367744
6.7607274
3.6594846
2.9587622
2.4719734
0.7498183
3.562576
2.3954523
6.2117558
3.642186
1.7629057
1.0093162
3.2546508
4.0938697
0.88250196
3.1620774
1.4166833
1.6381979
6.0677195
4.826878
2.676129
2.4106472
2.0891762
1.441331
8.796399
1.643687
1.9689294
3.0787601
8.338117
5.706384
1.3722907
1.2103777
2.2375317
2.2975786
5.1022005
1.6071569
1.9455699
2.1369174
3.5818987
2.4652016
3.8446684
0.63817954
1.4618938
1.7859646
2.0724173
1.8385669
3.0163321
3.982707
0.74975723
3.5549312
4.1873317
3.1035392
2.4789903
1.1686784
6.9823346
2.4839013
3.7837756
3.3491733
3.3306694
4.8367114
2.6172981
2.5730534
5.0109982
4.1033325
3.0692518
4.782638
2.4228964
2.0297763
5.9063325
9.9369135
4.2388
5.9068565
1.2410393
4.174671
1.7270362
4.6006927
1.7758512
2.699594
2.590123
1.674477
1.4112316
0.8838801
3.1740837
2.211189
2.0355542
8.257221
8.037216
3.8730464
1.7765502
4.048749
3.204775
6.041326
2.559315
0.8661041
1.174813
4.0511746
1.9838899
1.3292732
1.964338
2.7605124
4.828742
1.7960614
1.4109557
4.4131174
1.4212942
3.0559702
0.8061692
2.1092105
3.958165
4.601451
6.245529
2.042432
4.35416
2.6861744
1.8920518
3.1376276
2.7586894
2.353363
2.1938555
4.891367
21.55565
2.4266953
2.2505755
4.756079
4.3244653
1.4494113
0.7233367
2.830677
1.6738063
3.397591
4.6355343
1.1076788
2.6932518
0.8378818
0.92965853
1.1165254
3.3589618
2.8115046
5.24811
3.9806662
2.0440416
3.2211425
1.6827599
7.440787
3.134415
1.0045141
1.8232831
4.0999513
1.5367571
4.2301993
2.9740443
1.1644124
2.4007883
5.8359003
3.686365
2.4320116
1.3348627
0.61635303
5.2208843
2.1110106
1.7873472
5.7001023
4.841275
3.735193
10.090816
5.546553
1.00099
4.7723503
4.039696
1.370124
4.083356
0.6831378
3.8850002
4.2917585
1.0678964
2.3410707
1.9125782
2.6464798
0.97133327
2.9567447
0.4953022
1.3588976
0.6738961
1.983229
3.8703701
3.3730292
2.274066
2.9564245
1.9028852
3.924268
2.3758466
2.4854262
8.12359
1.6310754
3.2841427
2.8855302
2.4743285
1.7635573
6.700974
7.6194124
1.7175627
4.7547145
7.2457557
2.184375
1.4663856
1.7224575
1.6736923
5.774127
4.8377957
4.271898
4.8058004
3.5212803
1.6952465
5.508904
9.568371
2.2344232
2.4130938
0.92389125
2.2709446
4.5454593
1.9566487
2.338263
2.401125
2.819763
5.7379746
1.2530484
1.55426
3.7950616
1.4070787
4.6880174
2.5623214
2.564275
0.38997647
4.8114853
4.7348175
1.1817983
2.1651888
1.6911987
3.1714818
2.9578996
2.6982381
3.8726408
3.7009273
3.098446
1.4287841
3.180747
5.515225
6.153743
1.0356447
2.687337
0.71546125
2.5115225
3.801252
3.942641
1.7565428
2.185812
1.2324029
3.3864923
3.8833365
2.146475
3.0798492
4.434319
1.4103407
1.9178238
0.76547825
1.4363294
1.3073239
2.9763155
2.748884
5.8244143
4.430407
3.043522
3.437064
3.564915
3.0220134
3.4318821
1.2682091
4.0499253
2.269474
4.0424495
3.535787
5.1888947
4.6450887
7.797499
2.7859533
2.4069488
0.8856769
8.111478
4.631476
1.860487
3.005708
5.863614
3.832009
6.830656
7.8988547
4.933421
4.269639
0.6833609
1.2199286
1.2676792
1.2859126
6.3085155
2.9448023
3.2459002
4.8483047
4.3849616
1.7148031
1.4321166
2.382629
7.73035
1.6845297
1.852231
1.4457474
2.4779358
2.762769
2.50899
0.9671526
2.8711421
1.8839942
2.9645934
1.9994793
2.5431063
5.031808
7.569789
2.52013
2.484891
1.7416127
3.038614
4.131425
1.5901448
1.4307749
4.159872
0.7220454
1.6782547
4.935831
2.5138307
1.9458599
4.8288765
2.6511853
0.80428606
1.7914605
6.5446286
3.6883378
4.596871
3.7881548
2.2630167
1.4502244
1.5882094
3.0342317
5.0770283
3.1016874
3.554355
2.1560152
1.7590026
3.2289488
0.56957674
2.6323442
3.4283113
3.9602506
4.051195
2.8931727
1.0653701
2.2295794
12.57027
3.8003395
1.709773
2.2782917
1.458845
0.7156328
1.4666414
1.895676
2.1493948
2.2773569
1.0169848
1.8287432
3.5547395
3.5547273
3.5694363
5.1818075
3.149476
3.2769449
3.739261
2.009686
3.8956783
2.887103
2.1293252
3.0466764
3.35103
3.4041245
3.4020195
2.5446322
1.1210163
2.6044118
7.790892
6.445259
1.2931757
5.783001
0.89671427
2.4035301
3.149382
2.0159926
6.1482167
6.4845247
1.982064
1.9861542
5.973303
1.7598777
2.1509402
1.9179288
1.8555527
3.039882
1.2085148
2.3908417
3.8022451
1.969332
0.45982653
3.2592502
7.948697
1.5813018
2.8084252
1.5571506
2.0646174
5.5610633
2.7053688
2.7504952
4.2337513
1.222511
1.9455884
4.4904556
2.2467406
10.985779
1.2520981
9.4403305
3.3916404
4.4839034
1.1947479
3.0744667
5.3407693
2.7928607
2.661923
2.3424172
1.229869
2.566639
1.7166878
3.5282042
1.191582
2.2397723
2.2337902
3.18987
4.484839
2.5475817
2.986342
2.19952
3.3479767
2.3745992
2.0388784
3.55538
5.5107174
3.2924197
3.713391
1.3704484
1.3597832
1.686657
3.6652505
3.9793987
1.4093324
6.3500032
2.606054
5.4363627
2.0336688
1.5545385
7.4400992
15.439285
4.4341235
2.0760508
2.3199604
1.7863262
4.589729
4.7695937
5.031182
1.1172217
3.424391
4.5580673
2.5636437
1.5886219
3.3007627
1.5937015
1.8578511
2.9126787
6.82502
1.1884212
3.3696125
0.72926205
5.2044144
1.0298262
2.0366666
2.0214963
1.799622
4.0848346
5.9780126
2.4680486
1.7814671
1.9589491
1.2855996
4.0569925
2.4645562
4.6687393
5.1044717
1.4619237
4.5558133
1.2459404
2.6823528
2.2647233
1.8794603
3.0526369
4.779043
1.820581
2.9010587
5.1064844
3.3545713
2.5226526
3.3431056
1.8086919
6.828797
0.2666696
2.020843
0.5322197
2.63722
6.302753
5.8507886
2.3330188
3.2590327
2.5654285
1.0615608
4.430298
1.9159638
2.9690554
1.1016673
1.5992539
3.1692595
3.3239725
2.694462
3.038196
2.124581
4.100257
2.776051
2.4107707
1.3928757
2.1493564
4.4745474
3.7328749
1.5495948
1.4378493
4.584595
3.136571
1.7441084
1.2669258
3.7952163
1.1802641
1.6187258
4.435732
2.5390778
3.6556075
2.9427412
1.9219886
10.255712
3.7709024
2.9838502
6.374042
1.6359736
0.8549799
1.7067977
2.6227086
1.4876635
2.0719752
5.12505
6.4318824
1.1191913
5.472236
4.9047523
4.4933996
4.2207437
2.124057
4.354805
3.9530318
4.228781
2.8304396
6.839136
4.1190896
4.406345
3.2070773
1.8538705
1.7914662
3.728112
3.9941952
3.9486954
5.002067
1.8601323
2.9975998
1.1659632
10.252567
1.7822342
4.7554064
1.2496922
4.259685
0.9102522
5.248273
3.583751
3.292723
3.0454724
2.052452
2.6407235
1.7962804
1.6558285
7.756731
4.8896
1.034719
0.68998885
4.3102612
2.703181
1.1230175
1.4919108
1.5301911
1.5256174
3.015496
4.414605
1.1475711
1.7648991
3.227225
7.4629583
1.6241115
1.0728662
1.6627444
5.457042
2.6508853
3.7019699
2.9376304
2.0446591
2.0745232
3.325494
4.3143563
1.5354217
2.7062988
3.301535
2.195282
1.5170894
3.6425865
2.684589
3.6412098
4.6050086
1.0314214
3.2742348
3.8673494
2.532434
9.760259
4.1346197
0.6194612
2.1679654
6.966183
2.074296
1.5969375
0.8183083
4.223993
1.5203354
4.4459743
7.2475104
1.9037999
3.3952217
1.777384
5.9486823
2.1908982
4.2156696
2.514107
1.2886493
2.936633
3.920211
2.0788069
1.3596427
0.47675633
3.3595078
2.0819325
6.1930995
6.349935
3.4856086
2.8533902
2.2837117
5.437338
3.857854
2.8852792
1.1813238
3.8948321
4.9066157
5.206691
3.5605476
3.40747
0.6154094
3.2447178
2.5051088
3.6127837
2.1368115
3.869624
1.9258701
2.045637
4.444657
9.123807
1.8421384
1.6627926
4.525969
1.3772076
4.6805353
1.9174665
5.16123
2.510403
4.6895857
1.8103565
1.3480859
5.5959897
2.7303588
1.810915
3.100202
2.1485045
3.7887962
3.9513085
2.0747213
1.9178371
0.9554915
2.0482893
4.516841
1.5618887
2.747744
0.96044105
2.2311072
5.1888485
3.6354415
0.80448455
1.3300718
2.4735978
1.709377
3.3518522
2.9789665
3.6639457
2.645011
2.3466022
1.4846423
5.3336706
1.6060942
4.5226574
4.8959374
0.9877158
4.5452576
2.1242146
3.5589335
3.5520432
3.4430494
2.772644
0.53547746
9.164735
2.7765138
2.8081386
0.77158445
1.7329592
2.1386802
2.3297913
1.5846584
1.7704369
3.487221
1.8694692
2.8316598
3.7515552
2.4569871
6.189402
1.5865511
2.9090703
2.5207498
1.1442822
2.1237485
3.590675
5.134871
4.0979824
1.4037892
0.86165357
2.2506561
4.2060986
1.5000271
3.504006
2.466987
2.8386161
2.6158354
5.7498503
5.374954
1.7110301
1.6148754
2.0842116
4.9887486
2.26255
4.2052693
2.5641477
5.328316
3.6299481
0.6023528
0.5525481
1.5360968
16.976591
1.1219593
1.9577692
1.1789483
1.74236
3.3650062
11.681056
3.7144232
3.1635902
4.947193
0.83288836
8.238588
2.5605383
2.7937303
2.7300563
2.5928788
3.0880263
3.4570975
3.5855906
1.7400042
3.2326303
3.9436164
4.2416267
0.7967286
2.6802566
4.6985507
1.722822
6.1063104
2.3847516
3.984685
1.6621833
5.5703874
5.143813
2.1245527
1.8404163
4.51963
3.9262204
2.396272
2.6278944
3.5096343
1.8372254
1.5967864
0.58081365
5.0497503
1.97425
1.4175183
3.0396583
4.1360717
2.3705618
2.6964324
2.276637
4.610147
3.613903
2.6134815
1.9670293
2.8998823
2.8321047
8.804331
1.736337
2.1255898
3.0237043
3.5081203
3.6434531
1.7112864
1.3967054
1.8473282
2.8886905
1.2012788
1.5000058
2.42531
2.0243666
2.2942529
4.625018
3.515057
0.82866204
1.8948255
2.7261305
1.8954799
3.1183016
3.5733132
1.9389234
2.0804045
2.920792
6.9641747
2.6920657
4.1873574
5.4582534
1.7124491
5.056221
2.9569013
5.819817
3.4092157
2.9072495
3.3434186
3.6115532
1.7736952
1.088302
2.4266207
2.0192187
7.0973144
5.228171
6.8566766
4.6330767
1.0098766
2.0697253
1.8751796
5.5350804
2.1725905
1.2749391
1.2788788
1.5063488
5.7072845
9.396885
1.8407055
2.7055428
2.7503843
1.742161
2.6425014
0.6148336
1.4565766
10.706587
4.8868284
2.6296434
0.30011195
1.8437524
1.2397131
2.632655
3.02442
5.476326
2.9273033
0.90186965
1.5892723
2.2111437
3.5909
1.8570615
1.222297
5.991502
0.7389866
5.292614
3.5696943
1.5688442
33.249973
3.1423514
7.3577914
4.708168
7.467613
4.0385976
2.445394
2.9086714
2.865362
3.403172
3.7515912
2.223574
10.748188
2.065149
1.3473324
4.2978926
1.1391616
2.6356993
3.156366
5.9393063
4.4568458
5.098535
1.9219768
4.090241
1.2545702
0.6150454
3.1892145
11.22674
3.4348068
2.3957958
1.1455643
1.142547
2.9374907
5.4594727
6.287481
1.1992718
2.0596144
3.5895536
3.4164565
1.8021438
5.812505
3.2292306
2.4225562
1.1415836
7.000298
2.4455588
2.5831697
3.9202018
3.2026403
1.7421895
4.1155834
1.4940426
4.7053127
4.6065407
3.6413407
3.1202543
3.589447
9.976276
1.9880147
3.054009
2.636832
1.907155
2.8612933
65.10539
4.0278254
8.746519
6.4942665
1.4335905
1.9336352
3.0480292
6.6670613
9.895657
1.0063416
1.6418091
0.9252926
1.8663623
4.858536
2.5576892
4.141613
3.1504488
1.8327922
2.356474
1.7212399
2.4496195
3.7220962
4.8743687
1.5715364
1.3098922
1.8379292
2.789006
9.337891
1.0604981
3.7692256
3.0288992
6.203336
2.7598586
2.6217623
3.9795609
1.9079669
10.676359
4.5158973
3.6939626
2.8531559
3.7647345
3.914194
1.6045867
2.7169142
2.6039128
3.0934005
1.1898067
1.0254867
2.63389
2.0485837
4.428084
0.5679891
2.6545155
3.8003356
3.5024908
4.8006597
3.9293847
7.9392157
1.4409059
1.8281507
5.5830655
3.4198575
5.1988635
6.2513113
2.3767805
2.950535
10.673002
1.5081692
0.26894626
2.1538367
3.6206632
2.4599693
2.2115388
1.5167975
4.756236
0.93762916
1.0246193
3.3398123
2.6004434
6.578865
1.8780566
3.818809
3.0497737
2.8196998
1.2225969
2.8414707
2.4763167
3.6083145
1.913576
1.4322566
1.581323
1.7487801
1.3479476
1.6497594
1.4244249
1.5520749
3.3076835
1.2742116
4.361249
2.3907545
2.3106666
3.5133913
4.3321095
2.1636891
2.3212132
3.0361376
1.5777963
2.409217
3.380638
2.6047025
1.0064569
3.4159334
4.00572
4.882991
2.730531
3.0178819
0.9979911
3.738094
2.1644804
3.1204937
2.2763999
5.667741
2.3246284
3.2514386
1.7430643
5.708727
1.7984023
5.267757
0.3056702
2.6880922
2.4839563
3.4247754
5.312746
1.3915048
1.0378056
0.84243256
3.537123
4.2195854
5.118642
4.73511
1.7804649
0.9617592
0.78597164
1.106854
4.198811
1.1821705
3.1408188
0.17167874
0.56628835
1.7005305
7.772912
1.9041542
1.5030814
1.9322418
2.1149237
10.175051
4.282467
4.6268287
1.2411999
2.759133
3.0223377
3.1746116
1.6285369
2.4515226
3.5501418
4.3499265
2.4637263
6.23972
10.388259
0.86549276
1.7762228
1.1247445
2.147475
6.362836
2.0798626
2.162515
3.1563995
2.107585
6.8337917
9.340281
1.5083138
3.195297
1.7112603
5.386696
0.42880467
2.3579535
3.070076
2.9091463
1.8598197
3.4060655
5.5512953
1.3364366
1.811556
6.0246496
0.23687609
2.1677444
2.2572122
1.9594676
2.6322198
9.191609
1.60069
1.8233024
4.9134355
6.6237345
4.6854496
3.1371486
1.9036614
4.376492
3.7120938
3.2836807
2.0655055
12.528094
1.7826087
2.1341627
1.7639717
2.4842336
2.8242066
1.7125924
1.9023907
2.332019
1.0509742
2.020353
3.2686276
4.1459994
3.0104642
4.652279
6.457189
1.8637637
3.4461334
2.4338675
5.2103744
3.7971046
3.5544505
4.622634
3.4325864
0.9830765
2.482324
2.5377028
2.6584928
2.348068
0.64964926
2.392549
8.527845
6.037706
2.6536815
5.44806
5.1089773
4.8909497
1.7988995
0.58292264
5.681332
1.7602227
2.571514
1.7568055
7.5361233
7.6749945
5.104156
3.5221033
3.8824677
7.4003158
2.499356
3.5426655
3.5856142
7.6349716
1.3254716
4.0428157
1.1649766
3.7981358
7.5255547
4.3247786
2.437882
1.9757057
1.8763214
5.693448
2.6173606
2.2875404
2.7556703
4.272458
1.3412958
2.95135
2.7196627
4.5606065
3.8118446
2.496442
4.8133907
2.2506266
2.962634
1.0972179
3.2594104
2.708428
2.4910197
0.91947556
3.8850725
2.0849242
5.9842253
3.926255
3.4317656
3.4213176
6.6158466
1.8105388
2.687102
5.3035326
2.610299
4.1664553
0.5831169
1.3178337
3.272935
1.1531858
3.9145153
3.953405
2.960224
1.3484128
1.4314755
3.548476
2.2109401
3.9171977
4.1124697
2.808558
3.4391582
2.6519578
5.9230137
1.48656
4.914053
3.521511
5.7658424
2.175178
4.5891013
4.689321
2.7862225
2.4835708
3.4752674
2.33981
5.3633513
2.7995515
2.398146
1.8646564
2.596083
0.98673326
1.1352357
5.0508695
4.5712237
3.9511707
4.0863028
1.5376629
2.190294
1.693623
1.0444617
4.420684
2.9471562
3.4371262
2.3453918
2.589373
2.6203747
0.88361716
2.3997521
1.8580538
2.082469
1.610863
5.4123783
7.414523
1.8468364
1.5061008
1.4573805
0.6211051
4.633138
3.786684
2.5283446
2.806163
3.495097
7.01875
2.7467916
5.2934165
1.4207424
1.9343755
3.3438861
2.9400446
3.555745
0.6305941
3.8699975
1.173414
1.847957
4.175593
1.0200374
4.65516
3.4941063
3.8028831
2.5260053
1.975133
5.9580636
4.3589625
1.9143938
4.6929045
7.2940917
2.1991942
3.0532377
4.0719147
4.4653516
2.785903
1.5197325
1.4833695
7.691579
3.1864204
4.8417506
6.8729773
2.845635
4.4000125
3.4929597
1.4171118
6.4907374
10.523183
6.067144
6.696169
5.973824
1.4990498
1.9380662
1.770701
2.452219
0.5414855
5.088409
1.5407251
2.2739224
0.9133642
0.5892746
3.1944914
2.330626
1.6382867
3.9012196
3.240921
3.8235269
1.6387627
3.2478132
3.269078
1.3401631
4.0094433
3.8171315
4.7018957
0.32952067
7.6314945
1.6219821
1.0450783
2.2610364
3.962102
1.9079303
1.3412274
2.8142774
0.7278054
4.642726
1.91505
1.144523
1.049672
3.404919
2.0513055
9.339345
4.241264
2.0111706
5.1097713
2.1450894
1.6644604
2.451763
3.5623863
1.7000022
1.6825491
2.603793
3.525682
3.540637
5.9721537
2.0144
1.183118
6.354227
1.5288737
1.2193766
1.8332009
6.560215
1.0689265
5.774884
2.2413018
1.5678174
2.3244984
4.4248075
5.087924
5.017804
3.9351616
4.751397
5.7756467
4.9206796
2.195788
3.7499497
1.8492548
2.7360086
1.5659648
1.2014041
2.7249804
1.9704158
1.579893
5.7522902
4.2688856
1.3889114
2.7890003
1.9524865
5.700136
2.0837352
3.6350462
2.4152973
3.7423358
4.2784524
2.8659403
4.178723
3.2718363
6.5303655
4.025315
1.0458277
1.6604786
6.3319616
7.8156857
1.6895521
1.1084552
5.318038
3.425658
2.9795718
2.7266867
0.39745277
8.681064
1.1766802
4.7374535
1.6735272
3.230482
1.6359289
4.810593
2.525474
1.724426
2.2869697
2.4591126
6.692886
3.315375
0.92459553
1.4046351
4.0323386
2.161905
2.919872
2.3825514
0.8523721
2.5219352
1.2143329
1.3066784
2.4380498
7.27167
4.4142222
5.103094
10.225938
0.8320959
9.05268
4.9011517
8.687002
1.3964667
3.66302
1.8125503
2.0495117
4.55847
2.15611
4.8538666
5.5123024
25.709188
2.179613
2.5549004
3.2444057
1.6007831
4.2741027
3.784875
4.1039515
2.9749002
7.0446334
2.5074236
1.7969848
5.9589252
2.6116462
1.4993206
0.9506306
5.0154867
2.563335
1.1245203
1.2363528
3.709532
0.9080406
1.4605446
3.7167292
2.6305745
2.6567652
3.6334345
2.8597603
19.941965
3.112243
3.0400076
3.2669725
6.986783
0.16257474
1.5214977
2.235233
1.8559973
6.7937264
4.3971667
1.8313566
2.1892304
2.5459373
7.127821
2.6425052
2.1524959
2.6084943
2.7834804
1.9394866
2.0266373
6.0339293
2.2318263
4.0583982
11.688639
1.7255818
1.9553944
4.4685316
1.0918984
2.617244
1.0025793
3.1875067
2.4414887
2.8352985
4.8700566
0.87488395
1.9682362
1.9117826
3.28392
2.1536329
2.531958
1.155448
1.9125184
1.5378015
3.6520467
2.99608
1.6206993
0.944921
2.516023
5.7246785
4.4350615
3.7900908
15.9127035
3.278247
1.6175097
5.7227387
0.73459446
1.1780777
0.504364
1.0213506
2.7617912
4.876622
2.329872
1.9206506
4.406891
3.9999728
2.909627
1.1298203
0.8932121
1.5362583
1.9175439
4.970371
2.412394
0.69212246
3.1318724
2.0974662
1.3107464
0.6915739
2.6347468
3.704898
2.0937948
2.7360878
5.280571
2.7628036
34.512306
3.1772676
8.0214405
9.96305
1.8253602
4.091272
2.859837
1.142559
3.9367805
2.2982903
1.1065513
4.612245
2.700676
1.4912791
3.3455
2.508159
2.9086123
1.1969663
2.5846121
2.17471
1.681974
5.867957
2.6240227
6.739174
2.4027035
2.996326
1.7541261
3.2952204
3.1272495
1.2789571
5.4578843
2.0036917
2.1680274
7.7379746
2.2699926
5.555091
0.9463139
3.3225539
1.1352527
3.0804641
2.2351506
1.5775491
4.504386
8.782801
3.572039
8.213629
1.8569224
1.3820494
3.7742474
1.4820076
5.093084
6.575498
5.062521
2.262164
2.0753932
1.0511997
1.6547619
2.6876163
6.6930327
1.8917954
11.174342
5.0367074
3.7854135
2.1042664
1.1792775
5.353257
1.35212
6.8570514
3.1299653
2.0054686
1.8743619
4.376902
1.8464613
2.5318484
4.9025464
3.947951
3.2301912
3.0955267
2.1263926
2.4602714
3.4514115
7.3401494
2.3926923
1.2563041
4.2754307
6.2316113
3.9623296
3.2680802
1.7198445
6.168282
1.5138818
2.575856
2.0265074
4.5984955
1.4580225
1.4499108
1.0454623
2.8881319
1.1478121
5.6164594
2.1418698
3.6035874
2.273434
4.0081663
5.9873796
4.5707626
2.7797694
0.26518553
2.969324
3.3206835
1.0241692
14.518325
0.895004
2.4219368
2.5217974
9.414739
3.150462
1.938094
4.480691
5.379464
4.999661
2.7410696
2.0328534
1.9441769
41.94807
1.8736645
3.908222
3.2638462
7.5664525
1.5720676
1.7205024
2.433725
5.9717317
3.1119826
2.6868382
2.8922188
1.2938795
3.9901292
9.272522
7.0975213
2.9496038
2.1581733
1.299973
1.4977217
16.27008
2.2892954
6.4776316
2.0187316
3.4343789
10.220074
3.0871432
1.0896537
3.164177
1.7656833
0.9429805
1.775848
2.760383
1.5953069
1.4686456
3.4721696
1.8731169
3.9424987
1.9434699
0.5975938
4.762198
1.6365296
4.540759
2.582085
17.566616
2.0451038
2.1940243
1.0210327
1.9983114
2.7258263
2.2911232
3.5572054
0.6687141
7.8537784
1.8394156
2.439938
3.198633
4.5054684
3.9231691
4.2178783
10.646917
2.9258335
2.1772656
1.0431873
4.398148
0.82212365
3.4646096
4.3471937
2.204146
4.7050867
5.8117104
1.5627236
2.6336453
2.1254222
2.9674757
0.77574605
2.3932471
1.6679866
5.531694
3.725828
0.6373849
2.5266063
2.2181644
0.65572053
2.9733207
2.986713
5.284811
4.492065
2.4451587
2.4836373
1.9936458
6.223221
2.8604147
0.45472947
8.388734
1.8210837
1.4121282
1.7057235
2.2692945
1.4351628
2.666125
2.8318098
0.92595357
1.5011834
2.8966265
2.8764596
1.4795694
1.9289039
2.0693786
1.8835632
1.7006193
1.4395368
3.8535988
2.627199
4.9218245
3.8933654
3.1348581
4.056367
4.7317867
2.6604602
1.960556
3.112908
2.743172
2.9437988
1.6352489
1.0289414
2.4454653
2.8509555
3.3722522
3.7714577
3.6779113
5.7127357
1.526607
2.2746408
1.5406699
1.5309592
2.4765284
3.728496
1.3868948
1.6103171
2.315376
3.6209505
4.221324
3.569914
3.7464068
4.398625
2.7358212
2.8713825
6.072316
2.1084094
4.594996
5.019549
2.525586
5.150149
4.1613407
1.2016481
1.5678302
1.7172066
3.4165056
2.9857018
3.7279613
0.3207325
2.06527
39.10734
1.2437646
3.6115918
5.004524
3.4810872
4.6966214
6.889445
1.8608985
2.0669975
1.274748
3.85157
1.5669563
4.1393867
4.2323475
2.7256882
1.1716874
1.9751227
4.9339294
4.1341166
0.9009063
1.6407347
2.9529026
0.9522027
3.3900838
1.9902381
1.2907028
3.8355646
3.0810819
6.4127817
0.9524802
0.099998064
1.6717495
7.121711
1.9595288
1.6048206
2.3806603
1.490186
9.88601
5.4786057
1.4878747
2.6362507
4.300086
2.1657012
4.263006
3.8915663
5.111462
1.7602453
4.061012
1.2508907
3.8995733
4.290451
4.4413867
0.3874686
5.245797
1.6627027
3.829495
4.448939
1.7072681
4.064621
1.3672646
3.0495896
2.6189146
4.046031
3.1395273
2.3845913
2.1418917
2.8346808
3.0945947
2.8569865
3.2380905
1.595431
1.1271945
4.4070125
4.9260693
2.0655575
2.3849726
6.039677
2.7871926
1.1609772
4.7317405
2.353707
2.758949
3.1842768
1.467114
3.6122947
2.3014004
3.5742888
1.7914772
1.3311869
2.418292
1.1477002
1.1322604
2.502994
2.8277242
1.6453352
6.84796
1.9769667
2.6498814
2.7835078
3.5311952
3.387679
3.935754
4.5640726
1.9116049
1.5514412
1.2962223
7.203304
2.3947067
5.626868
2.0665574
2.6994834
2.9300282
0.4301263
4.429582
2.2990003
2.479882
1.4640197
2.3223877
4.4005027
1.9852656
1.8508124
1.5670245
1.7016588
5.8403697
2.052254
0.57996494
0.5890798
3.2896857
1.4660232
2.1510897
4.7232246
5.359728
4.6548815
1.4230893
1.3164586
2.8502293
3.8625932
1.0766106
4.7407103
1.6359181
1.6045146
0.4488987
0.718362
2.3423884
2.337432
2.291176
2.0211332
2.539678
1.5046872
1.468587
2.9700994
1.8803945
1.7616398
1.0270277
0.48184028
8.747496
2.8124352
1.4282165
3.7830956
2.6869495
1.4063282
5.1383176
3.056898
3.5902328
4.0821204
6.5745754
4.4642763
2.6879346
2.211544
1.7534646
1.9378468
3.4369562
1.0452559
3.4601054
2.5089858
2.4750488
1.6945512
1.6227057
1.5975088
3.013156
3.6502001
1.4207877
1.6776819
1.5577713
1.9674073
1.0512433
2.4239717
4.676544
1.3625993
2.6833315
2.0262542
4.868152
3.2670012
3.8990138
6.3439417
2.9192686
2.0554266
2.777115
1.3587726
2.9514096
2.0891335
2.7735338
5.224451
0.9232444
1.4697143
1.3597008
5.6846275
2.123078
2.7329898
2.5871832
2.6906395
4.1908975
4.1247454
2.4686007
5.949455
2.0684433
1.2979819
1.890728
6.031116
1.7826306
2.454989
1.2419246
4.666594
2.014132
2.250636
3.81733
5.479793
3.0713124
2.9814584
2.4835432
5.7684073
4.0147467
2.0413382
4.0002437
2.993472
8.963426
1.9476546
5.5053434
3.3338034
4.048025
5.722154
1.9557409
2.0760028
4.586198
5.4122972
0.54206383
5.1244903
3.692581
1.3108339
2.43005
2.7659388
2.807791
5.973127
2.351499
3.7734385
3.9559476
15.843441
4.179904
1.2683976
5.1170955
3.9773376
3.8193774
4.697803
3.0274754
4.0087104
4.043914
2.1377723
3.6239114
1.3283814
2.116152
6.625565
3.0588925
20.24019
2.1457136
3.8157132
6.004628
7.841625
4.0360074
2.831196
1.6126682
2.6662972
2.1739986
2.6668622
1.7347769
8.825495
2.2499974
1.1760416
1.5967364
0.5597727
1.6218193
5.059752
2.328086
4.652471
6.787121
1.5891006
3.9389453
5.869889
3.7095022
2.3450654
2.1273627
1.3281157
2.3991983
2.891392
5.728013
2.3612874
2.8211846
1.3768625
1.9276022
2.4457047
3.7807446
1.6831094
2.0631022
4.924099
1.6377821
5.496008
1.1284078
1.7163901
0.74033463
2.8455558
9.426371
4.6321597
0.83062714
4.123259
4.247288
5.165398
2.791647
1.713409
3.925125
0.8074491
1.5064774
4.936563
2.7875252
2.0394394
2.2420003
0.9373522
0.66758907
8.624248
1.9555136
0.94052094
4.939055
2.589968
4.0622015
2.9300082
0.18198164
1.536464
2.2898216
4.5102625
3.3124733
10.673495
2.89332
3.2171316
6.919375
2.0852046
2.9576735
5.916643
5.6732187
5.714276
2.1035626
9.397337
4.426206
3.4219186
1.1842806
0.82055473
3.1986735
1.8391798
3.2962658
1.982197
1.5906419
10.245257
7.7806826
5.9064245
3.7363982
4.5673666
4.200568
0.48798758
5.2741146
1.4612937
1.2838196
4.2113223
8.530843
4.3680854
8.43759
3.7747548
1.2070155
0.9930815
1.5996513
1.1763252
0.75420403
3.0181923
2.5417552
3.3806093
4.2150035
1.408717
1.5658259
5.6529846
6.155083
1.2133435
1.9792689
5.1901755
1.359369
2.4945223
2.7770634
1.9136966
2.8905535
1.613035
3.1919332
3.653793
1.9405495
3.8064864
3.8540967
4.4706593
2.4157064
4.0110297
2.2369592
0.33363217
2.1603858
1.0290494
3.6108327
1.4694881
4.829224
3.718678
2.4372985
2.1575582
1.5075068
2.744765
2.6681345
6.013324
3.52285
3.8832245
0.7827217
6.825064
3.2551067
2.4356863
1.4880408
1.7760831
1.3305957
3.2024012
2.1878388
5.740439
1.407491
3.7623641
5.2929225
3.4805014
2.9306223
6.381346
1.7983322
2.0849724
1.887935
3.0696263
2.6932034
2.93393
2.588937
1.3011298
8.964828
3.7705467
5.7396812
2.4130478
0.7069665
5.010505
7.8948107
7.059193
3.788454
2.4720912
2.9786768
4.140336
2.879034
8.6938505
1.0231829
2.9210265
2.7054648
3.892589
1.3002691
1.7353357
6.0415893
2.5999784
10.206451
3.2946985
1.0857321
3.1488955
4.367229
0.8595862
28.481297
3.1868021
2.7508795
2.4429798
2.3845615
3.4502802
1.0132998
0.91004306
4.3788843
1.7967087
0.8305602
3.6951663
5.1679907
8.273036
3.120741
8.727832
2.939104
1.9553555
2.3401294
1.4432039
3.6874263
3.7409
1.8177434
1.8352238
1.6135269
3.1605556
2.334099
1.2637095
2.7581506
1.0123421
5.8959017
1.7410998
2.8913615
2.3805285
3.8053563
2.777951
3.9178352
1.18117
0.65494245
4.349803
1.6383536
4.2034254
0.943493
2.8553648
3.591255
2.3187592
1.8971581
2.6452963
4.158692
9.127809
5.4650307
3.1184642
2.203449
4.1866164
2.3570108
2.0352685
3.4841924
3.0270734
5.0900197
1.7817837
2.3018386
4.817632
5.807665
1.8873034
2.221416
2.6383011
0.8646452
2.4716575
1.8091506
1.5829054
2.1756039
1.8725818
4.453596
2.2644494
2.5024471
1.511044
1.6717249
2.6076138
2.4364476
1.7701786
2.6394348
3.5972624
4.160777
1.5151526
1.6475265
3.4215431
4.663552
4.3199835
3.5648758
2.916664
6.473702
2.0379698
2.6947365
4.954391
5.8889265
1.5921465
4.2574496
2.2210455
3.7590766
1.7373303
1.1381652
1.3762008
0.92262626
0.97320104
5.980425
1.5055581
2.1080265
2.7386005
2.4268417
0.8555493
2.3324702
3.5536668
0.94044864
2.6462195
6.5578237
3.05786
3.915633
1.7099448
2.407125
5.166436
2.3954985
4.2013173
1.6629528
5.4029603
5.309149
3.1777167
3.1626668
2.5510132
3.588845
2.3311176
4.6476254
2.1344035
3.4815226
4.9624834
0.98441374
5.8973618
1.1108637
0.75019985
1.9345537
3.722588
1.1245161
2.7210763
0.65248674
4.307794
0.8668317
4.551261
3.4024732
6.5632405
0.870245
4.2647624
3.1934445
0.9765064
2.9673536
3.7515125
4.088458
4.347874
1.5290956
3.267248
0.8484339
1.7237756
3.0739112
4.7245746
0.6439578
1.6650788
8.003344
1.7698743
5.315018
1.1948537
1.4687365
9.661149
1.599071
2.6920807
4.2698436
3.3588417
2.2300634
6.9429827
2.405805
2.7257092
2.2193
4.0895667
0.7141586
4.5011487
3.4112322
3.2656162
3.8477473
3.2511694
1.7617995
3.2017965
2.5862732
6.0638175
3.1345222
2.7539356
1.976835
3.7356992
2.71834
1.1546357
1.903921
6.0572205
0.95314664
2.2144315
2.0673707
2.201341
2.338709
1.7926046
4.100405
1.5586346
6.4859915
2.1436844
3.1201239
1.990687
3.033602
4.6272006
0.8231255
5.933657
2.2428682
1.2023861
1.985893
1.0801508
10.967171
2.3452365
4.080958
4.350994
1.8982365
2.0439868
3.2130244
6.361964
0.8417679
1.0713744
3.0523376
2.1454608
2.2214181
1.1963785
3.8305674
6.2601924
4.9931335
3.0480137
2.2607162
2.8665245
1.2824719
1.8725636
6.445529
1.7755141
3.2830667
2.0805588
4.159073
4.413875
3.3419735
3.7845118
1.5255013
3.2084932
3.001757
2.7133083
1.8236346
1.4186261
12.433177
1.1381735
2.6661484
1.5413748
3.912847
5.3453503
2.3904004
4.0228605
8.181391
1.8992493
3.2598882
3.557548
3.5546446
1.9101384
1.8049924
2.600119
1.3478253
6.8030634
3.3497686
3.2918425
2.6964436
4.026105
1.6681176
2.0873065
1.4726381
2.286964
3.2991018
2.8677194
2.1929126
3.2831826
3.3082626
1.0788255
4.644788
4.1957493
3.0001042
2.361167
2.8699195
2.2857575
2.435266
3.582429
2.5208118
3.2481816
5.439707
1.583199
1.3204948
6.2150726
5.275559
2.8245823
3.0485744
5.927049
2.4514017
1.6773782
0.8141344
1.2929837
3.5387526
3.242442
1.4932023
0.84194255
1.3097092
8.9962225
4.1765547
2.3755436
1.4870149
3.01327
5.404227
1.0987353
1.9395808
5.4217763
1.6569189
16.684143
2.1122305
8.895754
0.76633394
3.3128757
1.5671182
3.9986713
2.0065212
2.3850079
4.5580835
0.16779087
2.039948
1.6842339
3.403578
0.66556597
1.3384494
2.8069496
1.42947
2.9855685
0.7545604
4.954224
3.0875354
2.0785265
2.1309068
2.0305746
2.6822894
2.4639997
1.0129733
3.513928
2.0698283
2.0738552
3.417752
3.4491768
1.2053471
1.9040495
0.9531741
2.1263752
3.549874
1.7767103
5.3495626
0.9910695
2.6357036
2.925077
1.0209033
1.4454106
1.3831757
2.3337893
1.1719562
3.804561
2.9041467
1.0906014
2.0458446
2.1365726
3.6458318
1.213337
0.8852351
3.7698307
3.3805723
1.8868604
1.5886239
3.3352122
4.7429237
1.8700702
1.1119895
1.4352732
1.2402858
4.4825215
1.5437264
6.4086556
2.6756063
1.2990099
3.1756117
5.1176543
1.4778132
21.451813
2.660657
5.30452
4.1540885
2.3796058
4.149081
2.2857108
7.4701977
2.1999896
6.40161
5.3262005
1.4515082
5.191776
2.9328346
1.4994769
2.4136062
4.009935
1.2311813
3.4250064
2.992181
3.3927255
2.1260164
2.2212849
3.9654837
3.0410109
4.408153
1.8685685
3.374302
1.4465
5.1160197
2.044657
4.109267
1.3269378
2.1086688
1.8241026
1.6181774
4.9642773
1.4924276
6.384262
2.5036473
1.555068
3.5617924
4.334352
1.2128917
2.759251
4.681629
0.966563
0.63504684
5.331061
2.8097346
3.5512874
3.603941
4.524251
2.9041774
1.4045036
3.7725966
3.6593466
1.2052586
7.1442833
5.3124185
5.5897675
0.44912085
0.83790505
3.3257082
2.1442854
4.4218388
5.262189
1.1966472
2.6891017
3.281901
2.322591
2.2367756
3.3806832
4.4787
1.8711702
1.7449929
2.0395985
2.131579
4.717867
1.1391532
2.056925
1.9006511
2.3447855
2.9069083
7.437268
9.023231
3.7492568
3.6647508
2.8412275
7.85587
2.8709471
1.8043656
5.4258637
6.3308144
1.7801918
6.025911
1.4387115
5.8304644
2.891191
20.031822
2.8198733
3.39872
2.4949791
4.44182
4.7977533
0.9069706
1.8775947
2.139104
3.3896012
3.671679
3.9826963
1.417243
1.5795603
4.7428184
1.5962297
2.7690766
4.882459
1.7669386
3.5260665
9.898963
5.342336
5.4787016
0.9049681
3.1966376
3.2752943
3.5546021
6.141265
1.87348
3.5172582
1.0085862
1.9583197
1.6535658
4.0124454
2.9627185
1.7181131
4.2687116
3.7438235
3.4066098
3.3349972
1.9470407
5.032828
1.0443404
0.27457982
6.188239
1.2201523
1.2682923
1.5510848
0.96815056
5.7485704
1.7367784
1.8028173
2.395004
6.954373
2.176951
1.6199023
1.6932099
1.6487694
5.035874
1.9179802
6.1738944
1.3899063
2.3686867
1.9983907
2.0676193
1.930265
2.3063505
46.189598
1.7630825
0.27062884
1.9444823
2.2270184
4.8398256
2.734152
1.4711424
2.0643287
2.5092845
1.314505
2.5276234
3.5871844
2.866691
3.5008578
7.8693986
1.765583
5.3843813
0.5382393
1.4702123
1.8722267
6.927514
3.142193
2.4414096
2.0741673
4.2037787
1.8779861
3.5875468
3.9358928
1.1994013
2.8444538
3.7092855
0.9949539
3.5742269
3.5131335
1.7396345
2.7273195
2.7151532
1.6851442
5.5831037
0.987702
2.3945146
2.250023
2.6496496
1.9645833
2.3384106
0.9326631
1.0618287
1.0102345
2.6771355
3.696092
0.7150488
3.81421
1.5650357
4.9782896
3.9891973
2.241755
1.446098
4.608647
1.1382024
6.619298
2.387369
2.7732022
3.008805
3.1858163
2.0996106
7.564489
2.6419568
2.3189476
1.7579807
3.9716828
0.89147294
1.6729758
2.0192964
5.2241383
3.5990236
2.5782259
3.9717891
1.7673842
3.9992452
2.518192
1.8833427
1.3764715
1.1354065
3.2829483
4.3255014
5.5060887
1.219026
1.9490379
3.8721178
2.300789
3.3137388
3.5961626
4.1697173
2.5716739
1.0266412
1.7128636
9.612754
0.95855296
1.2567681
1.2570176
5.90338
2.6781225
0.9608347
4.1642585
2.7885044
3.212474
1.1787883
2.6413863
1.3115048
4.4366455
3.262494
2.166109
1.9800392
2.973871
1.4042156
1.3143573
1.7365258
6.664247
4.645174
3.9878197
2.4068594
4.0134416
5.899365
2.0207963
10.459906
2.0081491
1.8733109
3.185597
3.8741705
2.9453764
2.7680604
2.1196349
2.5130007
2.546489
1.4094764
7.192572
1.5637348
3.2929409
6.91533
3.468686
1.5733784
1.4338247
3.088763
2.3682656
2.1483002
6.1774387
8.122702
2.9015248
2.4851449
2.9174142
1.8708613
8.964165
2.415721
1.45058
4.563673
1.2120689
3.6674616
1.0015886
3.6678753
11.513505
2.3591194
6.4808292
4.71028
2.7006435
1.4457469
6.9036098
2.4166422
3.6264505
4.7886443
2.5382886
3.3022785
1.6265447
3.5467882
2.4685545
4.8041935
2.3004887
2.038252
3.2986724
3.4762824
2.4415429
4.31439
7.7723575
1.3723459
1.7853498
4.191067
3.0730448
5.4652543
2.4974713
8.330274
2.4198074
2.1431208
3.4915261
2.394199
2.0691097
2.4106815
4.4710884
1.722792
4.6721716
2.0519245
1.1612597
4.6900177
3.8139663
5.649132
3.1625829
0.9089581
2.4557858
1.893122
2.8991861
0.92620504
7.932843
3.786076
2.5407012
2.1499546
2.3329535
5.3912697
3.1655927
0.93705004
5.4350934
3.467119
7.2916813
2.1512296
3.1246762
2.3126903
4.3001947
1.1053036
3.1745179
6.0886655
1.4998255
3.8786054
4.4853587
5.938085
6.5857677
1.9597251
5.829542
2.10146
0.87793577
5.030311
4.0716825
6.8243823
0.8688062
1.223232
1.4465036
3.0913033
3.0531268
5.259399
1.1412848
3.2306795
2.5696635
5.2221804
6.2792077
1.1107886
3.173784
0.8924318
2.3999274
3.0468605
2.703938
6.5594587
1.7140683
5.1370764
9.748155
4.975416
3.7247477
2.3420784
0.94639796
1.9005485
7.1739063
2.1415668
2.9524012
18.59679
3.5842068
1.9001497
2.2907197
3.678161
1.4568765
2.8530943
0.8525434
3.0442054
1.506355
1.3178123
1.3700691
11.754486
0.663083
4.7964716
2.8518214
0.99341065
6.7499595
3.2130213
4.228386
3.4104345
1.9568615
3.4386728
2.4428873
2.2797213
2.6964245
3.4791806
3.8683548
7.178656
5.166512
2.3039224
3.864899
2.000673
2.76443
2.0035553
3.933345
2.5107334
2.2118077
3.6166022
6.226396
0.6153438
4.2697873
2.7349107
1.3241006
1.5164284
1.4545407
0.6601969
1.8769152
3.3728669
2.4800315
1.8218192
1.6535236
1.5316364
2.377637
5.595329
1.0049449
3.9121327
4.1349964
1.8314306
1.2899115
3.958854
2.729944
2.8720355
1.697679
2.7809615
2.650478
2.316925
5.4361486
1.6286178
8.463607
3.232249
3.1929562
1.2305255
3.9787834
5.7750516
2.955699
3.3884547
4.1656303
5.432273
4.4487767
1.314778
2.3379288
1.2257806
0.67784774
1.109858
3.8233914
7.8991694
2.1426713
3.1183486
3.107262
2.816
3.4016857
7.8418074
0.81929797
2.657113
3.7730405
1.244704
1.5531138
23.399038
3.2019114
2.996832
2.8281991
2.6475632
5.5917907
4.123062
2.023649
3.7344487
1.1839976
0.9757689
3.4362133
3.7161028
9.167949
1.1937224
2.9438684
2.0610359
7.62939
1.0851829
4.8882327
2.615151
4.9366794
3.4576924
4.494927
1.7503235
0.52279
5.161125
1.2077138
3.6455998
0.99002635
3.1324031
0.70624053
0.96279454
11.168498
1.7120397
2.898748
0.7080351
0.65381336
4.5869045
2.0760114
1.1958474
4.9355083
3.0538993
4.4698267
2.2358587
5.4735484
4.4692726
13.153138
3.0960658
0.96182895
5.154268
2.0354447
2.0280213
1.1329806
2.2986495
1.3356643
2.6601937
1.0415792
3.118825
2.1130502
1.8376052
2.192922
2.344481
6.120301
1.4961983
4.403182
2.7464497
7.766573
1.7421802
6.03953
2.8286657
4.097085
6.881698
4.285261
1.7353705
3.7141707
2.3468347
16.734196
0.9955769
3.9447277
0.88730913
2.1001897
2.081302
5.3477526
3.880078
1.3665227
1.3634037
5.4572277
5.2271223
3.794661
3.1189895
0.9446345
1.0859565
7.0319147
1.8251406
1.5005311
1.3922286
3.2334075
1.1390808
3.5362966
1.143505
9.06511
2.4040837
4.238265
2.7001698
1.9349431
5.085764
1.3810632
1.9311194
2.9216533
2.2730582
3.1369748
5.385912
7.4093204
1.9256765
2.4439404
5.028687
3.0487602
1.1617472
3.6438303
1.8831015
5.000844
3.7171419
2.0982633
8.335183
2.7354293
5.0503554
3.1871166
1.5903101
1.6543095
1.3790718
3.5045502
1.5291249
1.7803018
1.1265583
5.830697
3.8477714
3.927924
2.8260472
0.9165194
1.3542672
1.2111845
3.62128
5.6310024
7.002214
3.7978575
3.7487168
0.87315965
3.1432433
7.8043857
2.0067296
2.2213092
4.4154973
1.9763607
3.8973944
1.88446
4.5475945
6.499815
1.2842708
6.829666
1.1291198
2.1938603
1.7353805
2.3015158
5.010786
1.9171259
2.8503294
4.5751715
2.214911
1.4058299
1.074604
3.6149998
1.4494079
3.7480228
4.864637
2.2279801
1.9469626
3.584006
1.6056854
1.7853589
9.644057
2.4430463
2.8030148
1.162194
4.0866356
1.4157468
2.2728195
3.1163414
0.8144728
5.451557
2.003769
4.182281
6.778483
9.193303
1.6609297
2.051648
2.2260711
4.9576616
2.8481848
4.2162013
3.4761975
3.8225677
3.5365372
3.377477
1.2210432
2.6310375
2.0993397
7.000953
4.409708
6.6118293
5.661026
1.4777455
2.4859982
3.5872393
0.7880836
3.4448757
3.4118452
2.695707
1.939089
1.4807652
10.871969
3.6454103
2.6366196
1.7979628
3.421395
1.951941
3.1625776
2.5362258
2.3651695
7.477185
2.8222106
7.7606015
1.8347757
1.3705977
2.6478956
0.9215454
3.4597092
10.980506
2.7740166
1.4139285
2.3452947
5.4937415
3.8428342
2.9533963
6.630969
3.7331848
4.0234146
6.498692
5.92219
6.705927
3.464791
2.2618268
9.386373
2.539419
2.680039
1.0241553
2.7432008
3.7696807
0.8980177
2.5681446
2.9695778
0.8920128
3.1093726
2.0855331
2.691798
3.1605756
4.0464983
37.977932
3.308285
3.5616436
3.6450198
78.70674
3.6953435
6.785236
3.3615007
1.4918422
3.8979635
4.217695
0.8321759
1.9414544
1.8991369
1.4452728
2.8202186
2.163071
1.2463919
1.0050608
6.41854
2.5092993
1.8697602
1.9758636
1.1677475
3.2831225
3.4918318
2.4386585
2.203503
4.4708896
1.888453
4.6072803
2.1504066
1.3011415
0.41866258
10.134727
2.2602468
7.9074006
2.1041608
4.7320213
12.590572
2.906835
1.5364621
1.4907123
6.72786
1.8344713
3.298351
3.8623943
1.5031744
1.4801964
3.311538
2.3235855
2.099649
2.0402634
3.1724832
2.1677473
3.265