2.0463865
7.760192
0.73529136
1.0608493
4.961562
2.1296194
2.0253408
1.6022882
1.6218777
2.6346102
2.0210056
8.177162
3.7319505
1.2859939
2.1329246
1.4112794
0.6539048
1.9321513
1.5769664
4.9648705
1.8186717
0.21234111
3.0332468
1.3805702
5.760955
1.2583851
1.8020091
3.0310273
2.876206
1.8650235
3.1771708
1.5477426
4.570052
6.07193
0.96769357
3.3790627
1.3217626
2.9641018
3.0114348
2.0642662
1.7996453
2.6323938
0.23531593
1.7433873
1.5496523
7.7757955
2.5774775
5.177555
3.3203223
2.7328804
3.8916235
1.6349202
1.7636918
1.2750764
1.8841218
2.3367817
1.2069559
2.7816732
0.48003852
2.9521136
0.5584187
2.8598933
3.0624652
5.115658
3.7763393
5.1977644
2.735159
3.500493
1.224134
3.2253654
0.8329734
2.075989
1.7823844
4.234212
1.7246706
3.0623715
12.5953665
1.6641494
1.5745659
4.4145274
3.797068
3.4627168
2.9346797
1.3305824
1.5952666
3.3405483
1.8230073
3.5408573
3.2909992
4.164079
3.0781937
6.6684494
3.335939
2.9111078
3.1698847
2.970187
1.8515903
1.1050154
0.83686155
1.0226135
1.2006383
1.9566145
5.8364263
2.0293038
1.4418975
2.1002839
1.2554297
1.5333389
0.4158282
3.7125685
1.5640768
1.1215321
5.686632
1.7890801
1.279018
1.6857017
0.56741655
3.4136577
12.390607
0.8701783
1.170322
1.5216733
1.829681
3.6238894
3.308508
1.5687215
1.1041882
1.5290946
1.0201576
1.8011059
1.4552073
3.1815114
6.099966
2.759685
3.5411158
2.193399
2.8401482
0.8889577
2.1698575
2.1715376
5.490854
5.4105086
6.460643
3.842204
2.3941348
2.8622556
2.4405851
3.5858884
0.6709593
1.6295495
2.9021702
2.1595087
3.030876
8.13158
4.07492
4.6650395
1.3968374
0.9003714
9.31777
1.0490724
1.551356
2.3534825
4.531839
2.5639465
0.5638714
1.0144893
5.2502236
0.70650804
1.425526
1.6910706
1.3295639
0.9763234
2.7584708
2.0338836
2.9778423
1.6437379
1.5858539
4.4655237
1.8556365
0.774562
2.3759842
7.4167147
0.6272696
1.7904588
2.8310528
4.501249
6.3227544
2.978732
3.1951437
5.0491123
3.7408154
0.8045469
2.3177125
4.4581738
1.8022327
0.87784773
3.7782164
6.9329157
1.4219252
1.3076804
2.471996
1.9830464
1.742355
1.6401302
1.3147919
3.2781422
1.2846724
1.9707099
1.5272356
1.8248652
2.8298426
1.2689391
2.4446423
1.4217893
2.8897579
2.9163935
1.1948996
0.5338541
2.0506625
1.4697676
3.4944582
1.3448197
2.3492422
1.8148609
1.3352354
2.9550664
4.5679336
0.8580343
2.0688047
2.7348237
0.7801841
0.23876327
2.2342665
2.632635
2.1613133
3.4485788
5.352459
3.8913114
2.1157122
1.9683306
8.21447
1.1918919
4.426568
4.1064506
2.276007
3.4935088
1.7713658
2.0426953
6.6065536
4.0384264
1.8989155
2.6612449
13.784324
0.53071594
5.6192055
2.5366192
2.8597991
2.5222511
0.46036184
3.5751758
6.5241113
1.1859813
2.2300608
2.5254655
1.0093863
2.4086845
1.7761999
3.8170874
1.7967408
3.9578457
2.905954
5.6789107
1.5572028
2.641715
3.99109
2.4139442
2.6136553
1.1562402
1.4634565
2.1520371
5.4139795
1.0863439
1.4857993
2.579864
3.9494605
3.4518287
0.9913683
1.4580204
7.0061216
4.781175
1.8857845
2.3061082
1.2697369
1.7074893
0.8429803
0.3942606
4.403673
2.7215383
1.4568195
0.9943098
0.8828778
2.0590997
3.2631717
2.770952
4.5789537
1.3647898
3.7004209
1.430288
16.229315
3.7425714
1.8518063
5.228043
2.5367494
4.7087317
0.52688926
5.2768564
8.024497
3.1539028
1.9841224
3.1360795
2.3858967
1.1813548
1.2442526
0.6804501
1.5303249
2.0335758
1.7242845
2.6920295
2.1393552
1.7152742
4.321308
4.338677
1.0381141
1.1993865
3.8752623
1.2624264
1.9705937
6.363674
1.8757563
8.920885
14.054938
3.38824
1.7247988
10.277342
3.3383331
2.838806
2.6115973
0.8069193
2.208934
3.4670556
1.160886
1.6960092
6.1633983
2.9965487
1.5950313
1.778634
3.5547676
3.753176
1.5417958
4.609554
2.2885683
9.3060665
0.48973894
1.4857361
2.123116
2.6318517
2.40899
2.305064
1.2216611
3.2085056
4.4142656
1.4867426
3.603357
2.496729
2.9676082
2.226336
4.160134
0.4244059
1.5973186
2.5411875
1.542169
3.4834135
3.305479
1.1613584
3.7051764
3.4350674
3.10735
1.5977619
3.3179443
1.6543313
2.5997381
2.0420835
26.534546
5.822418
0.8862381
5.6593785
2.983422
2.6275394
1.6837978
2.933747
2.189509
0.9503657
1.4086261
2.982321
1.3643018
3.1375072
1.0518698
2.2257688
4.3862576
1.1353259
0.22891578
2.1555724
3.5549955
1.3404001
2.5593836
1.1285164
3.5252674
1.4072924
0.16702797
3.1411839
2.9652007
1.8793006
0.9562151
1.6006064
2.6292183
1.1758342
0.22254841
1.3828701
3.5991764
3.9615455
3.561634
3.5137537
2.672673
0.5545998
1.8897921
2.0557935
3.4517486
2.5822299
1.6869382
2.736847
7.268204
1.1710572
0.9246543
2.119113
2.3781114
10.896334
4.012794
3.2890685
5.2980957
4.0585895
5.515369
3.1711776
3.1777327
1.3354717
0.8459605
5.7401166
1.2895117
2.3905237
4.169104
1.9757358
4.3025737
1.8500303
2.5532928
7.0569234
2.247651
2.307563
2.0876102
2.1434007
3.0157247
3.169763
3.4336734
3.553839
2.1013446
0.88914484
0.53632444
1.2552223
2.120614
1.6472139
0.79837656
6.3455553
2.6863568
1.0479308
3.6636796
6.561697
2.7932184
1.139633
0.93982846
1.8305928
3.940852
3.5388315
1.7214086
1.2700607
3.128936
3.9030032
2.2337766
0.7857545
3.9484408
0.95779973
1.7787255
4.2948947
1.410122
1.6891636
1.8665375
0.931287
2.3111188
5.4129853
0.7359304
1.5780712
5.944611
2.2125702
1.3575066
5.8323245
0.9860412
4.317157
0.5658191
2.480479
0.958463
7.211879
2.2732298
0.70089597
2.5114117
1.7453691
1.3095556
2.6589305
2.4114208
0.8020582
2.929219
3.3759413
3.1292107
1.8937201
0.8951552
2.837602
2.0740812
2.3831847
0.8075248
5.6432185
0.9402466
2.7195032
4.192103
23.21849
4.7199707
1.5749447
2.2476597
1.3446788
2.4060237
2.9127057
2.1342223
1.0724969
3.6450827
2.1227732
1.876346
3.3233418
4.7089124
2.0918689
2.4604774
3.495124
0.43029407
2.9115784
2.2544196
2.581116
3.9347668
4.654372
0.8796219
2.4817512
1.7656368
1.7375157
0.6106123
5.0636616
1.5969303
3.955418
4.0578337
6.927952
1.9024239
5.161244
0.7426078
4.833713
3.2883222
3.549264
1.7004282
2.4950016
3.632232
4.180556
4.318874
1.3841047
1.6039553
1.133089
1.4186234
0.71572626
1.520243
2.037593
3.168658
3.6023817
1.8280635
4.1316857
0.5975448
4.378113
3.0271816
2.2230296
2.4484057
1.451154
2.6844096
1.6935887
3.8842309
1.6856784
1.7998592
3.1003249
1.5490354
3.2267957
7.1988835
0.52851754
3.2529283
2.9297328
0.8522394
2.022474
3.2522118
0.41896504
3.080973
2.7950008
1.0130764
0.96501386
3.641465
1.6279373
1.8366169
1.5804201
1.590135
2.9812944
3.490074
1.9479173
0.9030763
3.969606
2.4144692
0.54648143
1.178261
3.0002987
1.371754
2.5307589
6.6300073
1.380808
5.305004
1.4536743
2.1586812
2.1149805
2.9063766
0.94460446
2.815567
3.0446231
1.9195939
1.8001875
0.7703966
3.1225462
3.2563999
1.2784066
1.3306581
2.8154898
2.0178516
4.995412
0.56929016
1.3414575
3.043867
1.4115802
0.34666967
2.0370135
1.3425859
1.3012002
2.1241503
2.3794324
1.1399921
3.488712
1.6058019
2.4070344
3.5447967
3.4799116
1.9862465
3.2559454
2.4612715
0.8443808
3.8678563
0.2691676
1.7820199
1.1918201
1.1173201
1.020333
1.9099593
0.9862115
5.247548
1.5290377
1.1330956
1.1825302
1.6454632
4.6857505
6.8827343
5.087469
0.9652203
2.3463407
4.518364
1.389081
3.4538455
1.5904695
4.3816977
4.331722
2.4972262
0.8670766
6.2672005
4.3244996
2.130409
1.0909442
4.2609982
0.8579795
2.404578
7.9961867
4.3936195
8.953503
0.93050635
2.001724
3.6218011
1.8506914
3.184897
1.3522406
5.6370277
2.9481816
0.9467241
1.7921102
2.0535989
4.1302295
2.4809313
2.7399554
3.2537668
2.3547556
2.3384068
2.3172464
2.4942722
2.504731
5.407682
3.9776285
1.4203181
3.5216262
2.0076957
3.2568016
0.29424235
3.2919471
6.557096
2.3765063
4.3372726
2.680118
0.55618316
1.9775871
1.7228353
0.4894683
0.7179342
0.9047858
0.65077823
1.7940087
7.42092
1.9436707
0.86360013
2.4272163
2.7447197
3.126948
2.1593938
0.80290824
2.360745
4.1377835
1.035743
1.4143779
0.22573395
0.4830027
1.5489955
3.7042584
1.8590432
2.8421488
0.93223584
2.187606
2.3702981
4.6724153
4.6270704
0.26910225
2.938119
1.463386
1.7830137
0.8124373
2.3621266
2.7425346
0.45342404
1.2859617
4.772929
6.8559065
2.6077304
2.4598851
2.4861727
3.0582435
1.0729232
4.1304493
0.4922684
2.0335755
2.1402693
2.6375809
2.124168
2.0799751
0.78785855
1.3313229
1.3174313
4.0443883
1.734782
3.462065
2.8393443
2.4317904
2.1288884
3.211481
2.7220852
0.6157555
1.1906984
7.4160485
1.2232964
0.91270113
3.4155953
1.2583617
2.3062043
3.3374321
6.6093717
1.6821994
1.5986496
4.601944
1.5227724
2.2086086
1.3242697
2.145874
0.9454632
1.3928663
0.5927606
1.8040216
0.77654964
1.4960134
4.418453
3.7027843
2.0192606
4.0097165
5.700938
1.6354806
2.3752024
3.1854692
2.959158
18.043228
1.9913727
10.103342
3.5424523
2.08795
2.6051672
5.058208
1.9984123
2.1555169
1.2328165
1.6013514
2.6064074
2.833386
3.7249742
4.5441284
8.387234
3.2696874
0.9825857
2.2283518
2.2952235
2.0113223
3.2608576
2.7256186
1.8441743
2.5376744
1.7983243
4.3398695
3.7867475
2.2660525
1.9037398
1.0943443
5.6118693
0.8338079
1.6903605
5.1749134
0.22793338
3.748324
0.3289478
2.2628486
0.4452518
3.5243554
1.6469772
2.8270352
1.1688002
0.76169854
1.934129
1.8776586
1.426413
2.5866055
3.1958172
3.5059667
3.4783933
4.714739
2.247252
2.692189
3.428854
3.8717878
0.7373831
0.31145412
6.211401
1.6946793
0.93194914
4.1431794
5.69012
4.471912
3.2754211
0.41635892
1.0816406
3.2154543
4.152145
6.196322
3.5899625
5.386968
2.3419254
1.6094979
3.2364657
3.4267874
0.99765587
4.2169514
2.3671532
0.9901815
1.1595314
3.5558002
4.721128
0.5053427
1.1831409
2.0927525
4.464476
0.9871223
1.2219929
1.9537952
2.9901953
1.8804095
1.9717658
4.791376
1.2607694
2.2036095
1.0468742
1.7616315
2.8199706
2.4195063
1.2818141
3.8638842
3.8707037
3.3561566
2.9271846
4.852339
2.6641967
2.2154665
1.5375949
1.6940454
1.9977456
3.4641945
1.258708
1.3776112
4.420556
2.59042
1.8824241
0.87225884
1.7084448
1.2612995
6.1721487
3.5422106
0.76703835
7.0216355
0.050467562
0.8148301
0.95443916
1.5019721
2.1118357
2.4743164
0.8544102
1.4138854
4.6133194
1.8871727
1.0469143
1.500099
0.68596876
0.98934597
1.8239183
6.8067956
0.692666
1.030512
2.045723
6.7989087
2.1542642
5.3674536
6.418652
7.616586
0.72477245
2.9479823
2.706833
2.382993
2.158096
0.6458842
1.7018895
3.4731295
1.5427244
0.79911333
1.0400947
2.6175911
3.3510835
2.0209868
1.2295358
5.2207527
2.9675155
1.5330561
4.6956363
2.2013328
5.0602245
4.2936406
2.885603
1.0205402
1.754174
3.7981398
3.191142
5.2488155
1.6793561
3.4462688
2.855037
2.5631807
4.718656
1.7579857
5.845974
0.62879354
4.8291855
2.7081277
0.313356
4.5461454
2.0496023
2.1896758
3.6295109
1.2190422
1.900085
2.7734883
2.7818818
0.7762901
3.6064954
1.6505327
3.2562416
0.7562911
1.0564531
5.5919204
4.2195096
3.6896124
4.862632
0.8578285
8.871378
2.8480232
2.7711189
3.5596175
1.5298433
2.8517878
3.4984045
2.5406091
0.40502927
1.0567805
4.0081606
0.38907474
1.1284456
0.43475497
2.1188314
2.3087187
2.0946758
1.3298011
1.1399566
3.7052257
4.3483496
2.4775143
1.6984137
1.376608
0.8302355
5.6671157
0.7426838
2.6648073
2.3690786
2.1176064
1.4134235
1.3308622
1.5625466
0.9412284
2.7720065
1.559544
2.37464
2.227
2.6367142
0.9230931
5.047073
3.9441333
4.3033214
2.750793
2.2085538
3.2931445
1.3520371
1.2218109
1.0424572
1.4856294
0.6086466
4.31257
2.4399714
1.2491127
2.335774
2.4201102
2.4469466
2.593307
2.6013029
1.0360689
4.137951
0.4229516
1.1946133
1.9456174
2.0501173
3.8421392
2.7718184
3.69116
0.57321113
1.5673006
3.5471988
3.0972297
2.1096175
0.8102391
1.1570046
1.5894172
1.8276104
2.411548
1.3455436
1.7837262
0.5220869
4.199104
0.34104416
1.6589763
0.56942445
3.0512774
3.7446687
3.0668783
4.0418315
1.9090167
3.9207704
3.4003136
1.6992482
2.8768237
0.92933047
1.4985728
1.0649744
1.1111481
2.8264916
3.5111446
1.7598277
4.3156066
1.7479856
1.4381539
0.8590588
3.116455
1.7626673
4.691966
2.5371096
3.6379204
2.313128
1.5606446
0.764019
4.319834
1.7811524
1.4553437
1.5101503
3.0841517
2.334176
3.8402166
2.2978802
2.0556607
2.3764906
3.0710127
2.3887439
1.4412224
5.246509
1.6804776
1.8904258
2.5401134
1.7862694
8.716337
5.759167
2.773834
4.1625705
2.1866572
1.1664468
1.29917
4.3701744
3.6813376
3.1427894
2.5262241
1.2827336
1.1157435
2.712904
2.794031
1.3385624
2.881405
1.9970772
4.1584845
0.9455106
2.4412026
1.8255576
1.669093
8.079225
3.6121366
5.7640753
9.142208
3.1474886
0.8095769
1.6053318
1.3762134
3.208849
1.387318
1.463669
3.0779321
0.45339778
6.919746
2.8766613
1.0306993
3.0269427
1.8473991
1.6624452
0.5564771
3.7473319
1.6806295
1.52011
5.485538
1.4375048
5.9648404
1.548406
3.6865396
3.206683
1.4667343
0.92725676
2.2955961
1.0802855
0.9875271
1.3193858
2.3365924
2.270983
4.025633
1.694292
2.9568357
5.4482875
3.1945229
2.6414053
1.4813995
3.7620635
3.1925302
2.7611084
1.0956899
2.0525787
1.3534533
1.9780078
2.514807
1.4312379
2.018572
3.0645466
1.5510628
2.0595372
2.4877684
2.183389
7.708443
1.2963215
3.7906134
2.7311828
2.1149828
1.5987333
1.5509313
0.49262488
2.2405102
3.6508036
3.1672282
4.094242
4.9224396
3.642428
7.228389
4.012362
2.615394
1.478996
2.4378595
2.4545698
5.343408
1.1134189
9.416963
1.3671851
1.644456
2.4144194
5.5063424
35.893063
2.4386876
4.109372
3.7926533
1.8425592
1.1024952
3.3799775
2.1290848
1.0625395
1.4331495
4.1955156
1.778856
1.6962782
4.2764707
1.3913127
1.025393
1.8983837
3.2393434
1.9936316
2.0284293
1.4205714
2.0584393
1.3388495
2.6208613
1.4863893
2.6667967
4.225043
1.8803575
6.4971895
5.7174463
4.518085
3.1752543
2.509854
1.1377238
2.9327576
2.8015542
3.0972624
2.4777312
2.6542053
1.373597
5.033702
1.3673761
4.5326924
1.6248491
1.9976523
2.063633
1.0175601
2.469357
0.83487123
2.1370423
0.3955742
13.073187
3.1468945
6.7600756
3.6715844
0.09298702
3.1986847
5.985882
1.8099433
2.8630164
1.8381097
1.4879512
1.7467657
1.0449485
7.886879
3.6662877
2.1780434
0.84997815
3.849309
3.7000062
0.88033235
3.7982674
1.0417528
1.4884305
5.311811
4.7903414
2.3810203
1.5906012
0.913235
1.7721379
6.5091205
0.924244
1.5334339
2.8509047
6.603201
2.9726372
0.77962166
2.9498358
2.015478
3.73949
3.4670174
1.3351054
2.3220906
0.9505865
2.8477848
1.7491405
3.0069447
0.5449871
1.5091993
1.1048584
0.4051634
1.5593883
2.1888087
3.1808634
1.6882113
3.4691598
3.9337795
3.1822968
2.2442148
1.2685062
7.0362034
1.9272357
4.4534245
2.0746846
4.3730373
3.8491192
3.6733534
3.6867917
3.686254
3.0292568
0.8870197
3.1093116
2.1965282
2.1246333
7.600374
12.448932
3.3682117
4.139223
1.6979156
2.3918614
1.3158011
4.116305
0.28416812
2.4129374
2.6218872
0.9465741
1.9480093
1.5884804
2.5465047
1.4338282
1.167003
7.787653
5.7029567
4.137371
1.8213916
3.4911828
2.1598673
6.543441
2.6462424
1.0785801
1.9542991
2.8734682
2.2841492
1.0595841
1.6067147
2.4116535
0.9777907
1.496634
1.421229
3.6414077
1.3093873
3.6957037
1.1514074
1.1682575
3.4112768
4.594742
4.7736025
1.2450693
3.7480016
2.5835898
1.9206994
3.059336
1.1315945
2.577881
1.6535882
4.3460917
21.415314
2.2779355
2.769065
4.873554
3.6684365
1.3643616
0.61456895
1.988218
1.4659724
2.6872644
2.3914933
1.0771058
1.4116064
1.2591454
0.5082165
1.8893998
3.047972
2.2150779
5.8127947
1.8890307
1.7598302
1.5819712
2.7012148
4.0248804
2.8414004
2.0157816
1.8265786
1.9937301
2.2217853
3.397111
4.1435885
1.8251114
2.5507407
4.6999497
3.626718
1.6497375
1.1207784
1.2173022
4.9989777
1.6272182
1.7814493
6.962316
3.3334534
2.2792928
3.1801233
5.263141
1.2580695
4.2813535
4.6406617
1.4738609
4.1441236
3.0424469
3.7481012
2.743161
0.96950185
1.106886
1.61462
2.0216334
2.564751
2.3961787
0.35055304
1.057281
0.9822003
2.2608883
3.8957229
4.700049
2.342527
2.0992332
1.9357241
3.1946735
2.893195
2.5224485
4.7522526
1.4539517
2.7246406
2.058013
1.1432042
1.7518853
6.1677146
4.0469713
1.4048353
3.5963495
8.291264
1.2506669
1.5495639
1.1804932
1.9417042
5.208416
4.04352
1.9773966
4.919256
4.8854427
2.7326148
3.7779663
9.021887
3.037999
1.9167504
1.9308919
2.6634874
3.4505959
2.2961047
2.6748576
0.88975835
3.8883357
5.4315596
1.3061906
0.44970444
4.1629143
2.0602283
3.1404343
1.621337
3.1588619
2.8175871
4.220288
3.4346526
0.9015174
2.513094
3.3762374
1.3228722
1.2977471
0.6204707
2.1697211
3.4815228
1.9293159
0.59905076
3.229915
5.6075892
2.375889
1.1953803
2.4583247
1.6082816
1.5031497
1.3504227
2.9873886
1.459969
0.4283896
1.4167317
3.5785806
2.9488091
2.1638122
3.304496
3.0431254
1.7105
2.4054418
1.8882253
0.71299183
1.4604118
2.7948322
1.7042354
5.5607142
4.8509297
1.3963587
3.4709628
4.9639754
1.3984638
2.0237012
0.8140476
1.6498313
2.5698092
3.089901
2.762848
5.3553605
5.9069223
6.4360876
2.9988844
2.1385653
1.7431365
6.499276
2.9119089
2.0760145
2.5238597
3.5672662
3.1366858
5.2383456
3.3287413
4.253874
4.2080536
0.6247039
2.0379412
1.8172317
1.9478639
3.286538
2.7991323
3.5513675
5.2466025
2.0987878
1.962483
0.8421322
3.24588
7.1821246
1.1171407
2.9859586
2.1468985
2.197003
1.1380426
2.4491644
1.5775098
1.1683114
1.758912
3.0539782
0.5482738
0.9402499
4.7807393
7.7837453
2.166483
0.7029217
1.4975226
0.6380643
3.279477
0.4738581
1.490343
3.9017804
0.99515164
1.613327
4.156403
1.4106443
0.7603452
1.9407551
2.0680566
0.98065794
1.9947283
5.2497516
3.1215332
4.383534
2.4926372
2.359236
1.5751745
1.5056651
1.9778202
5.1645727
2.1716695
3.2397544
1.7388326
3.2279527
2.9330146
0.85574317
0.5379253
2.57516
2.514967
3.1774645
2.4596539
1.3110248
0.8515158
8.730346
3.561818
2.0185404
2.4737618
1.1579138
1.0431068
1.1114217
1.463601
1.607432
2.2464423
0.7320273
2.8846738
2.2934275
4.416327
2.8876922
2.5443416
2.3663535
4.0100694
2.8956473
2.5754282
3.4642062
3.015588
3.2186706
1.2320552
3.0594838
3.0061085
3.2755115
1.4942923
1.1953584
2.4147532
2.865987
4.8976755
1.3200942
6.533391
2.6996484
3.1574397
4.230916
2.460929
3.295045
4.4912715
0.87040555
2.0161457
4.698231
0.84069806
2.0620012
2.3537252
2.09927
2.1112256
1.1588093
1.6873832
2.7297556
2.1543286
0.624408
3.7359238
8.628715
0.98085153
2.5931244
1.2675627
2.658148
5.368678
1.9445229
2.7152126
3.1767857
1.2030995
0.67544705
4.791094
1.8049753
10.367716
0.53139037
6.6895847
1.319306
3.7796607
0.65142757
3.3102665
3.7530515
3.6844096
3.6011438
5.201605
1.2145339
2.6756997
1.5218498
1.2118869
1.145309
1.4477774
1.1644137
3.616659
4.0251384
2.449372
2.960167
1.9103811
1.6490376
1.5718728
1.7099403
3.6039667
6.201203
5.401118
2.1164231
1.4659042
1.2025316
1.8565387
3.2315922
4.062007
1.479619
4.7017555
1.9353873
3.526742
0.5967417
2.1184204
5.612443
12.912326
1.2739693
0.5612104
2.3816223
1.5699193
3.6284976
3.0690248
4.002513
3.359085
3.4165335
5.7844167
2.727534
1.241881
4.9227324
1.448091
1.7850891
3.4286892
4.4716144
1.5813869
3.989406
1.8241348
3.604431
1.2153862
1.1378012
1.9390464
1.0774254
1.4913332
7.232651
2.6315844
1.4539695
1.6237652
1.5381678
3.056825
2.198876
4.0286627
3.5706837
1.9436797
4.9427767
1.159603
2.9874806
2.4464042
2.249005
1.3390967
1.8264233
1.4822677
3.0954268
1.1581383
3.2028348
0.57400906
2.3427424
2.0642781
4.687253
0.7563774
2.106905
2.321802
3.0394275
3.5936368
4.1076627
1.7432493
1.0134822
3.2843668
1.3505743
3.6156888
1.8518555
0.5047563
1.3203504
1.7001463
2.93877
2.9764652
2.5801318
2.739364
1.3604062
4.2031965
2.7291126
1.5549897
1.845947
2.537348
4.8403096
4.1244903
1.7794781
2.6798792
1.259399
3.3508024
1.2306281
1.0086591
3.6979096
1.4617491
1.9775147
2.3779383
1.7974278
2.5428357
2.6150331
1.0790336
5.3640046
2.1145344
2.4430532
5.652714
1.4566116
1.2458602
1.3392975
2.9799085
1.1938677
2.5805104
4.8266144
6.1494765
4.175206
4.950113
2.9814644
1.6627902
3.0384316
3.0075758
5.1793485
1.8821673
3.3763242
3.0989585
6.3258276
2.67596
3.48416
2.102707
1.429071
2.2100017
2.8341224
3.5354037
3.611518
3.5255792
1.5656534
3.102465
0.8951112
6.7330184
1.0804452
4.051886
1.5099744
3.05867
0.9590134
4.2644963
1.8558327
4.060936
5.2694006
1.3088442
1.9028108
2.2308311
0.70845973
6.074208
5.265653
1.3572446
1.7212118
3.390565
2.01026
1.2623906
1.6629446
1.1450728
0.9896948
1.2874804
3.6604168
1.9565221
2.0977232
3.7132928
4.0420675
0.67146534
2.3954995
1.3885727
5.3019724
3.3271248
2.5155876
2.0730886
0.83661294
1.5371147
2.4628885
3.341523
1.5930437
2.271233
1.7552507
2.009769
0.94854337
3.982099
2.9281912
3.3822513
3.0539584
0.8384891
2.5635705
3.3573978
1.9734373
9.388611
3.7591517
1.9147849
1.6654674
2.7275815
1.4112654
1.5964532
1.4775586
4.0661926
1.4444511
3.8364024
7.4258394
1.5115032
2.9265945
1.320134
4.1025496
2.1342664
2.1112044
2.866705
1.6719718
1.9985809
3.8977742
1.2641425
6.762727
0.6938416
2.3398244
1.3567433
4.202961
3.3698578
3.1604836
2.1504376
2.412166
3.6062777
2.4172716
3.1927917
1.1411674
3.6387188
4.363099
5.653449
2.8052464
3.5270648
1.3977565
3.518097
2.3454816
2.7082481
3.0450084
3.5576134
1.7999834
1.1511781
4.720496
7.248078
1.9405361
1.2199525
3.0966759
0.9378132
4.7209306
0.89864534
3.132576
0.59933496
5.5048127
1.3789155
1.2650425
4.6099253
2.414342
1.9296123
0.76634496
1.5180261
3.3996162
4.8635116
2.654629
1.2877629
0.93445164
1.0768493
3.0043538
3.6165857
2.93432
0.39721316
1.7853814
3.8485718
3.9266138
1.3796084
1.4619282
0.10152416
2.6674783
2.9987278
2.4562984
2.458231
0.8996722
2.7209578
2.5837567
5.2832427
0.6659346
3.64324
2.4566157
1.3698387
4.4345627
1.0990423
3.4180822
2.4879491
3.2983272
2.0567515
0.9514398
5.942628
3.7136674
2.2945635
1.7061844
2.7332368
2.0035617
2.5780072
1.7785176
4.651187
1.964439
3.3463197
2.6226103
3.5317838
2.7232165
3.740196
1.7262964
1.9597135
1.4812974
0.64574534
2.2024693
2.7546358
5.1742787
3.4255543
1.2860093
0.75178045
2.2790926
3.2317986
2.2879434
3.1456406
2.4178207
2.145996
2.3694663
5.037387
2.8503814
0.94534385
0.6848031
2.1824207
2.5659826
1.1912137
5.998638
2.0725856
4.696812
2.7359455
0.78104866
0.53274
2.8674722
0.9659984
2.3273718
1.5898798
0.6856743
1.3956692
1.8107846
10.821207
3.1886802
3.9114697
3.6273847
0.5730549
6.4310017
2.9475029
0.8849489
3.087271
1.3562509
2.7867796
2.466317
1.3663646
1.2281286
3.1787052
3.913724
2.0229487
0.9518627
1.5336527
4.4267125
1.5353414
7.1770434
2.0516503
3.86789
1.397608
3.9962146
2.0043075
1.8605987
1.84936
2.366476
4.542258
3.6082957
2.382341
2.1935496
1.72231
2.1033142
0.93502796
1.9645038
1.7800083
1.4487733
2.6735532
2.5007746
2.3129551
3.036054
2.108175
2.7242424
2.9852257
1.5380023
3.2790215
1.6110171
2.3253758
5.4539433
2.8699784
2.1369781
2.4965596
4.816502
1.3170593
1.9868464
1.0995331
1.2260503
1.4440409
1.6068852
2.1810434
2.245235
3.557852
2.6743882
4.715047
3.7241352
1.1443183
0.94497365
2.8016186
2.9271336
0.79069364
2.7862513
3.0015502
2.2626176
2.7896242
6.092863
2.8353794
3.9534447
3.6720684
1.8273082
4.6132174
2.4367263
6.2422547
3.2628877
3.610097
1.6818857
3.768193
1.3193126
0.6207147
2.225143
2.5545464
5.476492
4.8736224
6.3424897
3.1817112
1.1897413
2.2294235
1.4832797
4.9102583
1.8349423
1.5335644
1.0017942
1.3868616
4.5473466
7.3849435
1.1505318
1.7964082
3.6848195
2.3946702
3.1754193
0.6789844
2.1517677
10.077061
4.3249884
3.137226
1.3240306
2.4921026
0.69394064
1.41987
2.8928812
4.1498566
2.268226
0.8970112
2.1799524
1.90644
3.5381458
0.5416541
1.2122787
3.4124
0.91177857
4.982356
2.3570747
1.5113072
30.55409
5.69769
4.830244
4.2084856
3.2960904
3.6916032
2.561658
1.8774085
2.251051
2.9658134
2.2675853
1.7228552
10.337394
2.1201644
0.37724608
4.1563883
1.2743212
3.3373935
1.3525347
5.8170586
0.8770647
1.7693223
1.7804083
2.862629
1.0849179
0.5124059
3.4051433
12.481007
3.37485
2.2151349
1.2044604
2.5107546
2.3917587
6.1568646
6.659319
1.5172794
1.7871732
3.3840742
3.2137485
0.94248676
5.6721287
1.7162169
2.113209
2.0831606
6.202355
1.0590307
2.3094852
2.8330193
1.748355
2.0334256
4.6580267
1.3614774
2.6779015
4.8062286
0.67044383
3.2426927
2.222538
1.9248768
5.0450616
4.0439243
1.1786331
1.1514239
0.5309041
2.533933
2.834419
7.2701488
4.710261
1.5080479
2.111973
1.3947102
7.400734
5.6318574
1.0999534
0.75198734
1.0245984
1.6003691
2.9858534
2.1510801
4.471375
1.8108935
1.5259148
1.3990667
0.90945065
1.1518859
3.6533892
4.708474
1.0747421
1.8890582
2.0986428
3.6635058
8.166332
0.82451737
3.2324612
1.7699363
6.7820997
2.940212
4.370566
3.9047642
2.3953805
8.9304085
3.6270535
2.1076288
2.1925414
2.0125475
2.5688798
4.2277746
2.1895525
3.11548
3.1967273
0.97877777
0.58718944
1.7483073
1.46449
2.3592973
1.1405803
1.5932051
3.4742181
4.842817
5.9391675
3.8181233
8.340211
1.9124929
1.3486825
6.8178253
3.8893116
3.435169
5.7635317
2.1807866
1.6438832
6.9741464
1.6615971
0.16936839
2.0347922
1.6830767
2.5476234
3.2068365
1.165978
4.6120887
0.6429241
0.61852133
2.6978283
1.4764631
5.560271
1.2786397
3.1943953
3.7152412
1.0758228
1.8686253
2.7334242
2.413431
2.8066132
1.9493226
1.4644367
2.7180455
0.99594223
0.9892886
2.7969923
1.5534676
1.9896404
2.2707636
3.4928513
4.530811
2.4503107
1.440932
3.1831334
2.3118165
2.2480292
2.1860995
3.074892
2.0222628
2.6218257
1.5198085
0.96834224
1.5728679
2.9880476
4.3554754
4.526312
1.7993627
1.6319743
1.3466098
5.9613357
0.92194444
2.8009722
2.7777922
2.9000292
2.5832076
2.8943038
1.6691617
4.957568
1.4234656
4.1161504
0.33520725
2.6465197
2.1200101
2.4878972
5.3372188
0.86805695
0.6018306
1.109551
1.491846
4.980595
5.3041058
1.8127122
1.5706933
0.7975926
1.3666259
0.9772258
1.7485074
1.8800999
1.7243886
0.6530152
0.7818852
2.187206
2.7899914
1.5761167
1.5364312
3.2493122
1.2985141
8.906671
3.5825632
3.5945518
2.4172819
2.0692444
2.2004037
3.5694048
1.9314426
2.2574444
3.658462
3.8108604
4.3547177
4.939375
9.357069
0.49159378
1.7532467
1.5074608
1.2314969
4.3096333
2.1436684
2.1784656
1.8769189
1.6207521
5.9109883
9.801406
0.6283056
2.8873956
2.455784
5.165971
1.0853717
2.395447
3.1005583
1.9741876
2.5362089
1.0545458
5.865766
0.7076132
2.8332903
4.2189546
0.35019633
3.289632
0.86879426
0.69379896
1.8473183
6.585956
1.615268
0.6361795
3.408979
4.5155334
4.214764
2.9613097
1.9187953
1.5916495
3.5406392
2.1950953
2.5804012
9.869471
1.8250498
1.3281577
2.1683705
1.3674812
2.0991848
1.8215681
1.4071063
2.8704956
0.7091799
1.0142885
2.8744683
3.3309457
1.6160944
3.5617442
3.2761927
4.0199904
3.5110972
1.7264525
4.341683
3.078905
1.6789994
5.3695765
3.3215234
0.94234806
1.1584716
0.8203013
2.0138624
1.124221
0.43544492
1.4259962
4.9146314
5.594845
2.5291798
5.0280557
4.785962
3.7928188
1.1210268
2.810192
2.5740612
1.7050191
2.9196906
1.156375
6.5330315
7.532288
5.2378945
3.361471
2.3255847
6.1531396
1.1010514
2.181507
2.3344786
5.283133
1.3108461
3.9857645
1.2293051
2.3841264
3.338261
2.3738654
0.69558156
1.5509276
1.8011833
4.219549
2.0193338
1.4005575
3.6629794
1.7246476
0.6877454
2.5784903
2.8173444
4.741137
6.160956
1.3040352
3.4217618
2.9975953
4.165193
0.9974556
3.4592621
2.1662214
0.9172714
2.438918
3.3590937
3.5848336
4.9793363
3.4685102
2.8451111
1.3231366
6.632546
1.243913
4.1796694
4.812766
1.7116132
3.4800534
0.5099413
1.1675965
1.1182557
1.887715
2.8326082
3.246322
2.0588832
1.2596002
1.2953892
3.3274312
2.094964
4.781283
3.2965288
1.1887717
4.7573957
3.2069407
6.346268
1.2231377
2.1892467
2.91965
1.2030126
1.8232286
4.4751687
4.1725593
2.646988
2.1149194
2.3730476
3.1682174
4.950954
3.0975726
2.5569885
5.0946136
1.8687631
1.5690787
1.9585581
5.150906
3.3823574
3.3995056
3.186401
1.0583206
2.0990286
1.3117559
1.5155566
4.051164
1.5857016
2.6006255
2.0756729
2.823238
2.5654006
1.2676439
1.7904491
1.6432022
1.8570833
1.9226748
4.056621
5.0122876
1.7082233
1.2167575
0.86034113
1.9915222
5.7657723
2.4224215
2.944687
2.1594381
1.3359648
5.934165
3.4213827
3.877064
1.7124343
1.7031578
3.2215834
1.6231096
3.0704637
1.051002
2.77837
0.85637546
2.5581937
3.3299968
0.49840826
2.6546476
2.9615366
3.9205208
3.8287477
1.8128899
5.127406
4.367283
2.112251
5.5635066
2.633457
1.6468382
2.0174425
2.4367943
2.19044
3.1053967
1.0679995
2.4973333
0.2505355
2.5327554
3.5344844
4.4650903
2.1297874
3.3051434
3.9181988
2.9881601
5.433162
8.366045
4.1094685
5.0613766
3.7431228
1.883427
3.7440028
1.1491218
2.6452138
0.6847719
1.941435
2.022014
1.2772874
0.8887582
1.0879538
2.293487
0.81382215
1.2671204
3.0198596
4.5793276
4.277423
0.34126288
2.1620417
2.7572591
1.7909188
1.9612594
2.6390119
2.8820162
0.36350334
3.6023958
0.25796893
1.1904349
2.322617
2.0046983
1.6084809
1.5421202
1.3312345
1.7509052
3.1939595
1.2290044
0.6795715
0.7156046
3.4579618
1.0761372
8.1779
3.3696976
0.632787
3.522044
2.3936145
2.5836542
2.5491538
2.1883686
2.1149316
1.0075178
2.1249316
2.1695032
2.9287958
4.460299
1.7936735
1.0997721
3.5812066
1.8875746
1.2349274
1.3372589
6.0497994
1.8679267
5.232229
2.2325454
1.0511945
2.5728827
1.9669176
5.173219
5.2339354
1.582585
3.540102
4.6015
1.4962656
2.0303257
3.295709
1.6035429
2.8856823
1.6910942
0.76383984
2.460154
1.662407
1.1889813
4.412662
2.587123
1.1620598
2.4381454
1.9941559
3.5941997
1.8788823
3.224786
2.0225222
2.9069686
4.258438
1.4359999
2.9247122
2.0307457
4.1483793
4.063936
0.39892858
2.4946222
4.230681
5.3933263
0.80292827
1.1097069
3.5935445
1.1472479
2.2343717
2.7416697
1.7242104
6.4435487
2.4268265
2.069558
1.6760539
2.4581437
1.9618157
5.2040386
1.8797938
1.0922003
1.6994842
2.521202
5.7691407
3.2675436
1.8349509
1.1554388
2.659256
2.3654177
3.8655925
2.8617144
0.5006
3.0648422
1.304295
2.1996415
2.2302315
4.7397547
6.923728
4.8223815
6.2721577
1.111073
7.3379893
3.5293605
8.488216
3.1227083
2.3916943
2.6410503
1.695855
5.1022854
1.892044
4.4871473
3.89088
1.1820847
1.8399622
1.2081556
2.0750594
1.8006009
2.2353928
3.2774782
3.3263803
2.6043403
4.466403
1.5652364
1.5692701
2.81383
2.620911
1.4097593
1.199623
3.671575
3.277474
2.1972969
1.9867779
2.4303565
0.308836
0.80536383
2.7220836
3.0146117
2.4837792
3.0030534
2.230279
16.255419
2.979252
1.9697359
2.4502943
5.214961
0.4825912
1.3927952
1.7004373
2.8011441
6.397815
0.52459913
1.7809592
2.2165496
0.5595913
4.088685
2.6037679
1.7211497
2.2586443
3.7567508
2.0882394
2.0377061
4.5761747
2.0392613
4.904805
8.283306
1.4825846
3.1280081
3.6651788
0.85634923
2.4136136
1.7648149
3.3241816
1.57539
1.5377288
5.010522
0.70688367
1.2355323
1.7136592
2.357361
2.3888652
2.540377
0.8003131
1.82859
1.9927293
3.0877428
3.1004612
0.9893876
1.01579
2.8107536
4.685362
3.0161371
1.5105361
16.472908
4.181326
0.9672545
3.5585127
1.3606057
1.6676066
0.5936491
1.5346392
3.804085
3.4484074
3.9612322
1.0270039
3.3289824
3.4722059
3.2012618
1.6659267
2.8305898
2.14774
1.3192211
2.621945
3.7596452
0.80630136
2.0997474
1.7716124
2.0396247
1.1360966
2.2031496
3.7543502
2.094418
2.3135173
4.063538
2.842722
35.153988
2.2064679
5.307585
9.453874
1.618039
3.0238593
2.324444
1.1371993
3.4220889
1.2836821
2.2628176
3.0394647
3.6422732
1.096558
3.964789
1.6941271
3.5370266
0.69892323
3.8827677
0.7692306
1.5659753
7.3703775
3.0406969
4.5962057
1.0369793
1.1043599
1.6597428
3.0460572
1.2707133
3.6105137
2.3153086
1.5668311
2.0349677
4.0116806
2.396012
5.0732374
2.4459143
1.1583565
1.2986798
2.6779027
2.4471576
2.1523583
4.3292785
3.9386249
3.0867536
3.377804
4.1520176
1.1838536
2.7999265
2.0956545
2.667836
3.6523044
1.9486458
1.9537816
1.745238
1.2570443
1.6943951
2.5303705
2.7913334
2.0044575
7.9134183
4.0986
7.5933914
2.303735
1.193419
2.5900474
0.8451553
7.5783763
2.231718
2.8527114
1.6056072
4.4122133
1.7775017
1.5163441
3.9271576
2.819385
3.0723743
1.8486543
1.9645866
1.4734205
3.8048599
7.405597
1.9142253
3.9264376
5.0747476
5.938353
1.7304406
1.976458
0.6250528
6.404876
2.0838072
2.0515542
0.79346085
4.486013
1.5011822
0.7921889
0.8608546
3.801825
1.401745
4.693816
2.0491686
3.5181203
2.2191582
4.0237517
5.3918247
3.7523105
2.2740564
1.2094437
3.1746957
3.1522217
1.3915187
9.967476
1.4256716
2.3083363
2.102479
6.6649175
2.6453524
2.0574508
3.771344
5.0965977
1.5640738
2.0646954
1.9249173
0.9861643
41.30335
0.4030179
2.6609492
2.4547548
6.844521
0.9311078
1.7180393
2.7037227
4.371441
2.9706583
1.8541002
2.3109305
1.1980829
3.7091699
5.4902616
3.8648546
3.4026809
2.2577586
1.6745406
1.8294636
13.352615
2.3288443
7.2173386
2.5861442
2.0313191
8.786818
3.0049703
0.55489314
1.3703747
0.94149566
1.1740314
2.137099
3.766505
1.0033356
2.0144544
2.1736486
1.9804846
3.6765573
1.7730107
1.1933284
4.4743156
1.8978183
3.8305693
2.1441216
1.2035024
1.8058513
1.4299939
1.9625318
1.639774
2.8759267
3.0849824
2.9249454
0.69845396
2.2980342
1.6368791
1.6086162
2.6320024
4.3935895
2.5586271
3.6593556
5.1255054
3.5731487
1.3980662
2.0539515
5.1066384
2.6862705
3.4494493
4.2557096
1.1173038
3.451479
5.395031
1.8879082
2.160024
1.3048459
1.9645965
0.91050535
1.707062
2.3442852
2.3125927
2.762285
1.1416326
2.8894534
1.9719734
2.3538616
3.1449728
2.179668
4.95861
3.3235464
1.5280261
2.3712747
3.0547376
5.968754
1.8868189
0.90077376
5.3463087
2.3515902
1.3475268
1.0258505
2.4372454
4.2288294
2.8819406
2.957663
0.5827776
0.75202996
3.188172
3.374073
1.269369
2.6425629
3.1999185
2.892451
2.2274523
1.2539389
4.4714456
2.2302275
2.910769
2.9078994
2.2456129
4.842826
3.8368404
2.931277
2.2527149
0.9774457
0.57163167
2.6429405
0.80639523
0.8305004
0.46971998
1.5163891
2.4974067
1.8610587
4.410545
4.142814
0.79258245
3.0721543
0.7885702
1.6364626
1.3732265
1.209085
0.7281266
1.1583514
2.233629
3.2771273
3.8581636
2.9736085
1.5512677
5.2460227
2.9529917
1.9160404
4.9276786
2.3853185
3.895404
9.977209
1.2986515
4.061678
3.4488559
0.9033771
2.722057
1.883149
2.9407034
1.362518
1.166834
1.1599252
1.1717643
39.147003
1.0800296
2.7036512
4.978108
2.7650356
2.5564647
7.895457
3.086015
1.5982097
1.6076845
3.595477
0.64837897
3.2852335
2.7129598
2.0655324
0.6080866
1.2588139
5.189773
4.318532
1.6441908
1.8395629
1.9115797
2.4233367
3.3182092
1.2740946
1.5463794
4.3307047
2.021995
7.159744
1.6478729
2.3844378
2.548055
4.3672485
1.0349532
2.388943
0.9743911
2.4119775
1.0473629
5.3973417
1.3327185
1.2918208
4.4408917
1.7704
5.9096794
3.3594384
2.509284
1.3960611
4.1042533
2.0026827
3.6659646
4.124637
3.7103138
0.96496797
2.7845986
2.227233
2.173344
3.0165102
1.7948618
4.4761734
1.312235
1.9226272
1.5643255
3.552461
2.2848902
1.802469
1.1568451
1.7228771
2.8439527
2.0482774
3.2673197
1.925621
0.54073817
3.296164
3.7011642
1.2171787
2.3719957
5.8556266
1.7589514
0.76285565
4.5272818
2.021693
2.3118076
2.862548
1.8522146
3.2830732
1.7886634
3.0786564
1.1525617
1.7125828
3.292666
0.7077896
0.64711165
1.5399688
3.3026164
0.8359522
6.25273
1.5247399
4.324697
2.77881
3.5411768
2.789743
3.8307197
3.0734777
3.0263617
1.8757579
1.1441162
3.969903
1.5010672
5.0543537
1.2662513
2.0646968
2.0442576
0.4953472
3.928158
1.4542811
1.1307377
1.356599
2.323116
4.6912737
1.9000459
1.4682639
1.736856
0.46510226
5.36245
2.2861488
2.6199102
0.50136954
2.094963
1.2204161
1.7457656
3.1776352
3.3742585
2.8185887
2.1681287
0.9895507
3.2618504
4.318553
1.7667542
5.977572
1.2979707
2.503005
1.3542986
0.8333062
1.1711116
2.3230252
3.2146356
2.6472547
1.8258358
1.7307037
2.0932374
2.1662502
1.7223245
1.0164963
1.0709192
1.7596613
4.970906
2.7289233
0.61113244
3.2393773
1.1340791
1.2656909
4.2323384
2.5554516
1.3332732
3.2987711
4.892578
4.402671
2.3332853
1.5474075
2.631367
1.9460967
1.8996272
1.4570764
3.738701
1.6336399
2.5132644
1.4381986
2.1099882
3.246433
2.5604908
3.6448827
1.0365648
1.7723652
0.64271724
2.0996325
0.7361916
2.1274025
1.772079
1.1920427
2.286477
2.272746
3.3771775
3.9682627
4.6040792
2.6901886
2.319933
2.4260657
2.9954503
1.6086882
2.266663
0.5713855
2.7055945
5.1614714
0.6549488
2.0299551
1.0613507
4.842324
1.4699383
2.7944028
3.430889
1.3870225
1.3898278
3.7584758
3.1710238
5.1367044
2.9233725
0.8146367
0.8290889
3.0367515
2.06857
2.0500371
1.9142493
4.4138665
1.9293838
2.5315845
1.9233328
2.3589783
1.6823505
1.7848133
2.487034
2.2266033
3.9254386
2.4256918
3.5674741
3.392085
7.916608
0.7324324
4.259576
2.240912
2.842215
3.4480882
1.4993027
1.3998908
4.2750497
3.9675694
0.28685853
6.7919245
3.2519631
1.5459174
1.9134512
2.6527019
1.2438987
5.8969374
2.213409
1.0049939
2.8708096
10.609398
1.6464313
1.6569763
2.575314
3.9893596
2.965701
4.5764093
2.0739515
4.696424
3.4315093
1.9434996
2.9297268
2.2768447
3.300983
6.5082273
3.1953678
20.697325
1.5613234
1.8842098
4.4028664
7.659513
4.1583495
2.3308635
2.4009259
2.9079745
2.5893035
0.9068703
0.93165237
7.1084714
1.9201438
1.6922063
1.2839925
0.7534225
1.4789847
4.659255
2.2681236
3.1374085
3.5395901
1.8237491
2.7061365
5.0548673
3.7993793
2.4632583
0.8952232
0.980144
1.4750481
2.2342663
5.754769
3.469349
1.9609414
1.5750588
0.5880661
1.2402215
2.448526
1.3354203
2.0766914
4.670946
2.945717
3.954126
1.4107472
0.6075777
0.64284474
4.020975
10.099887
4.3379064
1.9371719
4.8222337
2.80186
2.577867
2.8446834
1.7945964
3.6718135
0.6634576
2.3051643
6.6824427
1.5886673
3.0346227
2.3701398
1.3112216
1.1986045
3.909183
2.418402
0.7720833
4.4457583
3.758814
3.7581952
2.9632928
0.52922064
1.1697402
1.867642
4.600839
2.9537528
8.716713
2.1078675
1.7064627
4.4723263
1.4033037
3.2187827
3.6104727
4.2573395
5.7538624
4.1293387
6.423261
5.0456214
0.7215974
0.34165445
0.43532333
3.7753575
1.7904158
3.3058398
1.9212257
2.0584688
9.698523
6.582004
3.6500475
3.0940728
2.28261
4.438732
1.3973434
2.7049448
0.987716
0.96358746
4.303727
3.2885413
1.467025
3.995295
4.0677505
1.134632
1.9460995
2.3687747
1.3017906
0.20236255
2.5867836
2.3276298
2.7557006
3.6051145
1.3026235
1.3558383
4.5040197
4.410996
2.3700857
1.8045454
2.695383
1.5194701
4.323397
0.7701296
1.1203253
3.3121376
1.6304474
3.616101
0.57776374
1.9180752
2.7718844
1.8018765
3.2931063
2.4998767
3.202073
2.6246724
1.0680921
0.8975603
1.3030565
2.441349
1.2912023
3.684984
2.0281835
1.6807855
1.9795302
0.6146001
3.650005
2.0899048
5.5843935
3.5958374
1.8285115
1.6893626
6.575479
2.9601855
2.4479134
1.535059
3.113092
0.8307175
1.8077242
1.2646422
4.7081685
1.7139888
4.1211658
4.6714406
1.0161736
1.8149242
6.818822
1.9416983
1.2320143
1.563989
3.0327866
1.943951
2.6607127
2.6515698
0.4467558
3.7216754
2.446145
5.054511
2.3264973
0.8840934
3.8434577
7.3480935
4.351025
2.0764763
2.2385733
2.8136215
3.974946
2.746894
4.0423155
2.2157166
1.5781707
1.9479641
3.0237107
1.1120883
2.3110948
6.3152046
2.3546023
7.046166
3.027419
0.8483083
3.8105164
3.8023417
0.5432164
23.527714
1.5980862
2.3340988
3.3255086
1.6418456
3.200384
0.4430988
1.1644332
3.1044903
1.8330305
0.6901905
3.3360858
3.7719846
9.476495
1.9168886
7.069779
1.4827565
1.7236977
2.2853465
2.4013076
2.9414551
4.36719
3.0266302
1.3694445
3.0246766
2.4701054
2.3566551
1.8769853
1.4770572
0.8532381
5.00396
1.388066
3.4942133
1.4046751
3.1562917
2.8024662
1.9104799
1.7436972
0.5912431
4.6754527
1.7367207
2.220918
1.2201788
2.3885374
3.390627
2.0587573
0.7130346
1.5756866
3.6592774
8.96939
4.56441
2.9953933
1.4482889
2.3893776
1.6740704
1.7069076
1.8787943
2.9109488
3.6763997
0.5906891
3.2887309
4.382193
3.5743616
1.6666487
1.9811002
1.9215047
1.175013
3.3615475
2.02158
1.6045238
1.9454511
2.925104
4.2288303
2.8442125
3.1185544
0.70592844
1.1104752
2.2448843
2.187735
1.8668737
1.2483506
2.8707378
3.238687
2.7222507
1.833161
0.47327074
5.366207
2.9796944
1.7276357
6.508104
4.733511
1.7963852
1.9674094
4.975268
6.475093
1.4115589
2.9019547
1.6837922
3.6314964
2.1103055
1.343468
1.0206494
1.3321798
0.70020163
5.5247536
1.2622474
2.192806
2.1589582
1.4414699
1.4495813
3.2867439
1.19807
1.0275719
2.9740105
5.918199
4.345478
4.2661223
1.8870294
2.2602162
4.0146747
1.4672476
5.965589
1.7863277
3.2862802
4.7031813
1.6412951
2.538084
2.703797
3.2017477
2.071703
3.7621017
1.5992426
3.0720923
3.2002828
0.5954759
2.6241374
1.3827087
3.674592
1.4541283
2.4095094
0.45836583
2.0009456
0.5727428
3.7396612
0.5054614
3.2880409
3.1958363
6.9038625
0.6645792
1.4186739
2.7942224
0.66417396
2.5865853
2.5137212
2.7925
3.5579524
1.8284185
3.8651216
1.2452956
1.7349992
1.573941
1.9518927
0.8828851
1.7269405
8.74274
2.8482099
5.2794776
1.0725148
1.1750953
2.2180498
1.9035068
3.091425
2.778401
2.6517572
2.8649116
5.435117
3.0853128
2.3977656
2.3384333
1.7003539
1.0288807
5.21967
3.8535783
3.300348
2.832565
1.725056
1.2660577
2.1472056
1.2858961
5.6809864
2.238177
2.211803
2.1306956
2.8438916
3.317488
1.1158302
2.6036103
4.3658943
1.2062302
2.3018034
1.9645246
2.5439038
2.1947722
2.0094264
3.3392417
0.78815985
7.039279
2.6925485
0.997133
1.6944138
2.7168555
4.0792975
0.6885603
3.0248928
1.9431114
1.8481046
1.3932451
0.57996947
3.4750025
1.7304755
2.4409702
4.301664
1.3141237
1.8317331
4.078433
1.0887266
0.7218383
0.85126686
3.9590764
2.429574
2.6986375
1.5159621
1.8492855
5.205465
4.5589957
2.513718
2.129772
3.211401
1.185918
1.5050066
7.0869975
0.5950352
3.0645173
0.79624355
2.9946172
4.328137
3.3666208
3.9881687
3.5837016
3.3776867
3.515343
2.667864
1.194213
1.8862718
6.56887
1.841138
3.4447012
1.6423936
1.4314482
4.2399993
2.4710557
0.9200997
3.5199947
1.9518836
3.1731968
3.0749273
2.1954997
2.2829757
1.1487386
1.3595443
1.0318583
5.7971888
1.6036144
1.954686
2.6538663
2.9778566
1.3339309
1.4517894
1.8586886
1.0243827
3.2947428
2.000123
1.8465044
3.5802717
4.1967444
3.0408642
3.581234
3.3093565
3.1810997
2.7894616
2.819726
1.4772168
1.4393053
2.6776621
2.3132048
0.6423027
1.93652
1.726525
0.5539352
4.6674175
0.17224714
1.7083557
3.2767148
5.1332474
2.1162066
1.5634507
0.9215338
2.2893486
2.8594325
3.1311014
2.2941716
0.8350205
0.50598747
5.3167515
3.5942507
2.1516027
1.173529
2.7192514
4.837631
2.070921
0.5494484
2.4445379
1.123676
9.0215
1.5285888
6.7189755
1.8940078
3.8243983
1.3001062
4.971601
0.4081667
2.1159275
4.2555127
0.21764213
2.0414374
1.5080221
1.6382147
0.6435974
0.5283729
2.4860587
1.3393037
3.6410005
3.8686106
6.499657
1.4744834
2.5498526
1.2916337
1.3609697
2.3381574
2.8531291
0.8384914
2.448995
2.3285916
2.600339
3.1392865
3.0944755
0.6696365
1.0862716
1.015522
0.690179
2.632203
1.6725736
1.500567
0.74883294
2.9764006
2.4726593
0.37798616
0.7798982
1.547869
2.2295144
1.6551558
3.232332
2.5981503
1.1787462
3.068796
1.3082608
3.3882132
1.5076588
0.75058895
3.2310944
2.4851363
1.1872301
2.2489603
4.3340983
1.7779028
1.733484
0.7682993
0.8943298
0.70646894
4.3945518
0.9956692
6.021455
2.9258642
1.6267469
2.6333559
4.3388457
0.98552585
18.249613
2.0408647
5.008629
4.2266145
3.6575112
4.0446644
3.2765756
4.909968
2.379569
2.315081
2.662322
2.2123652
8.083922
2.8639176
1.0982845
1.6342016
2.0844882
1.8201251
1.9293964
3.018128
1.8414073
3.0738719
2.71065
3.729899
2.5356362
3.521201
3.0304968
1.7553874
1.9380351
5.475844
1.3766528
5.101001
2.6740718
2.139982
2.062646
2.191869
4.6381283
1.2986715
6.5306287
2.1063159
1.5469009
4.1474986
4.1876006
1.2197448
2.3739707
3.7742226
1.3275968
2.151521
4.468304
4.0628595
4.3152447
1.743224
1.9457132
3.2545393
1.6415933
1.9184667
2.4377122
1.6093131
2.0694573
5.4642873
7.4210052
0.29189953
1.0361099
2.6646297
1.3056643
4.3292556
2.2108428
1.6938304
2.8738801
2.4379163
2.216733
2.0759418
2.510181
3.180772
2.028102
1.4486352
1.7582334
1.3299466
5.3038993
1.6666335
1.5313549
1.6721656
1.621499
3.0860758
3.963263
7.697829
3.2070954
2.6735034
1.7105045
7.613366
2.4840996
1.2979779
4.819701
5.2430806
1.7900199
4.6416616
0.7583285
5.940254
1.4196558
18.247646
2.4205
3.6152592
7.2254004
1.2596426
2.9216068
0.9069435
0.5146668
2.4331717
3.8309417
3.5640655
2.96835
1.8969011
1.6471369
2.8891468
1.7795877
1.7793372
3.6177678
2.0686007
1.7748195
10.260018
2.9082954
3.078169
1.7068403
2.332991
2.9970787
2.0204928
5.4564667
1.3736844
2.8374116
1.404099
2.9211383
0.67059046
4.254354
2.041348
2.7862122
4.4086466
2.620111
3.4222584
0.8074414
0.8685965
3.1330004
2.4879427
1.6842881
5.3841133
2.2250135
1.245343
1.3883992
0.86537904
4.4021473
2.3258646
2.111854
2.7326086
7.520378
1.1130829
1.4996858
1.0595933
1.8868679
4.598177
1.7234432
4.142931
0.8010741
3.5241518
0.8507142
2.435203
2.324133
1.3199952
45.531723
2.2354877
0.58119583
1.0484207
3.1107473
3.7819018
1.9755203
2.1580064
2.006421
2.465274
1.3029
2.0749907
3.12409
2.352365
1.560156
2.6425521
1.5349821
4.6234007
3.304884
1.1537286
0.7911123
5.623237
1.7037046
1.8217672
2.2313902
1.7110721
2.6647172
2.8969111
1.744841
0.76144713
1.8416284
1.6579862
0.9956521
1.7806908
3.6402848
0.860451
3.163314
2.8448858
1.2592174
3.0093498
1.424841
2.622918
2.4569714
2.460721
1.7903888
2.4952965
2.2787025
0.82640684
0.750865
2.6843162
2.584557
1.5201733
1.8495156
1.6520714
5.009555
3.578789
1.5366511
1.3890827
5.166773
1.151837
5.284764
2.0233827
2.759989
2.6058154
1.8839402
1.5383122
6.592686
2.5406013
2.2200692
1.3909945
2.4673297
1.4729544
2.512534
1.4517344
4.267283
3.8384304
3.2790098
4.058161
1.4862477
3.941535
1.4728616
1.6834806
0.93452656
0.9841811
2.4988375
1.5646302
5.798969
1.298861
1.6325703
3.5795841
1.9404954
3.7286413
3.0701702
4.2958612
1.001759
0.48674312
2.1409585
8.213201
1.1803638
0.7571505
1.2253991
2.7543423
2.028107
1.7131726
2.5259612
1.634154
2.3025463
1.9945924
1.8567451
1.1393155
4.7905273
3.6116986
0.70860904
3.2143614
2.884492
0.99001414
0.6497874
1.0938895
4.684509
4.181413
2.422328
2.0696044
2.1324785
3.3918152
2.4668112
5.8910565
2.3557074
2.0131123
4.072
5.038351
2.931694
2.490249
1.7515465
3.0331452
2.6191108
3.3390133
4.923448
1.093045
2.6338668
2.485087
3.8968291
0.64465207
2.0329883
2.1764202
2.1481433
2.0584807
4.470292
5.9218874
2.329793
1.6921278
2.5743763
1.7170857
7.670187
2.3776214
2.703586
3.9043715
0.585052
4.672018
0.57194585
3.9460056
2.8048918
2.9517019
6.249838
1.7821211
2.2611141
1.6321578
6.350304
2.407626
3.6732354
4.578379
1.8821998
3.2241392
1.1494546
3.8678846
0.9431777
4.632841
0.9680072
4.790434
1.1464685
2.4140284
1.810089
4.1715117
3.9225225
2.2739022
1.8451961
4.6865487
3.16378
6.0099053
1.8680618
6.430973
2.4319239
2.1487796
1.8386747
2.7307365
2.3035505
1.5926245
3.5913694
0.8958181
2.1710002
2.331731
2.1032572
4.326223
3.6275828
2.7881362
2.5684738
4.6402507
2.5632322
1.9890801
1.7017696
0.7683256
6.716437
3.314254
1.6180604
2.4282806
1.1959819
4.7450056
2.774435
0.9980698
5.279339
3.81983
6.2652287
2.8089938
2.1007757
2.4932425
2.515386
1.3898185
1.5843428
5.9763265
1.7383518
3.4068954
4.017404
3.8747597
5.2549734
0.90722406
2.4382665
2.265548
0.6984243
2.5475488
3.2642033
6.0572486
0.69384634
1.0407848
0.91687435
2.5386457
2.5750422
3.9303932
1.6166371
2.9410272
2.210201
3.3412786
6.1846933
1.5571353
1.778034
1.4620605
1.5990233
2.9245148
3.5603008
5.1243086
1.1029886
5.1758146
9.338259
4.6168165
2.793619
4.0453806
0.9178155
1.084417
3.919708
2.881819
1.9255546
16.980555
2.924424
2.851242
2.1996071
3.2950122
1.2576656
2.83522
1.6036997
3.248769
2.3236046
1.9267764
1.1600505
10.6609955
0.7988981
3.18612
2.3019252
0.92988664
5.2598906
2.5034647
1.5176938
2.5561259
2.2137456
2.0329561
1.8327596
1.9088241
2.8470898
3.111881
2.3917181
6.639286
2.9445086
1.1499069
3.0690098
2.1065419
1.684197
1.7334937
3.043998
3.0730624
1.719273
3.4227188
6.7746024
0.34185645
2.9125576
1.8860863
0.93140584
1.3689873
1.274937
0.99759996
1.268775
2.8170373
2.8655636
1.9571134
1.8739759
1.0983998
2.4479825
4.0202103
1.0213697
3.8016245
4.074593
3.6434882
0.99117774
3.0630054
3.2927709
1.9142987
1.559975
1.8925337
2.499633
1.7744007
2.3512666
1.0175316
4.9907775
3.113602
2.8850708
2.1686852
2.925086
4.7506127
2.4713435
2.5015798
2.1494062
2.0524807
3.2315865
1.1773092
2.3772166
1.852691
1.4487432
0.88123435
3.9320643
2.8818412
1.7722268
0.796228
1.8957593
2.1268225
2.8702567
6.2092113
1.4666951
2.2712722
2.7030149
1.5917592
0.9690826
13.2761545
4.430463
3.0360882
2.219652
1.9468442
2.5928414
2.2978117
2.1197834
3.602095
0.5493447
0.6208279
1.767531
2.9705827
5.4462724
1.83819
3.8962817
1.7883029
7.1466827
2.3326843
3.9313583
1.5287373
3.4791334
2.1913328
4.687233
1.8273859
0.47380108
4.972581
0.604984
2.6764345
0.62243235
2.920031
0.47265136
0.9728942
11.751325
1.3435155
2.9354992
0.6835491
0.89059055
4.0445876
0.99142087
1.5984937
3.3538296
2.8850138
3.2740822
2.3936656
1.2421734
4.5227647
12.251545
3.1539495
1.3142133
3.12267
2.4908755
2.0125165
1.9231323
2.0894413
1.218995
2.4187775
1.6359998
1.7703062
1.0341548
2.1345854
1.0062549
0.21287443
4.215962
1.0448865
3.8104432
2.4838953
8.0575695
1.6557376
7.3339124
1.7847689
2.8540528
3.076683
1.4183846
1.3383759
3.9446328
3.568488
17.007778
0.99190784
3.7415054
0.7260101
1.1745396
1.4013616
4.5878654
1.374759
1.465924
2.0434442
4.1885247
3.746421
2.6670668
3.3514252
0.883632
0.6597374
3.0473027
1.5458815
0.6165358
1.4325262
2.4586685
1.6668941
2.534848
1.5440848
7.490221
0.63438314
3.1644888
2.0513005
1.7927554
4.6050034
1.4882982
1.7641478
1.1027226
1.7514751
0.6599588
3.4637508
7.960383
1.7162201
1.0214714
5.4794707
3.2846448
1.6292096
2.8995743
1.8971161
4.9052563
1.6214323
3.6943698
7.8339763
1.691427
2.8894403
4.232258
2.8103495
1.4892088
0.70504254
3.7617223
1.7390558
2.172968
1.4220939
1.444232
2.4364913
3.514441
3.0352774
0.68270916
2.5980558
2.743334
2.1790235
4.744284
8.30338
3.600706
3.4574862
1.4132278
3.2894452
8.405561
2.0122423
2.5389252
3.7745984
2.1089745
2.1961317
2.155419
5.8124604
3.7979639
0.9367698
3.7742534
0.9158249
1.8300596
2.2445743
2.474303
4.9665685
0.88238984
2.0454183
5.5053697
2.5953057
0.8516668
1.240463
2.9314806
1.2529768
2.8406696
5.4368916
2.0585415
1.1152296
3.5004277
1.7942345
1.2835675
9.143297
1.467963
2.9421344
1.4205866
3.3499727
1.4725618
2.6024857
2.5775192
1.5886575
4.9774075
1.6396277
3.3727927
3.1286342
6.5739455
2.165123
2.5692437
0.6692739
3.9701962
3.0764935
2.90947
3.5361888
3.4254282
1.1171974
4.0928626
0.597421
3.3320248
1.8038052
5.859672
4.329424
5.6283555
4.258755
1.3363235
1.840994
2.9130492
0.36899492
3.5754006
4.685589
2.216716
1.043895
1.2259629
6.268921
3.0780463
2.5287971
0.4587057
3.6642032
5.593258
1.834771
1.5392846
2.7297583
6.657132
2.8004878
5.3168597
1.1620514
0.9954801
1.4192652
1.3641034
3.0140278
8.792701
3.710681
1.1232913
3.3550792
4.188398
2.903037
2.8520105
3.4203534
2.915205
3.4008412
6.7610183
6.1082487
3.834086
3.803528
2.3539057
6.891999
2.0528102
1.6174996
0.87057483
2.6082566
3.2369757
1.2862678
2.0019016
1.391939
0.2558313
3.19621
10.157923
2.6389718
3.009288
2.664485
36.33264
3.465226
4.5551667
2.932628
78.95119
2.7872179
5.228099
1.1874832
1.0958827
3.308453
3.2810156
1.0401124
2.7973554
1.8219861
1.3485141
3.9726906
0.8060707
1.1900665
2.31938
4.469384
2.3438315
1.4877307
1.7640766
2.3669198
2.3417354
2.7778366
1.4431518
1.7692982
4.0689664
0.5316074
3.484232
3.1831357
2.416895
1.1616594
4.440325
0.93780994
5.8653417
0.6044675
2.6028357
12.31637
2.9827025
1.9106681
2.8337762
3.9476283
1.4149315
3.4945245
2.7507527
1.3449516
1.3748189
2.2083607
2.0101135
1.6667023
1.7695469
2.7836514
1.0950656
2.4220111
3.9855201
2.5849833
2.1824281
2.232233
2.439321
1.6808633
2.1186583
1.757504
9.833534
1.7566365
3.341317
2.0273993
2.1366282
2.0104256
1.7708933
1.2169126
3.4510567
2.9583132
0.8294819
5.3913317
3.7636795
3.624391
2.8513308
0.6140533
2.6493702
2.2474277
4.6135483
3.7538366
2.9765215
2.9136996
2.0986066
1.5699092
2.0203097
1.842786
2.4608557
1.5809566
1.0384319
1.5860674
2.8099189
2.759645
2.8228834
1.1025487
0.58873475
2.3187592
5.9487133
2.2604985
1.839187
0.923571
1.9354396
1.2659495
0.73707795
4.9362607
0.9578631
2.6327195
4.4708605
0.77030593
3.6710029
3.2063107
4.069453
1.712559
1.3705018
2.3709743
0.90232843
2.5936248
1.8595189
0.6265714
2.4280844
1.6944172
8.7393
3.117245
2.271302
2.7538073
1.9645565
3.2846472
1.9043612
3.6780915
1.3700906
1.8664427
1.7006332
1.2254394
2.3277805
2.8520472
0.5838509
1.740294
3.923309
1.3270433
1.0937562
3.8701968
0.6853405
1.35781
1.6219115
1.5719892
0.96202546
3.1167605
3.494378
3.4965322
2.9805615
2.1432443
1.1834793
3.8516438
2.6131444
0.6972436
2.5028222
1.7294178
1.5198117
1.5623448
3.5293975
4.833075
1.6356636
5.7433605
1.0847639
1.9876646
1.5900983
3.5579293
3.7649326
0.38159186
1.5911018
1.2751476
1.9085213
1.1406484
3.6202269
1.3448869
2.5707006
3.3008184
1.5578882
3.7628396
1.5348396
1.7687832
1.534103
2.8346362
1.0552961
3.8750496
4.350794
5.8203955
1.2987413
2.2063155
10.673064
2.5850635
1.7331806
4.985089
2.5890331
2.9965847
4.9357095
2.6849012
2.3650064
2.1814358
1.4506084
1.6288964
0.44226015
1.9682124
2.6682663
1.0201195
2.8207912
4.175676
2.2228534
5.6689606
2.0172424
4.1387253
0.9252911
2.359601
1.9365879
0.21572238
0.57059854
10.433829
2.2907932
2.4204092
0.46273187
1.7842364
1.2894846
1.4754492
4.1027737
1.4307965
1.489072
2.6329942
3.833795
1.5863175
1.0730269
2.4590602
2.7756875
4.869684
3.3048718
2.5915332
0.69900495
2.655312
1.7249908
8.461985
1.3045233
3.7055802
4.9276366
1.8610808
0.95267266
0.5721512
1.0844338
2.5648272
2.4145408
2.4165895
1.2907771
1.7425966
2.0719597
1.7210671
3.5323853
3.2606032
2.934559
2.631342
1.8135084
1.6841339
3.0865843
0.7215502
1.7729347
2.4329288
1.6869936
5.822512
1.517785
3.090528
0.8558354
1.380539
2.4961667
1.3820721
5.368597
3.8533344
4.355307
8.965441
0.86194164
2.163541
1.2559102
3.5221207
1.5217245
2.4205081
2.6444614
3.9355536
0.7696874
2.6694407
4.0225744
2.826235
1.5084629
2.111743
8.366916
2.3184195
4.8481126
2.7054918
1.7887172
5.0832477
3.4405727
2.3654723
3.713566
1.8532639
0.92989194
2.3669045
3.5047522
1.4403471
0.7100487
2.978726
3.2949479
1.5833657
1.7268171
2.871949
4.9609942
3.0537221
1.208224
3.0027664
2.052326
1.5766215
4.5817204
1.7295612
0.59360135
4.4282937
2.2595654
3.5345573
1.3540646
4.518056
2.140553
2.2145534
3.2932878
3.1569948
1.0444105
3.352092
3.1748757
3.875758
0.9976279
1.4953665
2.055011
3.1147714
1.0881613
2.8903568
0.9057068
1.9220725
2.8630328
1.1135329
3.365808
0.73494995
2.2376971
0.46780136
0.82305753
1.1130946
2.2100284
2.6297565
3.8662434
1.8638043
1.4990844
0.89370143
6.357533
2.5333006
0.6062159
1.9616293
2.303601
1.7960544
1.9416544
1.6015192
2.6784425
2.756334
3.8898141
1.1121981
3.3407822
4.885106
6.8549347
1.9385478
3.3356175
2.3613682
0.6383768
2.6038606
1.0664551
1.7079357
5.1738844
1.1889114
3.978486
3.3036387
1.392964
0.8689216
4.8115606
3.0521426
3.9331582
0.5592671
4.9380736
1.2519865
4.8269296
1.7843646
0.81093144
7.3202724
2.5067036
1.7165731
0.512995
5.04876
3.392142
1.5925032
3.605838
2.3682652
1.27164
4.5702662
1.8964243
3.433967
3.4120166
0.6472791
2.5595298
1.0378667
2.2707858
1.770732
1.3894341
0.4964002
3.7546563
0.8443825
2.2329297
3.0811038
1.0005939
2.582327
6.6967363
7.465673
4.0736766
9.523416
3.2079825
4.32012
3.2248094
1.2927282
4.4505997
1.7681412
1.793859
1.7371789
4.786657
0.30379716
4.7506046
1.9936212
2.209079
1.2879361
1.6133966
3.0537543
0.34727162
6.4594793
2.1736984
1.4899074
4.375067
1.0054487
2.5841258
1.1651169
6.5013957
3.004059
4.3285484
2.5730307
2.6316383
4.8594074
1.006982
3.0396285
3.014252
1.035004
2.7485855
5.117867
1.717981
3.3676803
2.216986
5.064628
1.7368851
0.6332406
1.3590386
1.7977226
3.6752
3.1262665
3.867807
1.6223152
0.93816596
2.604076
1.2079263
2.0994346
1.9528903
0.61393464
2.1529498
5.7946906
4.270678
13.3119335
4.8818192
1.2889904
2.5159233
0.7118592
3.6760647
1.6559618
2.0299807
2.587496
2.5621588
7.084641
3.223982
3.365929
2.3463812
2.2767217
0.22824122
1.55565
0.91440463
2.040508
3.471161
4.359775
1.4856763
1.3439355
4.273077
2.060642
0.81064504
1.4329376
1.3479463
1.4389068
2.4201324
2.461535
3.0874639
3.2404282
0.721717
5.205905
1.9519955
1.9665349
0.6474748
4.661223
3.2753897
1.8964257
1.9786168
2.752558
4.1898065
6.4282603
1.9943019
1.6953112
0.7636432
0.7602705
4.435781
5.487896
3.5775077
1.7479309
0.7737737
3.5437653
4.269697
1.5443712
2.5207005
2.1597228
2.0892017
4.0991383
1.6950159
3.2942622
1.6213586
2.4956164
1.3755852
2.0016475
0.9180336
3.0828755
2.778304
1.5879524
3.9397175
5.2879686
3.0902948
4.731109
4.084315
7.0625095
4.655403
3.3103843
3.6617756
3.2515597
3.6909256
2.6224835
0.74238575
4.5346594
0.68109864
0.67090863
2.0748634
2.6294122
2.3770924
1.2741036
1.6757667
2.3509176
1.5840468
4.673366
2.646975
2.3089101
1.6447866
2.1835492
1.7637328
0.76180696
0.9579635
1.8604198
2.8561952
6.382967
1.1451095
0.46479133
3.9321613
2.8866498
1.7508394
0.7180841
4.0757217
0.5523482
3.891002
8.041985
2.425725
1.5333
2.1015446
2.1666975
1.7937652
2.6959963
2.9063756
2.5103261
3.9070985
1.7455858
4.2508674
1.0818355
2.7652776
1.4165751
1.9569931
2.2288198
2.8007102
3.5613804
4.510542
2.7674866
3.2000268
5.6688085
1.2051452
2.9386716
1.6568902
3.8661122
2.431151
2.20224
4.098952
0.61451155
2.3265643
3.4888818
3.8588562
1.0884975
0.8419281
1.3597662
1.7362326
2.039516
1.20314
0.62988424
3.267111
1.0731686
2.2206454
3.672201
1.0454777
1.56933
1.3099595
1.216445
3.4029942
1.9075112
0.6907942
3.2971325
0.84672475
3.2246141
2.9595091
2.976998
1.5020485
4.6309733
4.7487893
6.7208514
0.8820767
6.048495
1.8792692
6.7965837
1.2631019
3.1609623
3.32745
6.9098587
2.6833894
1.3638779
1.7665354
3.9502945
2.5984209
1.299571
2.2525034
1.0731637
1.6777239
1.5808824
1.950806
0.9874427
2.577703
0.72645825
1.458015
2.6181304
1.0754362
1.4805404
1.9221698
4.2220945
3.230675
1.0254668
1.8008337
4.188986
2.2060194
2.116492
2.543707
2.5626013
3.7673004
2.5587232
1.8259227
3.3978927
2.4455733
3.5217772
4.438622
2.7650065
0.84059864
1.4836022
0.8179548
3.7898989
3.7005928
1.9781761
1.1008013
1.9856619
6.701265
2.2934864
0.99004614
0.3563643
3.351175
2.2385755
2.5584006
1.240346
2.2991097
3.8847754
2.3774207
2.3752851
1.9051162
3.4655428
1.1313381
3.8538494
1.1156783
2.2550516
3.3921905
2.0123165
3.5046728
3.6856117
1.8095492
7.6291575
1.051485
2.2089038
2.21477
3.3299706
1.8449382
1.5011812
3.6441066
0.7329172
4.734835
7.776236
3.0819182
2.0600042
1.1222609
3.755483
8.498003
3.468068
2.7388625
2.3305438
3.087376
6.0128055
1.3310322
0.8926963
3.3163843
9.436673
1.2565908
1.257171
0.82816476
2.4401588
2.0644827
0.34782824
1.4634118
3.1733851
1.3277622
0.8933177
1.9911592
1.988485
3.4111686
0.4610025
4.037979
3.7841072
9.484371
1.0694044
2.6761198
1.3055073
2.5406618
1.3384115
6.018087
7.6945224
3.8666918
2.1570637
2.2942429
3.2319314
3.2058656
2.5859878
1.5769178
2.4219885
2.1501675
3.9032593
4.281233
2.8505805
4.2588434
2.634613
1.8578523
3.99851
2.2146928
0.5919962
2.5052347
2.746602
2.379247
1.4265785
4.5742936
0.9890996
3.4057374
2.1272137
1.0568839
2.101972
1.4211007
3.83199
2.0803578
3.444883
1.2224454
1.8421972
3.4882004
1.7788401
5.448615
3.610966
0.2577459
1.5649903
3.5194561
1.1818606
2.0879056
2.8100247
1.3407588
6.3433123
1.8692576
3.052981
0.8731036
0.44714966
2.5571673
0.83440214
5.723511
3.1236346
7.5799603
7.4943657
1.8501158
2.3857255
3.858617
5.358911
3.9593172
1.9364818
0.93330705
2.630818
0.8671866
3.098604
1.203701
3.0257614
1.0590621
2.859084
5.0458355
4.618243
2.4246511
1.7435125
4.2045827
0.5861972
1.9513971
3.6999576
1.6128956
1.7542311
3.21095
1.3735139
1.9833649
1.5941019
3.439268
1.2127427
2.2995167
3.3895543
2.96864
1.7948942
1.3734194
3.3875139
1.1781256
7.522172
6.788444
1.2071217
2.2109158
4.5595098
1.8154238
1.884209
1.9430982
1.4072417
4.269203
2.654678
9.139973
1.8174952
1.3985461
4.021482
2.9075534
0.7027431
2.058355
2.3234284
2.0929854
5.2406397
0.81034964
1.7986113
4.200298
2.9836576
1.4240032
1.6008693
3.255706
1.7028672
3.4133472
2.0380256
2.675138
3.6602159
1.6860493
2.3348064
0.8169736
2.2859938
4.1769433
1.1787549
6.615114
3.1141553
0.830167
2.739068
12.026562
1.2114698
4.718849
5.714554
0.66473496
2.5970984
3.4583895
2.8171127
2.540312
0.37582546
2.2720861
4.257208
2.3397458
3.8994544
1.1761066
7.16428
2.383738
2.7294338
1.9128088
2.7172754
4.3043823
3.4566717
4.4268336
1.5319858
2.160139
5.8622355
1.553732
9.209584
7.433457
1.8264033
5.792683
9.842338
8.067794
2.138475
5.600415
3.5000384
2.9969432
0.85945696
3.8449295
0.8148763
1.9003881
2.55682
4.100763
3.6312273
1.8750287
5.7385745
3.6509054
0.33987236
1.8244668
3.3297226
2.699129
2.8981
3.6179607
3.7777023
1.5383524
0.98337257
0.8392345
2.8566222
1.5161161
2.6298332
2.3638923
6.122944
2.3063128
4.732246
3.378475
7.356473
3.4211824
2.4665895
6.5958333
1.7103823
0.8593336
1.4410712
1.330894
1.6036413
6.4308367
1.8002826
3.4121225
1.5734794
1.6443179
1.6812847
2.1045265
4.200992
2.301849
0.94108975
2.744903
1.5077349
1.0459222
2.785664
1.6642562
4.2259073
0.9705116
1.7623265
2.5626194
4.749269
4.019338
0.50949806
1.7097154
4.487507
2.870453
2.1046727
2.2872586
2.0719519
5.3821974
2.6972115
3.9762917
3.5491755
3.0620003
3.5887544
0.748859
4.081604
3.3699772
0.85243165
1.2733085
1.9449221
4.3046155
1.8175203
1.8706385
2.7620106
3.1482184
1.3684137
0.07101009
1.5548038
1.156608
3.4045389
4.0227213
2.139466
3.3602483
1.1023315
1.1529721
0.9786279
1.5044721
1.2651751
4.7628136
2.7111084
2.5429003
2.053592
2.3787634
1.3928292
2.8177907
8.884925
5.1658754
1.5842115
3.1415837
3.5142865
9.809639
1.8383375
1.2782654
1.4448287
2.775614
2.5291765
7.461091
5.863678
2.3160172
1.5639555
1.9506606
6.992582
6.362547
3.370984
3.0437295
1.0191315
0.80221266
2.5662959
0.99296516
2.0276136
0.8313446
1.7426722
1.68448
0.9606087
4.323598
2.8729124
2.4891481
1.4894285
1.6667773
3.2188835
1.6970754
1.9204769
1.2577327
2.7497835
3.29888
1.7155024
0.9001779
3.2485921
1.1051923
3.6009374
3.429197
3.2176151
1.8224429
2.0306175
2.586277
2.4778183
2.0784295
1.995568
2.3109195
5.670677
1.6735506
1.0463436
2.7418725
1.5843455
5.0341687
2.234371
2.1891084
1.3081949
1.9273589
1.5261985
1.0833261
1.9249228
1.6442105
1.6435184
2.2882273
2.221239
2.5069468
1.1766846
2.433016
2.2846813
0.9364032
2.3510516
1.8329746
2.7501006
2.3739142
1.5319818
5.1943865
1.53547
3.206245
4.5305343
3.5296767
4.0320816
1.1823945
2.1698947
4.4279146
3.8667543
2.6458645
1.4676051
0.41894552
2.9391224
2.698848
3.133046
0.68673325
4.273075
2.35694
0.9907277
0.8699707
3.115921
2.9808712
4.090403
2.1581833
1.8245358
3.9404066
1.2448741
3.0579548
1.8885363
2.4262302
1.3043256
4.2803435
7.5697727
5.225566
2.9833763
5.167575
1.7037036
3.3028855
2.223465
2.9086878
3.3045013
7.679773
4.546565
0.79607373
1.5005314
2.9085362
5.190329
1.901683
3.0330865
4.30211
2.532566
1.4107093
5.943115
3.4197488
0.8762596
5.801148
1.9095777
1.0645548
4.434624
2.3864467
3.001828
0.87311995
4.275772
1.921999
0.9838287
1.1966125
2.7308538
2.6301744
2.2164636
3.26851
3.29815
4.4233875
1.6400818
0.95329034
1.2132311
1.2157979
1.2711593
0.79486704
2.4851866
2.6765664
3.8304403
2.6451607
3.9526134
0.9455963
2.9455326
2.7113767
0.6623767
0.77229
2.7478294
5.6716814
2.8322916
1.1077294
0.42897114
0.74430513
2.5604918
0.8115688
2.8910825
2.0336926
2.3242226
1.2915231
0.28863674
1.9971684
4.987058
3.4203112
4.952607
3.5583787
3.7960665
1.7586333
2.5073147
8.079271
1.1025115
4.025867
1.233472
4.9074955
9.550467
1.5598234
2.5218863
1.4120898
2.6137214
0.4887208
0.9123751
0.94272006
4.5078373
0.68106955
0.8541032
3.3752174
0.81861675
0.75124604
1.6992898
3.3783648
3.6242778
3.3760796
2.1473153
1.1709887
0.9554588
2.8281655
3.830968
1.741336
39.26901
0.7295956
0.78245765
0.73255575
4.7424912
1.3305926
1.0957057
0.6952193
6.8290243
1.3280059
2.4989634
3.0096984
1.7085843
1.5033855
2.840664
1.4383388
3.194568
1.376758
3.9294183
2.3960533
1.8454204
2.1621892
2.0561996
1.1600157
2.0393982
2.6496053
2.7272887
4.5698953
2.3255005
2.6025474
2.1520972
2.3527312
1.055439
1.6050981
3.1292925
2.0427768
2.9618607
4.081635
2.2698119
0.8368641
1.7782112
3.8928246
2.0410907
3.4100251
1.9986328
2.8717535
2.2196555
0.618947
1.9796175
4.5166764
2.913704
0.5244039
2.4780257
1.5662025
4.144445
4.085114
2.127384
1.5797879
3.2037566
2.475612
0.4944975
2.4174774
2.264445
2.878885
2.0316002
2.6944864
4.0675297
6.36136
1.9052465
2.516815
2.835506
3.1353388
3.602986
4.2923136
3.6049652
0.73711
3.1997547
1.86208
2.0531576
11.066643
2.0898802
5.9881177
0.98423004
2.79886
2.8620923
6.080635
1.671933
0.6828148
1.2845732
2.1569605
0.37566328
2.3339665
5.8243947
2.7572892
1.6268553
4.426772
2.7133825
1.3400885
1.214201
3.7302542
7.6041913
3.6821609
1.509375
1.6047839
2.9304266
3.9784524
2.0367868
0.88108367
0.30805203
1.3579265
1.8434039
1.668651
3.6708841
2.2312152
3.7945518
2.070045
2.3790567
2.8527434
3.8980985
2.6187866
2.8997228
3.0423343
4.9970417
2.9132621
0.8349354
2.5168068
0.32724392
3.4740539
2.902509
3.1971588
4.9617896
2.880529
1.7607082
1.3167282
1.7634357
2.2730985
1.6764597
6.9223533
1.1849072
2.439295
0.69688916
1.2753518
7.640951
3.573022
3.07478
1.4225361
2.5494595
1.1217315
0.79000354
3.1620831
6.68697
0.98657995
2.0531511
3.697609
3.5138195
5.5851088
0.8644691
2.8607924
4.1000037
1.8935801
4.731478
2.4112225
8.248678
1.6517342
3.603841
2.6762495
3.4127166
3.0932262
1.6864854
0.8080358
0.95562893
3.8729377
2.2102928
1.7728145
1.5571997
1.6594976
4.6377697
1.0772063
1.8365574
1.0266025
4.008104
1.6931053
0.41870886
6.970652
1.7944822
1.7546897
4.2515492
4.048483
1.5108185
2.4871142
1.939483
2.6304991
5.5768833
3.2090154
5.3998957
1.4926881
2.3026023
3.6897728
2.136175
1.3631761
1.3613492
3.4816353
2.3625247
4.2758675
5.878367
2.9130576
2.0412333
2.820641
1.4299777
2.795399
3.2038186
3.8147135
2.0092535
2.8038673
2.1623433
2.7232351
1.7755103
0.9794225
4.8111014
2.478628
4.727247
0.80142164
1.5425417
0.9111945
2.2458236
2.0883904
1.1622179
1.4441503
1.3340286
3.2663002
0.9178999
3.1190698
3.871898
1.1425124
3.1359317
0.8978058
4.494178
4.1324534
1.3289958
2.130741
2.0030956
1.9718459
4.4356585
3.4183161
2.28328
3.0466893
8.918426
7.2661777
4.218311
1.1079493
1.3905623
6.6450386
2.0444233
1.741209
3.4368136
0.7881042
6.9163156
2.4155173
4.74737
1.3611387
1.6914567
2.6013312
2.0438397
3.3529742
2.4838796
3.3687701
3.593782
11.333232
1.3418777
3.3574145
1.8116986
0.5357239
9.872898
0.8340143
4.2669444
7.189008
2.854419
3.1815655
1.8052359
1.8269223
1.2920392
3.732964
2.9232967
0.8002784
0.9337032
1.2865669
2.5310407
2.9785855
1.9480081
3.0269501
2.209403
3.3340507
0.6922689
1.8589776
2.7412612
3.8328073
3.4407098
3.8295858
6.452162
2.3345816
0.731334
2.205617
1.5140765
3.3113577
2.595956
3.9170783
2.022849
4.4124002
4.0859118
2.890624
3.6287045
1.4486214
4.6897693
4.088085
2.697384
0.9037474
0.50821245
1.385936
4.220424
1.7037868
1.2155534
3.287264
2.1471257
1.3381468
2.4773154
1.0766275
0.7780918
1.3253311
2.5413582
2.169621
1.5015358
4.1681995
3.3808055
1.3856494
2.454289
2.412202
4.125797
1.8837843
3.670486
1.7984818
2.3915136
0.72484815
2.205295
2.3995807
2.9455922
1.1680301
2.1886585
3.039966
2.3696177
0.9996837
2.3586824
3.4162529
2.6132212
4.0593214
1.154997
0.922435
0.90070343
3.1635714
2.5157435
1.0868181
1.4283364
3.363827
0.63334316
1.9746435
1.9250714
4.5610247
3.9395845
7.093341
1.387516
2.117413
2.9528847
1.346022
6.3586736
3.2717025
1.0877067
1.8408265
2.1437259
2.4248452
3.9406042
4.066275
2.7464063
4.010206
1.9176289
3.3969283
0.8338743
3.4369757
2.3817804
1.6579759
3.1472752
3.2663713
2.100028
0.91716826
0.8970472
3.9077125
4.0239286
1.3831848
1.0310212
0.29899484
4.0126185
1.2222463
3.2654526
0.5374287
4.4936724
4.1028256
9.748378
2.061815
4.058717
1.4033781
2.7084532
4.79129
3.2374675
2.3026466
1.7849569
3.7921422
2.4303963
4.0326357
2.3977432
4.41601
5.7127476
3.6563222
2.154369
6.6680984
1.0669272
1.7930946
2.224664
3.6917624
2.9316826
2.3032107
4.908624
2.7536612
1.6444423
2.7918317
3.8453448
2.2135847
1.8912394
2.9612632
4.5136905
1.6024526
0.59806466
1.5245639
5.335669
1.0396954
1.7941318
1.8397079
1.446448
0.99710137
1.3797059
1.4176401
1.3684652
2.816611
1.2592065
0.8904599
4.3492885
2.4909756
4.399052
1.9264175
10.588689
1.3483716
0.40774456
2.443145
1.508029
4.9604125
3.658679
7.0146446
1.0966991
0.82403636
2.055044
2.3957953
1.1049058
2.168102
1.8616837
1.3377196
1.646694
0.5039918
1.9394711
3.0674114
3.433566
1.3471483
3.9116457
2.0270994
2.1253324
1.3884926
2.0497077
3.7140033
1.9764991
1.1454579
4.4427824
1.6321075
1.1469917
1.7829832
2.181156
2.7888772
1.4431429
3.0396967
6.6444464
1.2755806
3.2520883
7.2333536
2.4628046
1.3876346
1.9679615
3.7312362
1.0394202
3.5340388
1.2360079
2.141637
4.132075
2.0659094
3.8242645
3.3915842
1.7357161
1.6689519
2.6037858
1.2749364
1.4487067
3.7935617
6.1418414
1.2375728
3.3409572
1.009679
2.1881042
1.1228226
1.4052032
2.2862754
2.9281857
1.9088883
0.9113334
3.4386935
4.5238843
0.8879344
2.9554095
1.1415186
4.9391704
4.504863
1.0683385
2.765786
6.856015
2.067868
5.344705
0.6231118
2.5704918
3.436231
3.317063
2.534137
3.357528
9.749324
3.9445477
1.3101943
2.442251
3.3965466
3.309411
0.70048434
2.9049876
3.8268275
2.9056673
1.7642604
0.8370549
2.39383
1.3088022
2.7939076
4.2508683
0.96548396
2.5171063
5.1733584
5.3356996
0.986571
1.9092916
4.3981915
3.3839035
6.3584538
3.3779304
7.559398
1.5140303
1.1888648
1.5741808
3.2597919
1.6300343
1.8190172
4.6790175
1.2793025
0.41283247
1.9428216
0.96444225
2.337188
1.9179028
6.9272056
3.15924
4.114327
1.7615719
3.3053226
2.1123312
2.6148548
2.2482548
5.2725635
13.632327
2.5477967
1.2217635
1.2394687
1.1640193
9.455263
4.6320305
1.5546778
3.5581615
2.1870341
11.651284
1.8061591
2.2724493
3.0916338
2.2710812
3.3704283
3.582034
1.2520069
2.7835321
3.8361788
2.8264606
0.58198345
1.6381325
1.7315065
2.9993196
0.55167496
5.723248
1.2204605
2.113876
2.8991358
0.6557542
3.1911788
3.8382523
7.4940248
1.4949075
3.6483774
2.3402925
2.5798783
1.6111206
3.463224
2.1571577
2.5821369
2.4310791
1.3515897
8.061872
2.649893
2.0170453
0.8557906
3.519944
2.3695295
2.1383216
2.5575442
1.8911324
0.98600715
4.5107446
6.771524
8.694181
2.9056466
1.8774158
1.7358688
2.590698
15.471163
1.2331088
1.0727819
0.7129774
1.6118066
1.6781325
3.5380406
1.1286194
2.0019257
2.5536616
1.1412511
2.4009595
1.4328752
2.78022
1.4694135
3.3529062
3.6849113
1.7167034
3.2487469
12.011849
2.41522
3.5205612
1.6147507
2.3873646
0.3820006
1.2216493
11.0738945
1.8562305
1.5967212
2.1286135
3.5161781
1.4627398
6.7269425
4.2961206
1.8845108
3.251726
4.6342425
1.1553963
2.681457
0.77474546
2.1146634
4.432133
5.5325766
2.6103878
3.9283614
0.94366354
2.1298313
2.6306796
2.4213045
4.326171
5.20668
3.612689
9.301087
2.5643032
1.5554608
1.6265719
0.76827085
2.46476
2.1744683
14.835393
0.60413116
1.849217
1.3043324
4.254095
1.8885976
12.70573
1.3040386
2.4196396
2.2079704
1.835147
1.9640191
1.2861922
1.8353494
2.028394
5.569209
3.85216
3.388272
1.9671079
3.663135
1.4282045
4.8682985
1.8415838
0.59265655
2.0367808
12.641507
1.5303682
1.1279067
2.2530222
1.5736527
4.219022
2.037102
2.4684978
2.4034534
1.4569763
2.6517541
0.88247305
1.4278871
5.3358483
2.5337024
1.1407622
0.76767683
1.5832895
2.1365328
4.6944447
0.45114145
3.9263575
1.9190406
1.8271011
1.4984685
2.5244377
1.3867923
1.6110483
3.5779657
1.6187885
1.2319688
1.611759
6.7404165
3.2855875
2.0909173
2.7891505
1.3626728
2.8460255
1.1796287
0.62337327
1.6388189
0.45836794
0.8940874
2.3769138
2.585163
2.322328
2.4880219
1.2212601
1.7257996
4.301983
1.3845006
1.0618901
4.6616893
2.2219105
1.4486235
3.8229423
1.1551287
1.5019854
2.8912477
2.531938
2.6393926
1.7717816
2.6810124
5.788498
1.3095291
7.1861305
2.7979536
1.9647764
4.7398267
0.909873
0.5453037
6.5322146
2.4466047
6.5256166
3.0407574
2.7936451
1.6213893
2.9052742
2.1116917
4.257148
1.2639116
3.138719
3.1172223
2.0592687
3.2312694
3.5897052
1.1905181
1.5502125
2.1706767
4.324836
1.3623334
4.202888
1.4851414
1.246811
3.403469
5.1116986
1.8579606
3.5026448
1.5837198
0.27178508
2.862919
1.1744158
10.065532
3.9348419
7.7737203
4.7371736
2.1001263
2.2563164
12.394238
1.8959212
0.84839994
2.8699157
6.275987
5.245881
2.063949
0.8870016
2.370014
3.5563283
3.9995933
3.5622458
2.1157691
1.3942895
7.3112383
3.1696303
0.9851554
1.2036891
1.9368614
3.193514
1.7177284
8.604487
4.28811
3.8158338
17.162285
1.6186084
6.65018
3.6855032
2.7926188
5.042216
2.7720416
2.137126
3.9350352
3.46737
3.4069633
3.5128806
1.5518045
3.058411
3.9149687
1.8557438
0.6835399
2.6052337
1.7448086
1.7757628
3.1575918
3.544544
1.5539781
0.5589465
3.0160708
6.445941
6.150106
6.889273
1.340345
2.2894313
3.2184885
2.8279805
1.0230675
5.523511
1.5836629
2.7278452
3.3392365
3.5957897
1.8757303
1.8923045
2.5958853
3.1686895
0.4387862
0.41275632
1.7094688
1.6784307
2.5573003
3.00018
7.236591
3.976512
2.9020262
1.3573833
1.381763
3.2239313
3.097984
2.4110854
2.1355674
2.8360178
4.084329
2.6173873
0.82080173
1.1197915
2.613842
3.5179663
2.8113854
1.7315239
0.65474886
0.5636866
1.9884913
1.1531566
1.8937968
1.1564897
3.9713094
0.79181594
4.461347
1.9445877
4.103163
3.310954
3.2169664
1.5405047
2.1371489
2.0396419
1.506912
2.763167
1.2843925
4.348905
2.7539093
1.8833735
2.617672
1.3535995
1.3892376
2.532011
0.864873
4.7390094
2.1277375
1.9167287
3.847115
3.4244766
3.6501052
1.6590997
2.1838746
3.2935345
3.81914
2.0727093
2.836873
2.283105
1.1767871
1.5948904
2.8646767
2.4799602
2.1356373
1.6642808
3.3337684
0.8312925
3.4793618
1.0048314
1.601564
0.67444825
5.5770698
1.8054534
3.012429
1.8272986
1.6607484
1.4417204
3.6959333
6.427449
3.2275386
0.28851065
3.399842
2.8543105
1.2155721
1.4020978
1.353527
1.7308204
1.5513752
0.81827897
1.5902796
1.202815
2.6055582
2.6126466
1.1983502
1.7643118
0.77006584
2.0601337
1.5008823
1.240272
1.0102456
2.0566964
5.2373013
3.9616113
5.249704
2.9588845
9.42158
1.4327077
4.7896886
2.1094427
1.3288043
3.539885
0.40273046
1.4242233
1.3113252
2.317918
2.3387113
1.4191158
2.7343903
0.5838176
1.9471831
0.66240877
3.6587377
1.5705178
1.5884874
0.8119216
0.95138735
2.5463455
3.7911227
2.8308306
1.4875835
1.8477231
2.301532
6.10097
2.2266667
0.6799287
3.6470335
2.2745118
7.1267734
0.9464066
1.8519663
4.874455
5.808797
3.0215583
1.0015715
2.6943154
3.0744905
3.0906951
1.4053154
1.3553915
2.619735
2.0752187
2.1287925
6.839367
2.5307314
1.2691106
0.75768167
6.032833
20.640919
3.6649752
3.3247569
3.570584
1.8161464
1.368517
4.990503
1.6244535
1.1924438
2.3022819
1.1031463
7.337848
1.5735456
1.3957871
1.09542
1.8273923
2.878164
2.1167707
1.8896443
1.01767
0.28776237
2.7334027
4.261689
2.4036665
2.169756
2.044187
2.5123994
2.5172334
5.196203
3.1579046
6.0310707
1.6578695
0.86485153
1.3208225
3.7375803
1.7186021
1.6726412
3.232298
1.0801153
5.1842537
0.9802384
1.96565
0.55330884
6.183335
2.9103937
4.383464
1.5726774
1.8724825
1.7534381
1.3836341
2.379545
3.252717
3.857235
1.6989055
0.6930217
3.1509302
4.7622814
3.7263653
6.894312
0.8810465
2.8089707
2.090847
2.696296
2.2676134
1.6865133
3.7657666
3.133467
2.414502
6.209509
3.365553
2.4715226
2.3776221
1.9249685
1.4935817
3.8701115
1.3102382
1.5104321
2.8418384
2.0846004
3.3367
1.2781986
1.4271588
3.571171
1.4731894
2.5796375
1.5328772
1.1322508
0.9401026
1.0240524
1.0047863
1.2406911
2.896564
0.77575165
17.810707
5.062513
2.2081828
4.1147294
3.5914447
4.86448
2.169717
1.3708135
4.9247575
1.3730639
4.578724
1.8062836
8.178214
3.7071588
4.206952
1.3389424
2.1660504
0.8160554
7.3328333
1.6784793
0.47193584
3.8033075
1.0470855
2.5023272
1.415863
5.319894
1.4156302
0.78211063
6.0591936
1.4192859
3.896711
0.8125587
3.1311967
3.4664285
1.4896795
3.1922934
3.9321737
1.9277394
0.7861105
3.2921102
1.9821618
0.59232855
1.7690994
2.6007423
2.348726
0.8471729
3.6450539
1.2765641
2.77783
0.5057826
1.9616997
4.2867885
6.33204
3.1241317
2.1558514
1.3655717
1.7475584
2.9809453
1.2088883
1.608394
1.3273923
2.2962456
4.277711
2.9294298
1.9130336
3.2942767
1.8731875
2.0835662
2.5713174
1.1993768
4.386758
3.0744145
1.7275317
1.1798565
4.479985
4.2143774
2.3212035
4.0306416
1.9829098
2.3376124
1.7182618
3.850387
0.81855595
1.687738
0.5794353
1.5794761
7.7346344
0.9837876
3.2891235
1.1541678
1.170314
2.5225728
5.1726737
2.8616579
2.7607343
2.956232
0.75795865
6.9935937
5.4667835
2.6188972
5.934532
3.7893598
1.6969187
5.747955
1.2937472
1.808924
5.529825
3.6092234
3.3331325
3.2098272
2.4756105
1.0127579
2.6019795
1.4736309
2.6347122
1.9501504
2.4888406
3.364199
3.6893957
1.8941079
2.865628
1.1823269
2.2786021
1.5010444
2.8587546
3.6205294
4.8171253
1.6785209
1.3511826
4.1768317
0.5417026
2.8675528
1.5874623
1.9264772
2.4294794
3.1645834
1.7037901
3.4090297
0.95236325
3.767878
1.0462784
2.3349664
2.8873737
4.4338207
1.0172329
4.9465165
5.05029
2.9000268
1.4542865
2.345146
2.467173
2.5338504
1.6111193
0.83586335
2.341229
5.4132004
3.6554587
3.8266172
0.92312443
4.3403263
0.76539385
1.6927125
0.74425197
1.4351418
1.3001436
0.6155814
4.8667026
1.4298027
1.821417
4.7555766
10.139352
1.1465192
2.2805464
3.2314897
2.8506563
2.2317576
1.5158471
0.65876293
1.8540707
1.2773769
4.01793
1.11068
4.940921
1.8208809
2.6778462
0.9993643
0.6283521
3.0090313
3.6159785
1.7587605
4.0597425
0.7072779
1.762759
2.2333524
1.2223738
1.1529279
2.1024756
6.504484
4.029474
3.3836753
4.897506
1.2900844
3.8415825
1.9031385
2.4055493
0.81451774
3.9322133
1.3049039
1.0671483
2.2723477
3.5477824
2.5086193
0.83658904
1.1842335
1.9650235
3.3069272
2.3529205
1.2839745
1.2895744
2.1501844
2.938971
2.2160268
3.930164
1.8614069
0.99405885
3.1019862
2.5377073
3.3424056
3.370097
2.2599468
2.4491832
0.8216786
1.4392954
0.7534474
3.61322
1.9874473
2.4264152
2.304307
3.3751278
5.2863364
2.5519478
1.110991
1.2338984
2.4391499
1.5497766
1.3794891
0.8366051
7.970882
0.4562398
2.1219983
1.6850736
1.7471235
0.81248325
2.535072
4.6642113
5.5218053
1.5429603
1.1992612
3.5893662
1.9804692
4.31887
2.6676793
2.9324923
2.055033
2.633208
1.696572
1.7731014
0.53718257
4.2327743
1.9624276
1.6156005
0.9736377
1.2533816
2.846
2.8807263
1.9901359
1.9668955
3.6728587
3.619898
3.0570712
0.4458113
2.4581378
2.2920156
4.081367
3.2971876
4.7112308
5.3103614
2.7286317
0.25203452
3.1674054
3.540823
1.4685279
1.5561931
10.290679
3.1853077
3.0388498
0.61872274
2.4441407
2.459909
2.169786
4.2540603
3.4812722
1.304048
1.964766
3.0445132
1.3037462
2.1675556
3.4960256
1.4883898
2.3956134
2.1319716
4.387707
5.0002937
1.5326293
1.6281972
2.5211499
0.51472723
2.0687385
1.9806187
2.5737715
0.9584518
1.8390476
1.991146
2.4950857
1.1631298
3.5625653
1.2342659
0.9067881
3.032767
2.5753896
1.333816
3.5898588
2.2526007
2.5829196
1.7528135
0.796168
2.824641
0.8108568
4.4481378
1.5840223
1.5800524
2.1308641
4.768397
9.14629
2.8278635
0.7755148
3.5976539
2.7545924
1.7498777
2.013826
5.7295904
1.2991091
2.203913
1.949934
1.5584967
1.3116364
1.0729738
2.7571177
1.6040586
2.322919
2.9029553
1.2142205
1.3189143
0.8967896
2.6255286
1.6349819
0.36552414
4.0491123
1.4687899
2.5302782
3.961744
1.1153662
2.130764
5.260385
1.6251618
2.2439246
2.712362
1.730133
1.422161
2.272412
1.4919313
1.6387845
1.0699619
0.8677806
7.2334304
3.6954553
0.99410254
5.434914
2.1259136
1.1574572
2.3062055
2.032557
2.0500667
6.855598
3.8993876
1.3610959
2.7969759
2.5146308
1.6806169
2.4342332
1.9022151
2.6113417
3.1382825
1.2695516
1.8302641
9.670604
3.0023067
2.7244165
2.9684026
3.8605795
1.1816097
1.5680679
0.8626258
1.7122953
2.4158604
2.4592369
2.6172252
0.90491784
1.5758338
6.798028
0.5347433
0.75214887
1.5955068
1.2001666
5.115509
5.775289
2.0316248
2.003231
2.5497556
1.9158834
1.0521262
3.09174
2.7440977
1.9988112
9.248418
1.6447703
2.3338308
1.6388683
1.1183469
4.421316
1.5806346
1.2327693
4.935303
2.8470924
5.912079
1.8499275
3.8361535
1.3692682
2.875979
2.720015
1.0900862
1.1311579
5.359062
3.8096862
1.6228539
1.7989937
3.1951544
2.40779
3.6386504
3.3369257
1.6613058
0.8936881
1.8860539
4.007534
1.7388
0.8741989
1.773994
2.7270706
1.6458415
2.819265
2.8822055
3.4185033
1.9778075
4.372168
9.182734
3.1776123
1.2040974
1.4848777
1.4129579
1.1934347
2.0140867
2.3879988
2.0671163
2.5808358
3.4799728
0.67354786
2.9035919
1.7849828
3.4071
0.34002897
2.2562714
2.518187
2.012902
0.9406603
3.8143933
1.0468117
4.5419455
0.60991156
2.9308417
0.8453104
6.173122
1.5206211
1.3688266
1.4746164
2.7985263
1.8453987
0.5534908
3.1468065
3.289194
2.0622153
3.5552828
2.430606
1.4647833
1.6683487
0.7275136
1.7535926
1.7578979
7.0377517
3.6351027
1.0661259
0.9493448
1.9395634
1.9298198
1.9191867
20.509462
2.8658352
4.994274
3.1349716
1.7842883
6.641382
0.8258669
5.1219535
2.0415
1.8851492
0.5489467
3.2507172
1.7381049
2.994516
3.623348
0.82316655
0.3717268
2.4974506
1.0240356
2.4382973
3.03022
2.4253867
0.90610725
3.1195557
3.5996726
1.397526
1.57107
2.2869086
4.1620135
3.5960362
3.0999765
2.9834728
0.41375944
2.9296985
2.095448
0.43493497
1.1165851
0.6725665
3.1376398
1.6995298
0.9243109
1.8000721
2.240131
3.4304678
4.1175756
5.5962625
1.9413474
2.6127892
0.8006605
2.9108384
0.49110323
1.1770893
1.451402
1.45968
3.4917214
2.885647
1.8418912
1.6531167
1.0423023
0.6027468
3.1278758
2.5169263
2.327898
3.5781958
1.1233898
8.563602
2.9456658
1.429413
2.150127
3.0036905
0.24438523
2.633856
1.5413941
3.2202692
1.6836512
1.2340095
2.9660091
4.3908567
0.58042777
4.5774727
0.7012121
0.54207885
1.4206688
2.4190564
3.579319
2.1820624
1.3329394
3.4406753
1.3845826
2.4931931
4.0471797
2.1390557
2.754626
1.0393294
1.9749651
2.3350685
3.3125563
2.8069458
1.9459085
2.5580738
0.83203197
2.6364362
1.9454737
2.4246752
13.967565
0.36081463
2.345518
0.6387559
3.422563
2.7728693
1.1374459
4.41209
4.8929577
1.5782999
4.232373
3.7762477
1.4895099
2.3031585
1.8792113
1.5587276
1.3212224
1.6112667
2.3437107
1.9050925
3.275493
4.38347
1.4514425
2.039369
2.0169778
1.2548947
1.7521447
1.8551799
1.2690908
3.2879624
0.89708537
1.3092251
0.36007002
3.0480778
5.9975033
4.9179816
2.000993
3.723944
4.3281426
1.2721225
6.385613
2.3951876
0.86836964
1.7864537
1.7693068
1.2537526
1.5294449
3.001786
1.4868058
2.5155375
3.8516035
1.1171333
2.918635
2.3137026
4.155276
2.6212857
2.5542312
5.919515
4.3135147
2.608589
0.78521955
4.5078235
2.3615222
2.7370768
3.1279848
2.1021857
2.8154566
2.0324552
2.2767882
5.928346
2.3529725
12.261313
1.9552937
2.432075
8.450803
1.5354083
1.9060854
1.6370568
2.705141
2.1317818
2.1054308
1.5696192
8.908821
2.37813
0.9777504
1.5230346
8.85298
0.5511966
1.9675525
6.287357
1.2778155
1.0908173
3.914097
1.379246
0.98271036
1.2780213
2.3185024
1.547678
2.6082206
8.188092
1.0693786
6.723227
2.959574
4.818155
2.9512508
1.515892
2.3079364
1.5546432
3.0380006
4.0620475
2.170203
1.6081094
3.5133233
2.1906009
0.79236954
3.9873426
0.94591147
3.3106
1.6114184
3.377114
3.3584478
9.195734
6.738165
1.139052
0.65575904
0.5085968
0.7265303
5.2848225
4.257351
2.1022594
1.1153196
3.7723415
6.8489776
0.8006637
3.684576
4.3024545
1.6356881
3.774864
1.993897
1.5865133
3.1728232
1.3112751
1.5296215
2.938176
3.516973
6.571227
2.5821197
3.6759205
0.6494751
0.7746474
1.2316899
4.332533
4.659911
2.778997
1.0952088
1.1781702
1.1094649
1.6223356
5.54425
3.78926
4.180821
2.6161335
3.5206797
0.8428222
2.3832216
2.5508506
0.8650783
5.725994
1.2233872
7.902067
1.912286
3.0816622
1.92277
4.4444146
2.7609057
1.6357923
2.7804942
1.5986698
3.727916
2.095668
4.717885
1.979344
3.6460943
1.3994381
1.3160281
1.4043527
1.3913959
2.2427194
2.3075738
2.4100313
1.0353544
2.4468715
2.379283
2.1714857
1.8369106
2.0748544
1.4420391
2.7372863
2.7516315
1.7727417
1.0682962
2.2344139
1.5873083
2.0010788
3.474132
2.780926
2.4431148
2.3557723
3.6694474
3.9791117
1.8181322
4.7780466
1.8718725
0.9610309
2.913479
1.4594252
3.5435727
1.6381164
2.8968759
4.7712293
2.4955008
1.9826272
5.1208205
3.3248577
3.8764927
1.8865333
0.5103078
1.4846588
2.3982537
4.887668
2.803334
1.5838321
4.4945316
4.4928584
3.3747408
1.0109521
2.5200436
1.3480281
3.957516
1.9724294
1.7359394
1.4306927
2.3496544
1.4752977
1.7803004
2.4963572
1.1599568
1.0441875
1.0638214
3.5393116
2.1423752
3.5362816
0.71864367
1.5486175
3.122809
3.343214
2.1820312
2.9587939
1.3147626
5.060255
8.740044
2.0069127
2.1115134
1.3280011
0.5845935
0.95823467
3.2828732
0.86654854
1.4398855
0.5516333
4.312491
7.9492836
3.8565993
4.0734386
3.3481896
