1.2585638
5.428787
4.59495
2.6555233
9.608799
1.9251809
2.5364628
1.6182182
5.2942314
1.443968
5.2291336
2.9279454
5.0481424
1.4583087
3.3186495
2.9361324
1.2560745
1.9804432
3.866267
5.1151013
1.0063881
2.4626667
4.141289
3.1675751
3.3425295
5.4477777
1.1912549
5.724677
4.2687063
3.200535
4.3401566
1.9076687
22.821863
10.441956
1.908214
1.4106251
5.0482383
3.450604
3.1632514
5.141177
2.4034204
7.0122924
0.17851073
2.6839945
0.5366809
5.865233
1.964986
2.1682153
3.0468924
2.0582325
1.642596
1.1354747
1.0900241
1.3090907
2.983726
3.3224463
2.9645178
8.216422
1.3244151
3.3540545
8.58602
3.2869515
3.2991173
3.3020942
2.99423
3.0528984
2.9415245
5.286911
1.4470903
1.1352658
1.9881096
0.64230275
3.9839482
3.24371
1.6955274
1.3247821
3.2797942
1.9166218
2.2892368
9.810994
5.3096933
2.2997723
2.6725798
2.319102
3.9224775
2.4392672
4.014305
2.7819576
3.0862322
5.8992424
3.2783935
3.3963392
1.3638513
2.4907312
2.3630989
1.0719976
2.038831
1.1662899
2.5919685
2.0518587
1.9564527
4.5417423
5.7844195
2.0681438
0.4782322
3.8131235
1.296565
3.405577
2.2620943
2.3770974
2.5589905
0.64570206
5.526294
2.9460084
2.5095673
5.4810643
2.6833644
6.0307345
11.482672
1.1786547
3.1861417
2.9462934
2.7875664
5.0340433
8.064525
2.341422
0.94670737
2.0927937
1.0913475
0.4478236
1.167053
1.2985332
2.4018486
4.4148073
1.3863418
1.7990034
0.8884021
0.72724164
4.3313365
2.637573
3.0980568
12.508839
3.811337
3.1080487
3.5524979
4.4127784
2.4804344
4.631696
4.656147
0.78249186
1.9855036
2.9869287
3.1267245
5.252971
3.0618
7.9430475
2.724377
2.6398356
10.3511505
3.4523127
2.018379
4.4106464
1.7313344
3.4346087
1.7488881
2.5816717
4.9833794
1.446846
2.376969
2.3933656
1.28303
1.2789032
1.5553032
4.7200494
2.3534043
3.311843
2.7808113
3.3858895
2.5602274
1.5595384
4.82922
6.514231
3.704099
2.5972471
3.958568
2.1733344
4.4399824
1.0058774
3.3503578
3.453942
5.5852814
1.3318807
6.450066
1.1762099
3.9850438
1.472392
3.7541606
11.323305
2.287477
5.7906904
1.4338223
1.1958328
1.774341
3.4350688
2.159231
3.632644
0.79347557
1.8957072
0.10767209
3.0124874
2.965733
1.3468556
3.16838
6.4177203
5.5104585
3.247956
2.625612
1.4829137
4.4533777
1.2696
4.1721845
1.7056601
2.0277228
2.669143
6.3191
1.532969
4.708643
7.204522
1.8221087
2.3669739
4.0488687
2.7484784
3.8982532
2.187122
2.7962022
3.1846175
2.7062097
2.1785357
2.264859
4.464231
7.6370068
2.375789
4.3564672
4.8869305
4.2845964
7.362005
2.3711095
2.8074224
1.6999921
5.523486
2.4171119
2.6251023
10.239952
1.0489905
4.693398
4.483068
1.9049433
2.0951548
4.5693755
4.0510526
5.210472
2.54132
1.6190352
3.2963207
4.320762
4.0931187
2.4523478
0.6172141
6.402042
2.012271
2.974567
7.8049235
3.4412806
4.5514407
2.5273285
2.3908527
2.1870296
4.1078196
3.8847315
1.0874892
2.6829107
1.473222
1.0113792
3.8261359
8.023435
5.6898446
2.1310868
1.8896531
8.881338
3.933315
4.6901946
1.04722
3.6542754
2.794644
3.4408534
2.363309
2.3327487
5.454213
0.3197857
1.5127468
1.5058428
6.417868
6.340536
2.4196126
6.018655
1.498933
1.9607081
3.2914243
17.568607
5.208793
3.099149
7.323161
4.207122
3.7788465
2.392808
5.112093
13.351184
2.9292595
8.042927
5.2986903
2.2136185
3.0530577
0.8451596
1.5638958
1.6112509
4.169465
2.367089
1.9752346
2.954707
4.4272175
1.5409584
6.556759
3.4376543
2.5873735
2.362439
1.8724791
1.8804404
1.6517276
5.517235
7.782894
9.728316
0.9528645
0.7557991
9.159785
2.2060003
4.5103936
1.4862891
1.1827049
3.6982918
6.3673735
3.0173337
1.7868427
3.9174123
3.0182185
1.8212395
0.5808422
3.7691617
3.9601529
0.89031583
3.707307
2.3530064
1.1242683
2.0694146
4.7386355
2.0924437
4.6406446
1.5732057
0.75814635
1.0913868
3.3180256
1.3253835
3.5069778
3.0555167
4.8510065
4.4080253
1.3519175
2.9630454
2.4189208
4.970318
1.5264742
3.1745994
1.8232893
1.7287062
4.7748036
3.7923448
5.413186
4.7927027
3.2805998
4.544614
1.8792133
1.5878162
2.8692298
24.720964
5.6403584
3.4645581
7.641178
1.4002601
1.9057965
5.9279785
1.0699522
4.8914638
2.6787436
1.370114
3.9367626
1.4328495
3.0775173
1.7357062
4.7806196
3.5549078
1.9341197
1.5653039
2.4589686
3.5322015
5.4486666
5.495821
1.8351643
2.2635326
2.8164415
2.6151867
2.1193419
2.978815
0.8735511
2.5881913
2.5327451
1.4963433
1.9827012
3.909793
5.6751194
3.3149846
4.517949
4.21042
4.0337167
3.5668051
1.7706493
1.5996572
0.63137025
2.2228441
4.104463
0.2808958
6.9235744
2.5665646
2.284125
2.3564298
0.7969691
1.6487777
14.113134
1.9989316
3.6076143
2.2350204
2.0186148
5.05213
3.7983577
4.5491776
2.8816254
2.1611915
3.520567
0.95936835
1.1144257
3.7174368
4.003456
3.8281088
9.008941
1.3189921
29.556963
3.222441
0.6428026
2.0554407
1.7732677
5.747769
5.8617425
1.9920995
2.0927916
2.0602052
2.9626093
1.7359569
0.86146754
3.601785
4.3951497
1.3355985
10.34568
2.5548916
1.6929561
2.9645092
10.00602
2.384369
3.3267152
5.5427647
2.7640254
4.934145
1.4509283
1.7139119
2.3173597
3.9550555
3.085607
2.5314655
1.8897597
3.8901863
1.4225783
4.3054194
1.9312537
4.186624
1.6288116
1.1117566
3.6525648
1.8654249
2.543405
2.9966898
1.5301127
6.379031
0.9326109
4.209568
9.248159
0.6368896
2.265695
1.5770035
4.836186
2.5666525
7.272407
1.7360375
1.3509996
2.4415667
2.2165947
3.4395907
3.5600753
3.2795637
2.2464151
1.9036062
8.49284
3.6337755
2.6193347
3.7172284
3.039829
2.8832378
1.7499038
1.0884118
5.279574
5.5586267
0.8590298
2.993413
23.031147
7.041068
1.0855057
3.9517286
4.187778
1.1358759
2.8917537
2.7664762
0.6532375
4.5382433
4.0954113
4.628496
2.8596413
6.5857153
2.2395577
5.2667804
2.1861486
2.811516
2.3978283
2.5593815
3.0358512
3.7169974
2.768257
2.7689111
3.1717176
0.5789845
1.4925671
1.8075454
4.4078526
5.0312686
5.0903697
8.357897
7.9351764
2.9002643
3.3853211
2.425468
1.041147
2.2881265
1.2434056
2.4172237
4.69724
3.2412465
1.7293857
2.0261278
2.1086364
5.5199423
3.1051674
1.5421644
2.7489388
1.9057249
1.343994
3.723296
4.9016995
2.518527
2.8687315
2.8757014
2.5503416
4.327222
1.1603292
0.8861007
2.5811846
1.8965261
2.1098828
1.5606626
3.3721488
3.2393684
2.76676
3.2936301
2.6504018
7.862908
1.7846713
0.69689006
3.558243
3.397032
5.2519937
10.745561
2.5645428
0.31871688
3.530641
2.1819289
1.5281289
2.084482
4.0889387
1.2484362
8.004433
2.3789246
3.3915462
0.5955239
5.151978
1.0581539
5.757305
2.696852
1.2168571
3.2879696
1.9450321
2.9603517
1.2902291
6.5690136
1.8690673
2.8892095
3.5809927
1.6880103
2.6246576
3.1990256
1.0260429
5.708706
6.3885455
3.6931567
4.1727204
0.8599965
1.9012566
3.8581676
2.7343793
4.33353
2.8695824
1.0736582
6.6909857
2.1842024
1.694625
4.515429
1.1983585
7.5015345
4.364051
1.7164373
3.102727
1.3084114
3.5611246
1.1863381
6.4465775
0.98699665
2.738457
3.7974787
4.2640643
2.1895769
3.6968393
5.747312
0.7558122
3.2031922
48.751266
3.4646297
3.190584
3.7290833
3.038817
3.0213144
2.3099585
2.6459138
7.3600645
3.8735359
3.5348365
3.0373292
5.7088532
6.5334315
2.5685296
2.0361207
4.1809597
2.9049277
2.7154813
2.4483554
3.4418314
3.4938958
2.6352386
3.5989847
1.1585555
4.777106
2.9276664
1.4326733
2.8603137
4.683272
1.8150011
2.0742347
7.756835
5.1741457
6.0304666
2.4367642
2.1881025
2.8408794
2.2739348
2.4834769
2.347145
5.553316
1.3383632
2.4095135
6.1095233
4.5443377
3.4015522
2.1272144
3.8475657
1.2655392
2.7933643
16.801952
1.8632474
1.8270193
3.4129267
3.2967865
5.476289
3.6101723
1.6874232
2.032785
3.3618193
1.5985596
2.3534417
6.6316524
1.1224165
2.945231
0.8718403
2.7630968
3.840924
1.6349815
2.471308
4.6242256
2.1369889
1.5982693
1.9069773
5.407485
3.2009788
3.1420057
1.0433097
2.332213
1.5564388
1.2845824
2.9730067
2.0741835
5.1732883
1.1609545
3.34923
4.00585
1.8475583
1.5808951
2.5318947
3.0868387
2.4411263
1.41646
2.381683
1.6287334
4.4960384
5.64156
2.0569832
2.3160734
5.513998
1.4645143
1.8826227
0.40626723
2.6170027
3.5299296
2.6866252
4.071463
2.6678178
17.753963
5.6433563
4.919256
3.1333737
2.4564774
1.7682095
2.5622013
3.816247
3.8528636
7.3634305
3.9878404
1.8304126
1.3222623
2.578981
1.1955534
1.6328802
4.6083307
3.6699138
2.9268749
1.340245
3.5686984
3.123084
1.469959
4.1770997
11.357736
2.480517
7.41917
4.5056405
2.4089308
3.8177547
2.677106
5.140536
1.105811
2.8131187
4.7319145
5.596912
3.7144468
2.267105
1.7597865
2.2764544
2.4901717
4.292211
1.0713953
3.3187294
1.8660684
4.444862
6.4141445
0.9467714
0.98908395
1.5014517
2.5107894
1.2463205
4.9053235
0.91825575
8.792882
6.073445
2.9685795
4.721637
4.975345
0.5959783
5.3374267
2.5165205
2.9641464
6.5113835
2.0420368
0.32900086
3.0153399
2.0879233
3.1259272
13.744969
3.5380783
2.2503202
2.6478248
3.473562
2.8021247
3.9991524
3.4702868
3.5470104
1.4668021
3.1007063
6.750498
3.5919268
3.183291
3.1726086
3.5364535
4.65923
1.8272426
1.3305146
8.518899
1.7636201
3.3731992
1.1293871
1.0603563
3.7767737
5.1620207
0.55323833
2.5998034
2.4906287
4.92948
3.8929741
3.3975525
4.6070514
3.3589272
3.8327208
0.95082617
1.0887793
4.4690094
2.2493608
5.6440935
2.5673044
6.409529
3.1172895
9.115926
6.538469
4.2433505
7.7680535
4.0637865
9.103835
3.4850535
4.1800714
3.0196962
2.4989772
1.8130621
3.3001275
4.854099
4.09985
2.3348014
1.8198028
3.675663
3.9812999
4.071199
5.3693852
3.2726095
2.7384908
3.4759557
0.6019938
1.2584628
1.276342
2.9079864
3.0919755
1.7941545
3.0451033
0.84670776
3.032728
5.2494397
2.4745812
2.1053905
3.4144387
2.668046
3.2967508
2.490715
5.1436152
2.4724712
11.783176
2.6969633
1.8684298
0.92759395
5.2687016
3.4382348
3.739455
3.4544725
7.2177095
1.9944524
1.623384
1.2207435
4.144036
2.4559906
3.2761862
2.6420996
4.968287
5.304904
0.4355554
3.6504066
5.0049744
1.7925334
2.5121355
4.0619254
0.49107724
3.651181
1.6434075
3.9342155
0.970395
0.80939955
1.7926681
4.2343364
1.8782127
1.1712133
4.4767303
2.1394374
5.300192
1.7344332
2.3181682
0.8047282
2.5901413
2.983304
1.30034
6.4048653
34.50063
9.1079855
4.884729
3.079585
7.806638
4.545272
82.64551
4.9054484
2.3993819
1.3419878
3.2537482
0.997969
0.86586916
3.8909338
0.24232286
1.2370764
3.7549767
3.9344857
4.637102
4.8830123
2.4846344
2.4197302
5.43774
1.0967169
7.17313
1.4171606
2.587471
1.0845591
1.2383648
1.1074227
2.5419266
2.82904
4.894768
2.5264916
2.4220073
3.0092885
2.2839196
1.4066532
5.105594
2.8460412
7.154918
4.285666
5.7246385
1.3615458
1.500997
5.097464
4.6275616
1.1073747
0.98628277
0.86894083
2.7231967
5.3425145
1.3659812
1.9999084
3.7703686
1.9893295
3.5529797
1.4404796
3.0878708
5.5158324
1.8546722
5.854848
1.5677469
0.33394358
9.401446
3.686766
2.614538
6.825087
1.808409
4.537097
6.323256
4.2508483
3.4890869
2.5847597
1.6337991
4.4086547
3.3289318
2.6543338
2.0871832
3.951328
3.8480577
3.8619995
1.6637843
4.373836
1.4735299
2.6938725
1.580429
2.4816558
1.7211124
5.096078
0.43778336
3.2304816
0.67527306
3.2469354
0.9408686
2.0836248
1.6308266
3.0406985
2.1845264
2.2141697
4.4067407
1.6867342
4.302017
1.9931053
2.91397
4.1364446
7.372859
2.4363422
5.083933
1.5687251
2.723307
2.2806075
0.9130499
4.2250237
1.6812446
2.5893645
1.7445947
2.501493
6.076625
4.3849783
0.2711482
5.845445
3.5401855
2.1510327
3.2093441
5.85346
3.7123237
3.7227833
1.2170538
4.848114
4.8820906
6.94767
3.9477549
3.469194
1.3618236
1.9683465
1.0776836
2.270842
1.4004983
1.9775685
3.6067626
2.5515335
1.6277735
2.3556633
4.2727084
1.7346045
1.5078897
4.670784
0.6896389
3.707762
3.0947082
1.3550147
11.988284
1.615171
1.7449116
5.1780624
1.2478471
1.6532565
1.8102264
0.4897337
1.7682732
2.119919
1.6513133
0.6515558
1.4010731
4.137196
3.3119552
2.5870779
2.1518111
1.2670286
2.4366796
2.1202302
0.9815424
3.7614558
5.931318
1.1514846
5.9698343
2.9605515
2.0434265
1.2173146
1.4921128
2.3468194
1.1119721
4.2041993
1.6984534
2.5007758
5.609713
3.9132512
3.2082136
1.2181932
2.2715447
1.7692457
4.689651
3.5977366
0.9127516
7.063297
2.2009907
3.9734013
5.658553
2.449483
1.6255598
0.9524691
1.8912166
1.9229122
5.206349
3.5983818
2.106216
2.818027
1.7133869
2.6606529
4.782359
1.2878119
1.5254785
8.878295
1.1484209
2.6611726
2.007506
1.3779808
5.984815
5.4526024
7.9017634
16.672792
3.1388
2.3452046
3.6586075
1.1796172
3.469193
1.070141
8.149122
2.633281
1.352438
5.973583
2.120207
3.2349067
2.6631808
2.3513267
1.8457834
1.7478023
3.7098835
7.3428473
0.8535618
0.7161121
3.0530837
2.3512712
1.5651543
3.2294576
3.590868
1.6576184
2.7478395
0.83270115
1.4969841
0.7103908
1.364835
2.7811475
3.026412
4.2438474
2.157485
3.5402625
7.633555
3.9399846
1.1759132
3.943936
4.836016
1.5419657
2.9752004
2.9446874
1.5208399
2.2802997
1.3461335
2.4059837
3.790114
2.882283
1.439412
2.8082597
3.3903499
4.969716
1.4071611
6.0488133
1.5690403
3.3733382
4.476558
3.2937806
2.7793536
1.4350857
0.89084715
4.1382504
4.9694185
1.8051736
2.117513
3.110569
2.7778778
11.469505
3.1812296
3.3080807
5.3607397
2.1565983
3.508999
6.4662237
2.112915
8.292109
1.4440987
1.7703786
3.008789
4.4453683
36.382935
1.1259512
10.114634
5.22237
4.979601
3.4006486
3.2634778
1.5286016
4.1424923
4.1306405
6.4447713
5.444665
2.9811652
1.1759135
2.0702643
1.9893965
2.6297398
2.6158795
1.8906664
4.8462086
1.6965091
3.637158
3.97225
4.323019
1.0016291
3.0424743
2.5395083
3.6104388
7.1040497
3.6790957
5.22899
2.7957218
1.5553038
2.8237653
2.2330098
1.6117214
4.0404367
0.15507348
1.820885
2.0035617
4.5281444
3.429828
1.9320154
2.1198454
2.323223
5.1163774
3.1705625
2.0808094
1.1995083
2.938152
0.9892626
7.3586974
2.8104906
11.703227
2.4650152
2.1478202
1.5582216
4.7506046
2.8626482
4.7497325
1.152476
4.9883094
1.6730348
6.21722
5.306739
4.0793715
6.22816
2.733228
2.8084788
3.98033
1.8800778
6.219437
1.0315616
4.36122
6.5561867
7.33197
3.055386
1.6512575
4.256226
4.880242
4.371966
1.3877219
3.8470142
2.669295
11.155627
1.8190416
2.7346275
3.306265
1.9192377
1.9368353
7.4193587
1.8266668
1.9775411
2.5913172
4.150279
1.757591
2.6367981
2.1841063
2.6769464
0.33617622
79.12691
4.1599507
2.962377
8.860037
2.542635
3.0020175
2.6297612
0.63495964
3.2949564
2.256085
3.5167365
6.1019344
3.2393036
1.3752071
2.2646344
1.6609304
4.6862645
0.8180865
3.6265516
2.1431222
3.6902668
10.287444
1.4466399
2.5048115
3.4356046
8.988409
4.4013367
3.867729
1.0874801
2.2248797
4.5031767
2.611465
0.28978878
0.9458903
2.008326
2.485202
2.3084555
1.4634588
2.081872
4.03561
2.6613975
6.3649535
8.832984
5.278686
0.7811849
2.6999311
1.5463617
3.1821735
2.9823804
1.3437865
4.7070694
4.753097
4.607672
1.375437
1.689599
7.013552
2.8059218
1.3610437
1.4712813
3.888111
2.0825944
0.6170276
1.0571173
4.642507
4.8903103
3.6589646
5.648408
1.6537204
3.1721678
3.1951838
3.7022262
3.6028268
2.9403114
4.7580156
2.8570557
4.6422
5.8744693
2.8324516
5.2113085
4.0005903
3.8948581
4.2727184
2.0241768
2.7845943
1.388496
2.6660151
1.0564517
3.8016646
1.8867058
1.4325062
3.737747
3.1526551
0.70457834
3.3599758
2.889537
4.6179566
4.3137617
2.0633554
2.291423
4.719268
2.0262678
1.6236506
2.6237767
1.8844036
1.6914958
6.3456864
2.448358
1.3593317
5.7626185
2.1814637
3.4011827
2.6511517
3.359403
1.1845505
2.6180367
1.4736696
1.213746
6.233019
6.7311482
1.6721547
5.7472663
6.818842
0.70272386
1.2471808
4.4768105
0.5337433
1.0003166
3.4706204
3.9087636
3.640409
2.6925943
0.77275485
2.6191666
1.3694867
3.0063558
2.6823335
1.2601767
0.44569808
3.9008183
2.5286548
4.7350583
4.298725
2.3766015
3.380495
2.476173
1.8991618
4.9738703
1.7603302
4.8823104
1.3099446
3.9896057
1.4675454
2.8241725
2.1199508
5.6893573
6.830904
2.3922052
1.0180829
11.973557
6.6426406
4.985439
4.509799
2.790769
2.6195471
1.2028759
2.6917171
4.0122037
3.3242884
4.259845
4.8730435
7.522113
3.0786562
2.7055976
1.4814717
2.2929978
3.0156696
3.6656697
4.6863112
6.574834
2.6486845
6.02288
1.157765
1.2008904
1.6964755
0.9451716
6.122715
1.9375428
4.8014417
0.9743274
4.854325
4.2869067
2.6917057
3.8724577
2.3210704
4.934672
1.0417532
4.465524
3.3071163
2.6913145
2.3163354
3.151649
4.6951456
4.7936454
2.447123
2.7051291
0.08687548
1.4557419
6.459084
4.717971
5.242964
2.7512453
2.4809384
2.5089352
1.742711
0.8040472
0.8944641
3.3688037
3.8541965
1.5892712
0.85094327
2.1288397
1.4639864
5.7771535
4.5460124
3.5414739
1.2522272
6.416329
3.726382
1.2081665
7.815172
3.0657396
4.0760674
1.921091
5.789498
1.9735664
3.8029492
6.941762
3.2850463
3.2370694
3.9109945
2.0600228
1.1052876
1.5970669
3.0737495
4.6673117
1.2761436
1.8756154
4.7991624
2.0850308
0.8656595
3.9963293
4.937808
4.675438
0.4619998
2.6068072
1.7182035
5.3719616
3.2898414
3.4939957
2.648087
7.4038277
7.1282797
3.598287
3.1199675
2.0634546
8.45899
2.4578435
2.7996833
2.958606
2.6877522
2.5450826
1.9157646
2.4382794
2.1484087
0.83253205
1.0568215
1.6264558
1.5702313
5.476926
8.361
1.6553831
4.5252376
0.73362523
2.5492098
3.430186
1.7457154
1.3041028
6.4169135
2.3408463
3.1079147
1.5657402
1.7598617
1.1379519
6.918405
2.5397074
