5.4892306
5.520076
2.8645184
3.9245162
7.148228
5.2887993
9.583774
1.245857
1.4831698
1.3760318
2.1447694
3.5753632
3.0573828
1.8301412
9.322665
0.894124
2.212737
2.5077357
3.4911356
1.264791
1.1634202
6.5057116
1.9602904
1.005445
1.0338026
3.9179156
4.5560746
2.6382024
1.475984
11.370389
2.761142
4.219552
2.181773
4.6356726
3.7097251
21.08751
2.17865
4.1935625
2.0051382
1.9187855
2.1089368
1.7991433
2.4754603
3.7530012
2.0658958
2.917521
3.3030732
22.306435
3.8621688
4.315894
0.9735502
0.9932597
6.5569515
2.9370666
3.425178
0.8887519
15.578385
1.8486292
8.625051
4.8962026
11.650745
3.224884
12.314943
3.137104
1.7788702
0.9306752
1.0030253
5.1341014
4.1543336
2.078844
3.151572
2.4998538
6.5580792
1.563235
4.856729
5.7747583
17.764584
3.7685366
0.86716676
4.012691
1.8552685
2.997675
7.738175
2.7819905
4.857806
3.4298644
3.927349
4.5541945
3.1061227
5.023442
1.9062701
0.69000155
10.166144
7.0453625
2.032896
2.4280276
0.50857496
0.1742889
4.0563564
9.939829
4.586888
1.2364429
1.8810983
1.3315297
1.2517701
2.8480282
1.1526864
3.7826467
2.2864335
2.3576252
1.674859
2.1320286
4.909035
5.19308
7.3823843
0.8328018
6.0774307
3.252661
3.2111444
0.63844436
1.3272353
0.62871635
2.6698394
3.0658612
1.2529069
6.9218106
4.437584
2.5265622
1.3813945
2.1636512
2.4449332
1.7743659
2.3934202
1.6962342
6.1906
2.700591
7.0948424
5.0580835
2.4626255
3.5630608
2.7704785
8.510633
0.53193533
1.6026632
3.5469892
3.186598
3.2801108
9.65967
5.4093127
5.7228303
3.2214062
2.9332817
6.5332956
2.6656795
3.1443815
3.5396445
2.629864
3.9742577
2.135037
3.2721992
4.626805
2.2840934
3.9153638
3.989747
6.009265
6.8222146
2.7828274
2.547995
3.4119062
3.9064245
1.5493131
0.71649456
2.1358254
4.1418953
7.7613964
5.812224
5.294477
2.9299839
0.43315968
0.48489076
3.9460075
4.063128
4.0749307
1.1228073
3.248256
0.1775764
8.170045
1.5427191
2.7771885
3.9948153
3.7374134
2.801491
0.54747015
2.166595
1.8300534
0.6769754
1.5679197
4.0529923
2.224699
1.640396
1.1749147
7.4014225
3.8524318
4.6464744
2.3230531
0.86448723
3.556464
3.1819813
4.451693
6.400357
3.9803574
2.2005363
7.034638
4.7906055
6.387455
7.953644
11.116987
2.0054026
1.4658221
7.6175885
7.5841866
1.1128908
2.4907694
1.9731023
14.786866
3.0665488
7.101708
2.1099577
6.238659
1.9222374
4.356014
2.747434
2.4354944
5.2889256
2.740075
3.0043097
3.2070682
4.9445696
10.101079
8.488787
1.2770859
1.3514147
1.9746876
2.2877138
2.8869185
6.243773
1.204584
3.8307152
6.1687956
1.9670309
5.343763
1.8996078
4.96582
1.2105528
4.4825463
4.271077
0.725422
4.242915
4.9500556
1.8573835
1.9204669
1.2113136
15.463325
2.3990479
6.2965393
4.805296
6.6013494
4.664107
8.985593
1.7167028
0.67141217
2.265661
2.3870723
4.124728
4.028385
2.2308075
2.6761503
0.74537516
1.9138033
1.7601212
5.001457
9.011458
4.228311
4.930111
2.8204987
4.340699
3.0768654
7.404499
2.0125127
1.810408
17.159271
2.4276078
2.0636868
1.8888506
0.9347433
1.3103446
2.4297724
1.6590357
1.9174706
1.0068935
2.5733283
3.4454434
1.287903
4.2263465
2.2944386
1.7059202
5.5704665
1.6791092
9.987205
4.594308
2.8723323
0.41158637
5.827939
6.3989143
1.3495167
4.03498
2.110064
0.31144375
1.6480272
2.3934042
0.98806614
3.5370095
3.5146792
2.4538915
5.9571533
3.0071604
3.8061821
3.704471
2.7797828
0.9437714
2.8734963
2.9393368
1.9978851
3.493881
2.1694715
6.8958416
2.100744
2.1550083
3.1984494
7.1983957
3.9375358
5.637581
2.5715756
3.4046216
1.8138741
4.4363294
3.2053988
3.438374
3.397967
1.5343357
3.5105724
3.8136456
5.4179745
7.2157693
2.821037
1.4523234
0.44733155
4.2750583
5.1786532
2.047535
3.0728295
3.0609593
2.380855
4.865966
2.9607065
0.98977643
0.8530029
2.4086967
1.4389653
3.8339355
1.8159466
1.8791162
6.087723
4.056147
1.6380808
9.974104
2.373622
5.495826
3.4005556
2.3608825
1.5147665
2.54655
3.2002277
4.0772576
0.67390025
4.0098677
3.7650597
7.3433843
1.9539442
4.449667
6.1742887
5.5781746
1.4846773
6.8905993
3.9450512
2.9858396
6.394047
3.1950586
3.9116697
2.3163233
1.0222356
1.9516035
3.061833
3.8196483
1.5288408
3.7137995
1.5833993
5.5459223
2.701461
2.7930913
5.1271014
0.9225885
1.9573681
1.9978179
1.9412167
4.298745
3.354116
3.8090575
2.7382972
16.743317
1.4438788
3.365832
2.90342
4.1479645
2.7909708
0.72881514
1.6307056
4.227623
1.6786183
5.465326
1.5207291
1.2809622
3.1804404
2.4832213
0.71700895
1.887788
2.7337444
1.8949147
2.961012
1.8463556
3.8305311
2.8054478
0.760103
6.5851927
0.89189327
3.90696
3.700717
1.0583075
4.762254
1.5441161
1.8184432
3.0905733
6.6649504
7.1385393
2.2539887
2.6787164
3.1960764
4.011535
2.0691175
3.0896773
2.0510774
2.5301867
0.24387921
6.118151
3.404481
6.7155952
6.7778654
2.9874806
0.5695816
3.4051015
2.8181095
3.3028183
3.1305492
3.651932
4.427249
3.3251529
4.5137386
5.704056
1.7792437
8.110996
4.7283072
6.403296
0.6883903
8.5808735
4.964511
3.0524778
3.3020918
10.422465
3.7979782
5.1242023
3.2684085
9.946319
6.678696
12.720438
1.7317929
2.1026926
5.8769383
5.6166983
3.0624013
3.5869842
4.7924476
2.0572574
4.5260277
3.3217924
0.7008881
4.01721
1.6810515
5.93891
32.053688
1.721046
5.846473
1.2798924
1.0411282
6.01672
4.182596
1.0070634
2.7384589
3.8316686
9.083997
1.9610151
6.726956
3.2267692
2.3787103
7.922819
2.5756273
6.6257124
3.7801056
1.4995878
2.15487
1.7591707
2.4520283
4.223984
3.380866
8.081587
7.38563
7.185696
6.045232
5.8949075
7.8699617
1.9261118
0.7115978
7.4616075
3.0545633
5.2534738
1.3742617
1.1889375
4.14156
2.8465385
4.03093
3.1961427
1.6522198
1.5011176
2.8405814
5.3517876
7.5825605
2.7120335
2.2848642
5.2545075
4.9581356
1.0762146
1.2985567
2.256839
10.682499
4.846739
3.0981712
2.9682717
2.198742
1.2767074
3.018968
3.9971201
2.5543175
2.2399678
3.839751
3.4823616
1.5223578
9.236272
2.7578914
5.1463556
3.4362338
2.8952818
0.6136668
1.354111
3.6088421
1.8389161
3.6300998
1.8062086
7.4744673
4.090586
2.265882
0.42078
4.4852295
4.1021957
6.320839
3.6361916
4.797513
2.6053667
4.377295
4.2652726
1.2933594
5.9477186
7.4775777
2.1911576
1.1704189
5.4478216
3.4575741
2.833852
5.5149417
3.2239285
1.6380436
2.5881145
1.4878315
2.423987
2.478246
1.1908228
7.106077
4.7384357
7.558811
3.0625381
5.6556444
6.853171
9.0032835
1.998188
4.65886
1.3224969
1.6938777
1.520841
2.6609316
1.8174695
4.0382476
2.4561977
6.545787
1.9827292
5.658154
3.10967
1.481138
1.27644
2.6498773
0.25170168
2.8194356
11.500506
2.665563
3.7806902
2.0968137
10.413887
1.2397064
1.904972
2.8198402
11.2180605
4.9966655
8.023533
12.709338
12.7758
0.72080404
1.429709
9.039881
2.5719209
2.876635
2.039247
0.3001049
3.600647
2.3540375
4.8719325
0.83753616
15.085171
8.651434
3.5478547
3.9373202
4.448159
1.9993742
1.5681614
6.123901
2.623178
2.7346003
0.9529557
4.604226
1.9350191
2.3561838
1.6368335
3.164089
5.0920973
1.9549903
1.6497718
4.3245225
3.2164545
3.3144517
4.1792808
10.475138
1.1609216
1.6688484
1.5566465
2.16517
3.1519895
2.1396942
1.7427524
2.7474363
5.287224
0.84122103
11.479459
10.392153
8.417617
1.363457
1.9041464
6.2945123
3.1463263
2.7584732
2.802569
2.2223282
6.914436
1.1268332
1.7244457
2.7371044
2.154606
4.045711
2.9127831
2.932714
0.9195649
3.164255
1.7901399
4.7070746
1.2113084
1.0327499
2.43984
5.825118
5.474546
3.7247038
23.772501
3.9892492
1.7367791
1.2151945
1.3252248
1.8698125
2.0716074
9.195425
4.706992
1.767296
7.388797
3.2535782
11.546048
1.5492358
3.7985063
3.6197708
4.8589826
4.211223
3.748905
1.3517075
6.921611
1.5342853
3.5939176
28.096966
1.6579754
1.6581515
2.5663383
2.652933
1.8957422
2.2633
4.746829
13.542256
1.5198792
1.6766099
6.5504913
1.1155776
2.0601637
4.687718
1.5026712
1.0562047
0.5126799
15.612501
2.8988473
3.9811752
2.7036326
2.5066557
5.423659
4.8211083
2.269828
2.7256763
2.8932462
2.7632005
1.4262474
2.7137682
3.9416764
2.7234313
12.316847
16.10121
1.2602842
3.330826
2.4751484
5.487391
1.7751569
4.1231446
1.3579305
7.829209
6.949716
5.021867
2.7268598
2.7566485
1.7082013
7.2816324
2.1986783
2.0537949
2.0361085
1.0833381
4.3183227
0.9920519
4.1444006
2.931264
3.2667918
2.963789
13.482085
1.698411
2.7706754
6.9706187
1.6822028
3.3164697
5.9398375
3.6832206
7.710749
2.3121686
4.287885
2.544234
1.7276601
2.4707015
3.663608
2.86904
2.5231264
4.4568005
2.5032313
3.5179622
3.775537
0.6145102
3.9867532
5.503695
4.6821117
0.7789398
2.0299337
1.8220253
3.4924538
2.325793
4.507746
2.3598485
1.7957362
10.196964
0.81427515
2.8862236
2.0818334
2.8280253
2.3632085
3.1207817
3.1962516
5.4678187
3.07058
4.5819917
5.556312
3.2861998
6.240449
4.1333957
1.9172872
11.198836
5.7601376
7.981127
1.5738032
1.7717597
0.8816725
1.681307
2.2811954
2.933967
6.3295274
5.6990156
2.5617902
2.3822143
1.3458297
0.98967355
5.109904
8.62895
5.2825327
7.220882
1.877453
4.79372
3.754182
1.8350774
8.09037
4.8757067
3.297957
8.869227
3.5452585
6.596518
0.56539834
2.365129
2.3238747
2.446104
3.0159967
3.4052358
3.7151809
2.770489
2.1793807
2.1021626
5.7947855
4.425892
0.78098804
5.9250417
2.8244817
4.763638
3.8153281
1.8256145
3.724107
1.4841329
0.88960034
1.881478
0.6823864
5.3113155
13.198029
1.8908887
3.019332
6.044897
0.9735085
7.166772
2.2540386
2.4077628
1.4896672
4.731091
1.8649405
2.9226825
11.94545
0.26167643
4.090859
1.689408
2.0649142
5.551117
1.4801931
4.167373
4.039819
3.8378556
14.980693
7.4350452
2.951068
7.997785
3.063665
1.4889295
4.456973
3.7424812
3.2259068
5.6852965
3.2559776
1.4182925
1.1295868
2.3922937
1.5826604
2.6070697
2.3766522
4.696564
3.9795258
3.7037644
2.2015083
7.116913
2.3322666
2.1191325
0.5876274
3.2210462
7.4094577
2.897449
3.1061664
5.011871
0.651388
1.3958448
4.908025
2.7547076
1.019739
1.5977306
5.7118273
1.3186102
5.891022
2.413712
0.20357493
5.658567
4.2621646
2.8182867
2.0361395
2.8239558
3.1701646
2.260142
2.4503107
1.7546381
4.8454666
5.688609
3.4921844
6.497746
5.609831
2.42378
1.8453217
4.425939
6.6491365
4.1489115
5.7801213
2.2073047
5.876083
0.20663525
2.7472079
0.87331796
2.1465185
2.7555616
0.5683454
6.770352
2.2054045
2.4656034
3.8411846
1.7679721
8.981507
2.996371
2.1288526
3.2513578
3.0864825
2.8896387
3.0884311
2.2875817
8.510749
1.5601275
4.037227
4.5317135
1.8901885
19.297691
2.3838682
1.973524
2.9120283
5.1517515
4.9652925
1.8141601
2.0349624
4.8722095
3.7585466
0.94796515
1.7283376
13.317758
5.2155595
8.334414
3.0223815
4.426123
1.7933149
2.6974823
1.4444318
3.5876093
2.3943744
1.2120428
2.9755285
2.0417361
5.2099595
6.375205
7.240505
3.2140343
5.0818267
3.6425388
2.4734483
1.480123
11.359201
8.442773
2.8033278
1.7680779
3.6352818
15.58296
3.281578
3.5766232
4.573787
3.2608068
2.0962021
5.6304607
4.977257
4.4756365
4.311446
1.7326632
2.1005163
5.7885957
2.0209596
3.409436
5.1231155
4.704634
3.687349
4.033638
2.9184444
4.8357677
5.1249466
2.4408953
1.4297339
2.1237705
1.8917154
1.7891579
5.452175
0.67386675
0.78296363
3.9987957
1.3214414
2.9404383
11.168387
5.174002
3.1379414
1.5577098
3.965491
2.363228
5.0410504
4.0679364
3.5941248
2.1190445
1.2542818
7.3536744
0.28937778
0.83238107
3.3438985
1.637717
1.7557148
6.031962
3.6687467
1.4179987
2.9925365
3.818196
0.7078901
3.0154068
3.8017695
4.4487505
2.313094
1.8793654
3.2337062
1.7750163
1.9199886
2.4453647
2.4015126
3.307887
1.4710097
2.770055
3.6251054
3.746706
0.804905
15.428376
1.4693711
2.8154302
1.6912793
3.9660664
1.8157281
3.936618
6.9010563
0.5799864
2.732248
2.3752983
4.6066804
1.3227167
6.996588
0.9726724
2.1140609
4.5866537
2.892605
4.377676
1.8095043
4.1350446
2.1345274
3.0053113
5.553219
1.6678318
7.3299074
5.209683
5.914149
0.59271604
5.367069
3.6162796
5.9070325
3.0954926
1.856964
3.3804696
0.7079284
4.468031
1.10187
2.8007488
3.2441068
6.493449
4.064968
24.4602
1.9143227
2.0837939
3.7278748
3.9993756
1.6771967
3.6181931
3.2443888
4.559118
4.061053
4.6490316
5.532041
2.1814303
3.959853
1.4676218
0.48488843
4.5030103
13.386064
5.665966
1.7701882
1.3011724
4.1837344
3.3539867
5.174615
2.5740614
34.05841
1.3122461
3.6067748
3.8874648
3.9968371
1.2386459
1.5146829
2.545218
1.0438393
2.3603563
2.0054111
0.87928486
7.7671824
0.2459952
1.6245345
15.801629
1.4232339
1.2227576
1.981589
1.5803418
1.5145543
1.808803
1.5865618
4.2935114
2.3704228
18.781157
1.6854614
6.900069
4.724229
3.3156817
3.80704
2.3756104
1.8467591
2.6767445
2.8381104
2.6805258
0.79278207
15.597873
1.7639599
5.772094
1.7501236
3.767177
2.574698
4.4059963
5.726308
2.8811746
2.7470086
2.9124014
3.3472457
4.880531
1.8535659
4.2749887
3.48555
1.1340952
5.978372
5.1103787
2.5018065
1.9724772
3.575211
2.9207017
1.4933966
1.294827
6.1273546
4.4289017
2.5303485
6.003193
5.379592
1.5073501
4.110738
1.2920882
8.308266
2.2780876
3.200958
2.0339692
5.3035765
3.8959713
4.2512045
4.7257757
1.4954963
1.2275585
1.9554297
4.738631
8.862258
2.3503814
2.7761846
1.081592
3.6691563
0.70737094
5.6598535
1.29394
1.6465362
2.339788
4.0724015
9.936527
4.6046147
7.5655046
3.864515
1.0857885
1.510711
3.3314612
1.6673747
3.2258315
2.5941305
1.6077319
2.2988544
2.3571336
5.5537906
3.4459038
5.23019
3.1805828
3.995328
2.9650738
4.2469125
3.2035606
1.6253679
5.648621
1.538283
8.42095
0.69880694
0.7787946
2.2382312
1.6115412
2.4503458
2.1044855
2.5596938
1.2416633
2.4977417
2.4899876
3.171057
1.5405238
1.845606
5.590751
2.1337848
6.7976832
1.3111206
5.0295286
2.0931268
2.020473
3.0560632
2.3728993
3.5360696
6.1747823
1.9783323
14.943913
1.6633891
2.290255
2.0387502
10.425247
2.3275867
3.1206958
1.8730949
1.1483198
2.686642
6.4217124
3.2416956
6.775957
2.626084
0.7363794
2.4985
1.6539872
8.782261
5.6119
10.083718
0.45703945
0.1294157
1.6650268
1.4458692
2.3074715
4.3871202
1.2786647
1.3656511
1.986224
1.6130339
5.830988
2.1797073
5.1869593
1.3876895
3.2276843
4.9278946
2.7310197
3.3944128
3.5833423
4.120823
2.2382739
2.3079796
4.3336363
1.3442563
0.19951575
5.4621677
2.9550729
6.5989656
1.8746566
5.235963
4.2052536
7.356413
2.5504613
7.5998626
9.2463255
4.157042
0.6894407
1.5045706
3.4423542
3.2974484
3.0036974
3.7457
25.293346
5.6318173
5.00846
4.2398086
1.233888
2.6544778
0.76723695
17.694391
2.578533
2.880765
5.2504516
0.8618486
0.84897697
3.481299
29.684448
5.9497595
2.623471
12.767329
3.4633725
6.426847
2.2586734
1.7994491
3.0016365
2.3252387
3.9117546
4.7536497
2.8403475
3.9765742
4.508113
5.3966103
1.0176982
1.963012
10.197258
2.2002003
1.9593437
4.013822
3.9688241
0.5166331
0.5227502
11.684277
2.1682985
4.5606513
2.4659896
0.61812586
8.395084
3.843894
10.317696
3.1596718
5.972825
3.5917888
3.8555267
2.7070727
3.0750258
2.7610579
2.5186684
5.7427297
1.6285644
3.7745438
3.122858
5.0303006
9.978914
1.7484382
4.7224436
6.4721894
1.8534998
2.010439
5.353681
4.9007373
0.27497178
1.7747056
2.484331
2.0387576
1.373472
3.3080122
2.160292
9.512004
2.1965375
4.51079
1.9081368
7.703524
3.3258572
1.6905888
1.8062853
0.5945739
0.8220601
3.0626347
1.0992168
2.0304654
4.2311025
0.6391276
9.300933
0.5710484
2.7404726
2.6668882
2.892288
3.0377507
4.776469
5.8135095
2.3692276
2.6210964
2.2904088
5.3890977
13.4505415
1.8476464
4.9529567
3.0143127
2.1454673
0.7946344
3.291679
3.8890483
2.2017264
3.6980975
6.331476
1.17944
0.18936835
5.6966596
4.41293
7.3614225
0.9343216
1.6534464
2.4348533
3.5219145
2.060905
14.781496
4.4472837
4.397246
12.067449
6.018487
4.838959
3.3149197
2.8465657
6.609697
2.1744747
2.9568021
2.098479
1.1344401
4.425341
4.769206
2.513226
4.808377
2.2633004
3.630914
5.122922
3.0959206
0.87942064
2.6730366
0.9664294
2.081375
2.863754
2.7494626
7.405416
2.6224444
1.7854415
2.0807343
0.18840581
3.1781485
4.8480167
14.5389805
0.14664271
5.791905
4.616885
2.9511602
5.9321427
4.3697944
2.6721468
15.226911
0.6218565
3.598351
4.835513
5.25052
0.83271295
1.8068465
4.070632
3.0570219
7.481311
2.2124186
3.3626883
2.8997445
4.52006
5.6788077
4.6917844
3.688499
5.471197
3.7504404
1.1079663
1.9329468
3.564339
2.7267125
5.9123545
1.1446692
2.0584242
1.9770432
3.9903846
3.7747447
0.83216745
6.008947
1.4091452
4.419163
4.5540905
4.339295
4.0728593
1.3823509
2.2618513
1.2619358
1.0731711
4.5944643
23.652046
1.2259074
1.9785086
0.57154214
1.793967
3.123523
7.0290604
2.7822428
3.560411
1.9486731
1.3014956
2.1033123
0.650176
3.2221763
19.263771
0.9897807
0.6764057
2.3195984
2.2015152
2.0391612
1.0273005
0.6584271
4.5930967
3.5195434
2.3727684
2.9533677
5.784508
5.736841
2.3246183
3.117821
3.54876
4.0246058
1.3195554
5.9377832
5.728298
7.8901806
8.554825
3.143327
3.8854144
1.903212
1.6265322
6.8520827
3.848513
2.9614112
1.3289965
2.2696311
14.300335
2.490923
1.0722979
0.5621719
2.0527675
2.4774735
0.37815526
4.8275394
0.30305678
5.5779986
2.956564
1.6305628
2.748585
4.2430043
3.8022518
3.9290485
2.5989556
3.2487102
4.9939065
4.135253
2.0073164
5.878148
1.7437508
3.0299895
3.2318997
1.812577
6.814183
9.763344
4.518981
2.6715543
1.5288706
6.0167193
4.32703
0.6460922
4.040771
3.7314975
6.4338703
1.3710948
3.8343518
1.8275214
5.4918313
2.3937771
2.8044841
0.584751
3.8734694
7.022231
1.0625246
1.812453
6.0041184
1.7313676
3.1967607
3.1202059
3.981999
6.723272
2.1362767
1.4247359
4.6014137
2.9484944
3.8298526
2.7523527
2.6885743
22.816065
3.1676698
1.4956144
5.7991476
1.528431
2.7800608
4.5397353
2.4706905
3.4838088
1.3098146
1.3870717
10.54964
3.5195572
3.5131552
2.0698767
8.340048
2.7549694
3.442815
2.095576
0.8904568
0.57778436
3.6268237
1.3836827
2.1791441
8.503818
2.3914726
2.0867345
0.81508505
15.041505
5.6017747
2.493389
2.4473987
0.82848096
8.608343
1.9246829
3.9470146
1.6779199
1.9338106
9.350274
1.8515866
3.7995243
3.5271206
3.2779858
3.0871727
2.700091
3.0400999
0.72047526
22.033398
2.1109514
1.9589369
0.9166969
4.7207565
2.6028702
1.7839564
3.8222928
1.5154672
3.601625
4.5007567
2.2763562
4.507796
4.532777
4.9467187
8.839689
10.091406
1.8073916
4.341097
4.05208
6.490955
3.065022
2.9637892
3.9568715
1.9090141
1.2278814
1.8283056
3.0379107
10.639125
2.393637
2.2187858
2.533846
1.2448657
4.1232934
1.4871647
4.757871
8.251377
7.718224
6.4856343
3.1629388
2.915656
2.1705868
2.3579385
0.82746685
3.3139415
3.9368608
2.1169465
1.6976404
1.8956382
4.58695
1.3612809
2.3417559
2.6563795
1.5676553
2.2426193
7.9022093
2.3747191
2.5051613
7.9062138
3.5198627
4.618175
0.6940162
3.3346622
1.0107847
2.7266626
3.430482
9.59177
0.89865446
4.327092
0.90715384
0.57549876
2.1950512
5.0330515
14.38219
3.4035335
6.770733
3.9012291
1.017136
2.7093863
3.633657
3.3025858
4.43421
1.9529457
4.063177
4.577589
10.536637
0.6531951
1.088757
6.722346
4.8452153
5.643333
8.760231
1.6676936
1.1497668
1.6696117
2.1062906
2.315956
2.646395
5.061532
20.302948
4.1085424
5.82276
1.6164917
3.8379238
2.9995654
2.4320364
3.2680178
2.1563764
0.6274699
7.1490035
7.52579
2.5519576
2.8738847
2.1968439
2.0453963
0.68053937
5.88239
7.416142
1.9084468
2.6825595
1.7037624
0.9645538
3.0623746
0.698027
2.2309616
0.8178038
1.5265563
1.3076637
2.6434946
3.8466246
1.8346536
2.4481564
5.8878126
3.5491555
2.9870398
5.947374
2.8367705
2.1409836
3.1733472
1.4308742
1.7195058
3.227831
4.9709096
6.704973
6.3574915
7.9795732
1.4745638
2.3083842
0.78977007
4.7477865
2.013392
3.0817761
6.2337146
5.964417
2.4881191
3.0081522
4.248287
1.5619805
4.535435
4.0047226
2.372881
4.699967
0.61019826
6.0146866
10.787127
5.2490625
4.7492127
8.123342
4.134413
1.7361975
1.2907319
0.70161396
1.4867598
2.8318777
4.665258
2.3228872
3.1303709
6.5028577
8.223957
14.603621
8.03617
0.9019218
3.164743
1.6554466
5.5295544
6.4335117
2.656913
2.6934288
1.5403498
3.1731114
1.1490922
2.5903816
3.2523916
0.56241554
7.046858
3.32797
1.2366877
1.3544295
2.1890488
1.6540135
9.268717
2.9525602
2.9373915
0.55172896
1.8428633
6.3450155
1.5289654
3.3106556
2.6651828
4.7465525
1.3732091
1.5313116
2.7900028
2.5298026
0.6859706
2.4113407
2.5519292
3.517652
3.9985473
3.0820155
0.6293816
0.56872
0.52061945
1.9157016
1.2207636
2.3141563
6.1113353
5.8130665
9.156168
4.303858
3.9928374
2.3971043
3.2147884
3.8485055
5.3455386
3.7808373
2.3285575
3.987102
4.252698
3.9377286
3.643516
3.2615442
2.4204955
1.7219151
0.9522758
2.9709532
8.881541
2.5270488
7.9418755
7.520953
0.8491927
3.366018
4.144445
1.5305738
4.288951
0.5805956
1.2834209
2.1100488
7.494486
1.7824183
0.9365383
8.730777
0.6410153
4.321196
2.902251
5.1194005
3.6667857
3.5820637
2.2415216
2.970007
0.9652345
4.06486
2.1197703
6.084187
10.660345
6.525539
4.780738
2.7012331
8.374503
1.1694196
3.4260082
11.5526495
4.7221956
3.214793
0.57598674
2.11846
0.70873255
9.666231
4.0703006
2.3245175
6.2966256
7.301648
2.0745237
4.4888916
2.5227795
7.393068
2.0674303
0.96374476
2.9806907
3.8750765
1.4359909
5.49148
2.9456666
4.2396355
5.716078
1.8738554
3.7035725
1.9134057
3.9983056
2.117094
6.874981
4.31682
2.878537
4.875976
5.1929197
4.3841934
2.173102
7.1463933
4.3660746
2.862327
1.2755512
1.2463869
1.5664386
10.817299
3.7920887
3.01986
1.0954665
2.8805573
8.18498
27.848463
8.390237
6.013531
2.884961
6.450784
10.139762
2.751775
1.9939373
1.1843991
1.3902234
2.4369395
4.4818063
1.9816701
6.1851573
3.8488705
2.989221
1.5480857
5.074462
2.9464812
0.78369886
4.015047
4.6780524
0.59050715
6.1902742
1.233415
4.5575304
1.9130061
1.2078462
1.8864605
4.838935
3.974527
5.377793
1.7677821
3.2126868
4.106361
2.3736205
5.1202035
3.6990588
4.126869
4.3471766
11.27934
1.4998184
5.2927413
0.774837
1.4073136
4.0832515
9.78937
7.084001
4.632083
6.377484
3.0233195
5.619892
0.24742979
54.921787
3.285751
0.63639903
8.287228
2.4509718
3.112146
3.2931154
4.130408
3.3239212
6.072568
4.3272805
7.073896
2.5865886
5.4915905
2.5359962
2.5950751
5.244585
1.3199759
1.9567275
3.606007
2.2547085
4.1359687
6.977874
0.8887004
2.80236
3.1533098
2.741141
3.5370197
4.133367
2.487672
0.345004
4.60405
7.422053
2.7807827
2.6183407
1.4104077
4.8938127
5.070276
3.0481122
3.0038126
2.212723
12.66458
1.4334425
2.191251
2.7872317
12.187633
1.1834968
2.0072489
2.9312496
1.4415532
4.225308
5.6573267
2.2866461
2.5245836
6.3910832
4.7770786
6.761642
3.7924292
3.1395895
2.7985363
2.0124996
3.8235404
1.072261
3.907787
1.9049035
3.1587539
5.5501976
2.420851
4.626045
2.807224
3.3289778
3.386524
3.4444668
6.3907666
0.91757107
1.1828775
1.2775103
1.1191268
1.4693491
4.3135524
3.0962355
2.6845994
5.7112865
3.5512035
1.9298614
6.610059
24.460682
1.0122607
3.2729144
0.25717017
2.7385805
2.7388406
3.7025268
1.6013553
2.3429189
3.2625244
2.7202134
0.757895
7.323998
12.744299
1.4719737
1.582688
0.21936813
7.1480308
2.0600924
1.3228744
1.3894826
3.0689197
0.74035585
1.2217236
2.8685534
4.3345904
1.5269866
3.0869048
1.4962676
1.5855187
14.578163
5.210769
2.1437373
1.15571
5.699302
3.459037
6.704074
2.975732
2.6589532
1.2259017
2.4612203
5.929108
1.8403385
1.2486719
2.5002217
2.4421673
1.9848467
1.1560576
6.533916
3.2409952
1.1427401
4.541128
11.45247
0.67222106
1.6073657
2.299818
2.0133555
3.0032039
8.222679
6.7493114
4.19848
2.2355196
1.0327483
6.3212423
4.010849
3.8495793
1.0575453
4.7466645
2.6423585
1.9920281
1.6988358
3.7936783
1.52418
1.4702562
12.232886
4.517027
2.1312492
2.3432853
1.6313041
3.8475912
1.2483066
1.3730944
3.9321957
3.381085
4.4626727
7.160317
47.825138
0.8921066
2.407483
5.0834494
1.7537497
4.99143
7.397741
3.9397364
2.3813412
0.8382216
4.1546016
6.5135393
4.882013
1.6823688
3.475034
3.048378
6.889512
3.9821074
6.944415
5.531288
5.232502
6.781411
3.417959
0.63593
0.5596608
2.3709853
5.581983
2.2936518
4.9959965
2.432735
6.6003623
5.23504
6.9718766
4.9200234
8.1336565
3.0128982
1.6860023
2.3572826
4.6502013
2.552154
2.4478261
7.4091988
12.265538
0.7915857
4.2763124
2.6144345
18.55091
5.3935876
2.0627759
0.4993668
4.0929847
1.8106592
8.249983
1.2130485
1.88874
2.5743673
4.199691
1.1146144
5.185085
7.1164165
5.2618933
5.4919996
2.6487544
1.1985005
16.451405
1.9332465
4.615352
4.7402663
2.036166
1.5577936
13.098835
1.6132877
3.9833791
3.6575997
13.613152
1.9222252
2.0069149
1.8653246
4.953986
3.8196707
7.731627
2.0155554
1.4785521
3.19551
4.6320186
4.9652343
2.6373048
1.8980403
1.6653726
2.7395935
2.93596
8.6724415
3.147762
0.8941343
5.1007023
7.2532263
6.04751
1.892634
5.8096585
3.2156465
1.4732224
3.1454706
5.03848
2.2137618
4.2887273
3.2959385
2.7578418
9.554231
3.6746001
8.344655
1.6388365
2.2252195
3.0110593
2.8836727
2.4295437
7.326562
9.755851
3.6509826
4.9651017
3.5812583
2.398815
8.157739
5.381049
7.478631
5.5109954
0.60408884
4.3192477
2.3265002
2.7417426
4.282105
3.3654964
4.8805537
3.4731083
6.0544987
3.0592031
11.006177
2.897816
0.60839444
4.837385
1.5230249
3.2406752
1.5127817
3.740821
35.057594
2.647473
2.1078815
3.5046833
3.8672407
4.817886
5.490365
1.3217922
3.2100265
3.8025844
7.2114134
4.074251
0.2742508
3.2017324
4.9491396
1.8760934
1.5058148
3.2000513
3.077046
3.2471561
11.317353
14.491221
4.0665627
2.9813824
3.2324927
5.4019256
3.6203556
1.8266886
1.9987833
3.230361
3.4143374
3.1554718
7.678798
5.9371448
0.3899334
3.3263178
9.265526
5.566382
0.9816709
2.6474814
2.2750163
2.494625
8.568148
4.6061115
1.5217566
1.3019774
11.347732
2.4308476
5.2522774
2.8144581
2.6175034
1.9328555
2.6115994
2.1805394
1.1631333
3.216157
2.290847
2.083794
5.152412
4.2229133
2.8912017
6.7663198
6.209883
4.1135364
12.494262
1.9603677
1.0459484
10.950929
2.3526638
1.9470227
3.7008357
12.736071
2.928235
7.817603
2.699203
13.598255
3.4357166
1.5596555
8.891948
4.367986
4.691152
2.3366678
1.2879837
12.285459
1.425104
3.3078213
8.553705
2.7734838
6.3737555
3.2243934
0.3712633
4.4382014
2.003746
5.10276
7.8227205
5.5914607
2.2185662
2.7915103
1.7077758
8.721766
7.6527023
5.7006626
8.225476
3.956146
3.6116211
2.4362066
6.8186088
0.41806367
2.7423906
6.8760495
5.810318
16.720137
4.4996448
2.6113062
4.9648952
1.105058
1.6405678
2.6223075
2.3152688
1.8439101
1.6169342
3.1510255
4.201808
3.2219086
2.334995
2.0442607
2.1726847
1.5773364
1.2819755
76.897156
5.655199
7.4510465
18.026941
7.218795
5.4640846
4.6209283
4.673748
3.2212322
1.4441799
1.1123757
5.052764
3.9741173
1.4560837
9.657277
4.921188
2.9162705
1.5312227
6.2644854
1.0955297
6.688479
4.5413237
1.7648987
3.5983968
7.670587
9.883079
3.993106
1.8099102
3.9336972
3.5145764
0.7956472
5.2061543
5.7587347
1.6215299
2.332809
3.5240266
1.7259516
3.9973073
5.714944
2.3019547
5.7019615
0.71783984
4.6733623
4.4221478
3.6896257
8.956828
1.758281
3.4332757
1.6438065
3.292303
2.807078
2.5248373
16.833612
12.267835
0.805337
1.4786699
3.893279
3.1030316
2.139062
1.684665
0.39915502
2.7651405
7.4993153
5.6702313
1.6414185
0.6066696
2.5598066
4.2049694
4.938754
0.97266024
0.6446944
0.74909085
2.3168757
1.4930854
1.628443
4.9015393
2.5819554
1.3275392
5.083328
4.688635
4.2243605
6.0736523
0.80073607
0.97255445
5.266798
3.926364
1.9333158
3.5860884
0.924003
3.0522518
3.901151
3.1657798
1.2420202
2.0807207
2.6358948
2.3505356
5.8190875
2.25672
1.8741229
3.1169386
2.9813876
3.2167897
5.0470843
7.7260017
3.278884
1.8241479
6.858584
5.354927
1.7278702
4.3518114
10.345037
3.3779798
1.7903382
3.7701576
2.3623524
3.6988866
2.7611425
5.685784
4.149493
0.9581838
2.1883132
3.5487742
8.776761
0.64516455
0.92059934
3.8597167
0.8975627
3.428599
2.3527129
1.5399845
1.9878837
2.3332894
7.5843086
6.0958757
38.902565
4.762717
2.4373684
0.9627527
3.8250706
4.7337513
0.9043529
1.4021076
2.611808
4.7531962
5.2030926
7.354249
2.581103
4.784034
3.1620095
4.050673
4.518893
2.8198404
2.0913777
11.980642
2.2567172
1.2418808
10.5891485
4.6523423
5.613454
3.578538
2.2144728
1.9208459
4.0818596
10.772496
3.5849524
2.7631488
4.332153
2.004784
2.6725144
2.1134453
9.43428
1.9798266
2.251856
2.4481006
0.9548448
2.2139716
6.8419013
3.9775186
2.1537151
2.9007146
5.7626934
1.5693312
3.2297404
4.0534787
0.88132817
8.073597
2.437675
2.7450416
1.1480064
4.131865
3.8221767
3.1680765
6.3345757
3.693867
1.237934
2.5890267
31.832092
5.6005
2.4135032
1.1069849
1.206549
2.2685058
2.6125326
4.331645
3.657545
1.4230925
10.027659
1.7191364
1.4658291
2.4539073
3.9032023
3.26738
1.7825656
3.4014835
3.4309618
0.9926629
3.073961
1.5856097
16.159595
19.694677
2.6324737
2.5777292
0.8467072
1.0039513
1.5341467
7.8259816
1.3219438
1.5903591
2.0882177
10.270859
4.32027
2.2511244
7.4464393
3.9575615
1.6496813
3.0245008
3.1184103
1.8502614
7.2866836
1.6049842
2.9137013
1.2017424
4.347349
3.4233215
2.0268047
1.7838454
8.112292
1.1636863
4.121926
2.115708
1.189051
2.010205
5.3811493
0.8230835
9.4108095
0.80912405
2.0377471
5.191159
3.4132254
1.0098338
3.5991433
0.33059746
5.373782
6.230009
2.8828695
1.268419
3.929763
2.6125064
0.34612745
6.229254
3.5028267
2.0683777
0.79210377
4.3859777
5.5036507
5.111869
1.8434328
10.593189
4.4258103
0.9325079
1.656717
1.819758
0.96670437
3.4091525
2.4745505
0.77579796
1.6278689
7.0074873
0.04272099
1.7646301
2.2132273
1.6918367
2.9721558
2.1361983
1.212447
1.7496052
2.724247
6.3324404
2.9120114
1.724228
8.619894
2.6910145
3.8298676
1.4099652
6.711768
1.9346471
1.7481433
4.9224153
4.125014
3.1837647
5.622283
4.9439073
2.854612
2.6510756
1.0346099
7.2342863
3.923265
0.7003286
9.511349
5.9763
1.693178
1.881164
3.0237162
1.5721661
5.2178707
3.3120034
5.5092196
1.638585
1.6458716
2.575951
2.8657987
1.9871434
2.092516
4.734104
3.1791975
2.42605
2.20307
1.5054849
4.9474134
4.2006755
7.3975463
2.2399335
1.2449033
4.5350146
1.0599235
1.7707613
1.8432916
2.974217
4.1511593
2.81557
5.764238
0.49474612
2.4765348
2.288126
2.6999605
0.775672
3.0276043
5.5103765
2.968497
3.8429644
1.1632015
4.390388
6.581413
2.3235085
8.133319
2.9852479
22.048872
1.598173
4.804638
3.4312484
1.7099799
1.6257018
3.6224723
4.497172
2.9515586
2.9237564
2.8147442
2.2800152
6.743337
3.576807
2.9253798
2.798328
3.9368677
1.5549244
1.4010841
2.6947887
23.777512
6.5406466
4.6274743
2.425692
3.7019439
2.0488725
3.2075326
9.673494
2.3419871
1.8484358
4.2002525
1.4424639
6.0928764
5.98316
1.2076744
2.1963797
3.1580613
1.6312765
8.632716
1.0071211
1.0544348
2.1365867
8.825112
5.119126
4.061678
5.1770577
4.3866544
5.635426
9.528034
1.304612
1.51291
2.129399
0.8093075
2.3047938
7.761488
0.9414637
1.3620269
3.4956238
2.7277117
2.6183152
2.035343
1.2954876
4.8838196
3.0820951
6.117988
11.396647
2.007509
1.2829618
2.0985835
4.1419
2.303275
6.192683
0.2739884
2.3038878
3.972649
6.714291
3.8405855
7.0717306
2.828142
3.993897
6.7631745
3.9847348
1.1815572
8.342941
3.7090046
2.450843
13.275977
5.439099
3.876386
2.4169972
2.1223638
1.4889058
5.9359965
1.0849586
2.413715
1.6801848
2.3427384
0.7190668
1.8161336
3.2029166
2.952756
0.81893104
3.432605
4.3138614
2.0579998
5.3180156
9.924206
2.3642151
4.2410755
1.8577338
2.710005
1.8631048
4.335475
4.2335343
1.3777702
1.4024314
4.411094
2.4029984
8.968809
10.444924
5.577282
2.2738512
1.403425
4.137673
2.6690147
2.0234685
7.260256
4.9574566
0.77279997
4.3775086
1.1665679
1.9649125
1.3668784
3.3336446
3.125179
6.0922318
3.066982
5.750564
7.157416
2.5171804
2.983788
2.6738513
4.3655005
6.8256793
0.7121213
6.719242
3.424745
0.80466974
3.8947518
12.3951645
2.001125
1.2242371
2.2911115
1.8844329
3.3675
2.7901351
4.1525173
4.2372823
4.035808
2.129413
4.7782845
2.6558273
12.390819
3.819136
22.141312
5.2004094
4.506031
8.300242
2.8623343
7.2207093
2.6099975
6.0155215
1.1563778
1.4971485
3.8968801
6.52213
1.1581942
3.1189466
1.4633598
1.4655435
2.3974793
2.3263302
2.5559995
3.2209413
5.0650916
3.383392
1.4847653
2.96388
4.0226836
6.369071
21.488388
3.794744
1.8357658
1.6724523
2.4675465
4.8659525
3.5453823
3.0922706
5.401735
10.680115
5.592796
1.9680529
4.138812
2.0827162
3.2153678
3.6625009
3.1022236
6.0468197
1.075142
3.73956
8.623125
6.1648965
2.2846224
1.8476607
3.5880299
5.037827
1.6266488
11.61703
16.63862
3.5264385
5.441751
2.3933415
4.9353924
2.2132213
3.6577036
6.8340297
3.8741117
1.0348313
0.6915266
2.8040428
0.48439896
1.4866996
2.135642
1.6213305
3.588621
10.092919
4.894318
1.4170446
1.025616
4.374216
0.6554614
0.9059653
1.2465221
1.9813132
4.6051354
6.434995
3.4553792
2.0533297
4.0469174
3.8464053
2.4513245
6.2811456
3.5344093
11.143933
0.9554819
1.8214471
1.6617358
3.7583058
3.3368733
2.7159266
2.944821
1.7173276
4.0627847
4.2183213
2.4360197
6.1253715
3.0792506
4.3949656
2.0996225
1.3649056
1.1765159
3.4520395
11.249474
1.0289876
6.520596
2.121766
14.887582
4.7158375
2.9521778
3.155303
2.1892505
2.3062375
0.359208
1.9631009
0.71801615
2.1942055
4.7402034
3.2861526
1.2081352
11.917815
3.578922
2.0337253
3.4088824
2.8372486
2.8364482
6.7099695
6.260546
3.2689476
6.940386
5.394704
1.6462238
1.3676285
2.9015229
4.15147
2.8045282
2.9779203
23.532541
7.241274
1.7720742
2.8891582
3.985107
2.4873252
2.8591888
1.8423707
3.8579552
9.183835
8.567054
1.8888441
4.259358
6.6505194
2.7542992
3.4316955
3.771029
1.380508
4.2392516
3.1829662
5.6330523
1.5112755
3.8393466
2.412546
10.301695
5.7534356
2.7088683
1.5721534
2.2929509
1.3315518
2.8597195
3.0911474
4.3595786
11.108996
2.927198
1.3229328
3.7337303
1.0182579
2.8767104
3.522799
6.252671
2.403985
3.8021197
2.8702722
2.23203
3.8916156
3.05205
1.0576532
3.193165
2.8437338
1.7909191
2.0581677
1.7870013
2.1067297
4.3817735
2.225801
8.886341
3.162853
1.8247771
3.0665002
1.5792735
3.3486207
4.7899456
4.5804954
2.6490157
5.0886436
1.0470715
1.6345474
2.014446
0.50143886
1.4807065
5.8300138
5.768179
4.13634
2.3394866
6.877817
1.6613452
2.26265
3.1830342
1.550949
1.70823
1.3200248
3.3471508
4.135531
5.940916
1.2995117
1.420594
2.4439836
4.7819357
5.3958745
3.7652316
1.1466882
1.2333486
4.665711
2.7778146
1.33669
1.7894645
3.142804
1.8741642
3.077872
2.726024
5.0835867
1.547777
3.0405998
1.2778468
11.874096
7.6738033
2.9109352
0.19688016
1.9119762
1.9077289
4.3921
2.0055616
3.608163
2.3710232
2.2704751
5.9286785
3.9061956
6.535164
4.0023346
2.203171
5.657114
2.8715565
1.9593413
7.282345
2.7910984
0.5917679
2.0152361
0.5796952
2.317195
1.6214554
2.1140203
2.6100261
0.8644385
1.5521461
1.0425439
3.6829643
5.0314794
4.1699963
1.1580716
3.2975166
1.858154
1.8951122
0.57907295
1.3251357
6.867986
4.63005
3.3362775
2.6217542
2.793831
3.6650467
1.3028477
4.178088
3.5481594
1.4096296
1.5690305
2.2932634
12.659545
3.8157618
1.3388008
2.6013174
2.7458506
4.67365
1.7860323
4.6958222
2.6495655
3.67177
2.0720305
0.7961004
3.1363678
2.5336273
5.266969
3.5340366
5.6142426
1.6532714
2.9606326
1.5521705
2.9650443
1.6591432
2.4261672
4.3130345
8.65069
2.0342233
14.558241
4.9431634
4.0564766
8.249269
4.9631495
3.1735
4.311896
9.464491
0.80015534
4.257565
3.8840625
2.121798
3.0415723
1.6112494
5.616518
2.3935225
2.2287211
3.5122142
1.1031326
3.3309002
2.5083313
1.5269196
6.7636137
2.4458442
0.51048356
6.3994327
13.215721
1.1812192
2.109564
4.0631194
4.374591
12.610378
5.355654
1.5662954
6.018646
1.270847
7.23114
0.7402531
1.3624079
6.7943726
1.6147418
1.6933361
1.0594196
5.1836295
0.47145116
2.8931165
2.8590524
3.3385987
7.2733593
8.652774
3.381539
4.196796
3.145761
1.5203301
4.1662
10.474695
5.334722
14.873359
7.6721888
1.4997361
6.7569036
5.7422876
1.8774009
1.859176
1.9422921
2.3240473
0.93270475
4.7449465
2.9834957
1.6168284
1.0283098
2.3885298
5.1501713
2.8151977
12.357511
6.2456822
2.223036
2.1916203
3.1938965
2.2062669
2.9763231
2.3621294
4.979278
2.6961071
1.2541423
2.3080142
2.0326457
1.5367714
3.2302415
2.6876123
6.49749
2.2466679
8.025528
3.86712
1.6536502
4.627009
3.3106508
4.0932665
3.4098072
3.7329664
1.0652057
3.1216068
5.081668
4.0802064
2.853345
1.6879113
5.151194
3.7654998
1.8404237
2.5033114
3.4803598
3.1078806
2.4372962
2.549735
1.6095604
2.860032
23.347462
12.336309
3.6961017
1.9234573
17.628256
2.5754623
7.4752216
2.2817023
2.704033
1.053759
1.3393421
2.6954901
3.1009054
6.4690256
5.8408217
7.442547
1.3025907
2.4526796
1.9349115
5.143838
4.2599797
1.9880913
1.4600979
3.905422
5.679848
6.6327252
1.7532817
1.5314265
6.142703
3.901962
2.8947308
2.4231288
2.6807785
4.6115727
3.4428022
4.559141
1.549209
3.6069136
0.37638167
3.5257733
8.505729
2.9165628
1.3198342
5.207404
1.7044057
2.312236
3.4797878
2.6047542
0.84589374
7.6692204
3.1907105
6.5990877
2.2931075
8.8361225
3.8002326
1.4093616
7.7395415
5.5506005
2.511823
3.4932425
4.4388623
0.51236093
1.5677623
3.177151
6.1038237
9.005434
5.898594
3.76156
2.1956162
0.6266164
3.1364262
1.8133512
4.6124253
4.304942
8.315739
5.9298177
3.3635573
1.0797012
4.5223064
3.195784
6.02891
6.458929
4.371794
2.3295105
3.1883953
2.1085443
0.23900208
2.119195
2.318599
2.1556418
2.0748932
2.889543
0.9852851
2.4724715
10.773258
2.7961383
2.3767674
5.2755566
3.0484068
2.9829402
6.0501137
2.2727373
3.0755954
1.602017
4.9618273
7.2607827
2.746963
1.8257233
1.6440959
3.0932252
2.8635056
5.2960424
5.3729606
2.2722378
5.8920994
0.5126493
2.7706375
0.54645723
5.916004
2.53009
4.438332
4.309869
2.7106314
3.0592155
4.842131
1.8299552
3.2751007
30.073524
2.887386
6.7571244
12.945307
5.5456142
0.784585
11.467274
3.7803454
1.3870196
4.7082577
8.673118
2.5731335
4.322244
2.183657
3.5845258
0.6533438
1.3252574
2.9542475
4.45645
3.2417238
2.3980215
6.1104546
4.366008
1.7210318
3.943676
1.8575708
1.8448621
2.5107424
0.6413846
2.1872203
2.0122352
0.28654626
4.5671473
2.2510066
4.1165223
3.4337583
7.8856373
3.8835208
5.777842
6.135392
3.427709
3.3224843
3.3259032
1.3280704
7.159824
2.1362565
2.8614836
3.3530524
0.37381053
2.2325883
1.6346589
4.2461386
3.3835435
6.6742516
1.3386017
0.93502015
4.6163917
5.5098853
0.79388666
0.90996516
1.5362403
2.6835525
2.834646
3.042307
2.939583
4.9977326
3.8715677
1.9999197
1.1680089
0.83939695
1.5345297
5.230753
1.0848302
4.5189486
5.229425
3.4175344
10.509372
3.0300913
2.035631
1.8912195
1.0926782
0.89075905
2.4752991
6.307403
4.7994437
3.9997187
3.859668
6.003426
5.18691
1.82614
8.131727
1.5748316
4.784154
4.9904547
1.9476664
1.4416934
4.1051784
9.582629
3.8351033
1.5101148
8.112489
0.9173604
5.5398254
2.7244825
0.40760162
4.752549
2.9881732
1.9046273
2.6318202
2.7002127
3.0614262
1.8491625
1.9202464
1.4193188
4.2641444
0.90167177
1.7152585
5.428449
19.066906
1.8021435
2.939559
13.607017
4.0666285
4.4930277
1.5040052
3.0427303
2.276211
61.190304
4.083369
15.8687525
1.0362465
2.3563764
3.5251672
4.830417
4.41416
4.3062887
3.8799312
1.5840188
1.685993
7.160683
3.8361628
1.4956803
1.5231292
0.7955488
4.5623403
4.163398
4.45788
4.06869
33.21583
1.6046236
8.502471
1.9229525
0.3868573
1.2365667
1.4333848
2.0792627
2.95116
3.2005193
1.8826811
2.6225564
3.0832672
0.8553955
2.8692033
3.5030622
5.0352607
0.16526087
2.6176002
4.6290255
5.133752
3.106221
11.36582
10.004693
1.5968733
1.9995713
3.9485111
3.512727
1.9088032
3.045665
1.1348668
1.5916882
3.3063073
3.360596
6.676408
6.015756
1.5111408
3.8969204
2.2282848
0.78996736
3.871647
4.4847407
2.7712889
2.065896
2.0755239
6.389646
4.3384867
3.821222
2.1592293
4.071353
2.806326
1.7661937
1.7909628
4.12775
1.0687404
3.8109884
5.5496535
1.5753441
2.147962
4.6216288
1.8239512
3.6693885
2.3533564
13.179774
8.956414
5.0878363
1.8145185
3.3614376
3.745867
5.347453
3.845273
7.677644
3.0251071
1.4344592
2.2020028
3.9895663
5.4947515
1.3921756
1.6913158
2.9411561
6.057747
3.749528
1.4730189
4.5685534
15.632017
2.5032547
1.8151853
1.5687696
4.0170817
1.2667131
2.0105195
2.3249922
2.9311912
9.463109
1.2534848
2.4608881
2.3744304
1.8112915
6.086031
4.5049677
1.9593754
2.6599565
1.3822594
7.175792
1.2178298
2.5975933
13.449765
4.7343726
5.923178
2.516082
3.5817077
1.5528296
6.668316
5.1958666
1.5560354
1.4546831
2.703005
1.504509
2.1215987
2.0594068
6.0154486
1.9836644
7.347593
13.487177
1.1820359
4.297118
3.757664
1.360914
0.94446003
5.72783
1.8129753
10.072542
9.203012
1.685654
1.3402922
2.1367924
6.2165213
1.3446674
1.988279
5.5043917
3.4519024
8.285187
4.8976936
2.9228399
9.175377
4.6876335
0.81303805
21.101023
2.0406852
3.0519643
2.679796
1.9620906
2.7603178
2.2507577
2.4898038
1.1227117
0.97899514
2.8114998
3.1110609
2.131051
3.8461845
6.0242667
3.3244646
2.9731574
4.247705
1.6966989
6.219962
5.605637
5.902768
2.9601543
5.8576264
9.508485
2.2734697
6.51874
2.3405435
2.1624432
3.0339236
4.42264
8.849138
6.036739
5.0187435
10.860015
3.7182608
0.6841064
3.3142009
0.5639311
3.3620148
1.1540871
2.9015577
0.49235463
2.3867989
1.8139912
0.6400541
1.827146
0.7238752
3.2498727
5.4989977
2.0297613
1.1081272
0.8297218
4.7000294
2.1469605
2.5933433
2.0344255
2.6081321
1.7527412
1.4076406
3.546644
2.8772624
3.1502893
2.5090885
5.0950093
5.4220576
3.4821875
0.6239862
0.63820726
9.338709
4.2086225
1.1825562
2.2955997
4.1911526
1.772723
4.961984
5.0205903
2.0773754
2.3909283
2.7915053
3.263422
0.91826826
1.6467441
3.6940763
2.4855573
3.1094697
1.9956397
5.5606546
0.5816185
4.2434297
1.4132802
6.0634475
2.4400268
3.3219743
5.768254
3.278394
9.372675
1.8778285
4.9472065
4.0008388
3.6277719
3.5339546
5.0826416
7.715536
1.9875736
4.396486
2.0706956
3.023699
3.1649466
0.84750265
7.6228127
4.35675
3.3566732
2.9761047
0.9086294
6.811862
3.505129
5.060526
4.00554
5.618554
2.8149462
3.2016008
0.85320026
3.4797647
3.8717954
2.1433864
3.6359468
2.4837716
0.7927649
5.8717885
2.8994884
4.576058
1.217258
2.1109498
5.002006
1.8570026
0.9953755
1.0470884
3.167489
7.9466615
7.3660846
5.05927
3.5106082
0.75961447
23.4312
4.377091
2.3257658
3.5295665
2.854081
4.5491004
4.1089187
1.853445
1.7528442
1.7375534
1.9937426
3.6664224
3.1922498
3.5556464
3.6421325
5.6113596
2.7903323
8.69826
1.6638384
2.0653367
5.755112
1.5069722
1.6327822
3.235086
2.6147785
4.1602807
1.1879749
9.356209
0.86720437
2.284043
1.273508
2.3827512
1.1157513
2.8592372
3.2111459
3.5906112
2.3744876
1.95624
1.5860093
5.479339
2.0761616
2.7810988
2.3849177
2.02122
1.2739916
0.9458783
1.2752837
4.3370905
8.528867
2.7284658
0.724477
2.695777
2.429729
3.512219
2.5102677
3.1052845
6.804392
3.8370044
2.2755835
2.1673107
3.1976283
3.9088118
14.128717
3.7715049
4.4888754
3.7973857
4.0162244
1.3812417
3.3567276
18.79928
1.8203481
6.15774
4.749268
2.9500058
5.027738
8.063307
2.0721295
3.768132
1.4620019
1.7825621
3.6255126
2.5078316
1.8261489
1.3720298
3.4526286
4.05155
5.1999516
2.307816
1.9119892
8.748532
6.763639
2.5953035
1.7693667
4.4615674
10.338875
5.778381
3.681348
3.2228355
1.9386957
3.4295545
1.0985044
1.5540042
4.144042
8.047978
1.1975231
6.0461187
3.0218222
7.5212874
2.5007863
4.6652136
5.1223655
1.3271315
2.6489806
2.7526786
2.535244
12.018595
3.6871836
11.538908
6.7455645
7.47973
10.521661
4.2898345
1.0012773
2.0361347
17.866535
4.0671916
4.6592546
9.097783
6.9468303
8.223513
6.470232
1.9084888
2.238138
1.0881516
6.586906
18.387436
2.8706336
5.664099
2.0619323
1.1875944
2.4611707
1.3632855
0.5071998
3.0839107
1.9503145
3.3512177
2.15204
9.898911
3.984144
0.63606924
2.1609833
11.758753
2.9744186
5.098077
1.7098929
2.0842905
4.479431
11.988124
5.207319
1.3107898
3.212713
4.5436416
2.02264
3.011765
1.3627609
4.2475004
8.394165
3.3660946
6.0192246
2.0121553
0.62391263
1.7612371
2.5446851
4.3470125
0.93976533
3.6225615
1.5689242
2.5332632
5.649058
2.3650286
2.0360637
4.9639444
1.1077725
5.105062
1.621132
9.352113
4.1886797
1.5046633
2.3342383
4.3049097
3.5684123
2.1839764
2.648059
1.1894019
10.127414
6.372695
4.688889
3.6454332
3.282901
6.752253
1.2613077
2.5482895
3.0608692
1.6538622
4.4364862
1.9739879
4.870377
2.230058
6.436291
9.065369
6.10637
2.1584337
2.9223266
5.4002514
1.4180893
1.580601
1.6605949
1.5569465
2.0038826
4.059602
2.1246183
3.0571494
2.384925
1.2547078
5.1777263
3.485114
1.264128
6.9893312
2.8842452
2.4898663
1.6095892
4.7720103
1.0347922
3.4820426
20.943851
2.1462495
3.6571338
8.234528
3.5753105
3.37916
3.1359334
3.3970613
3.8366961
3.6491084
2.8957424
21.09848
2.4564378
4.729602
3.7782366
10.243745
4.1691666
5.7857223
2.7270088
4.13316
2.9760647
2.0475848
1.75483
1.4171586
1.6186957
7.890288
3.803282
1.9350082
4.454256
7.8856034
5.432497
4.490675
4.537092
5.2724524
4.789521
4.0513697
1.9806143
2.7232385
2.8022587
5.4189687
4.84488
2.7780924
4.2706556
2.6194851
1.2696897
5.0575604
1.438357
2.9343314
4.934744
2.389188
2.8277366
3.1435142
1.6604965
10.202622
0.9244844
0.18467472
2.4523005
3.6890142
2.5352578
3.2399752
2.488936
5.17837
4.5588098
3.8250887
6.088789
3.0116568
3.9667015
2.9069927
3.9370327
6.0245247
8.354624
10.1164465
2.0291393
5.2291
1.8010534
4.308234
3.8943288
1.2063026
1.4628372
2.0123775
1.2772822
1.1428014
2.7287176
3.59345
1.4593327
1.4424567
0.80174077
2.4851356
1.9386188
0.9722253
5.584682
2.8975441
4.0040584
4.897801
4.493708
2.3221037
2.1486688
0.73018897
2.198151
0.40951297
4.926127
4.41222
7.187287
3.112088
2.7224917
3.6045027
4.471616
3.4254549
4.2046022
2.030372
5.956785
2.9660428
1.1779124
1.422449
0.5213989
3.9072871
2.731448
6.121576
3.6088276
4.8191423
3.770294
1.016282
3.3100798
7.008725
4.476447
2.6399403
1.0248691
1.7004559
1.6749963
9.620135
4.9435463
3.80872
7.6564484
2.584514
3.271872
3.186915
3.1859927
2.526228
3.5963433
2.3534503
13.10271
5.4211597
1.0820549
5.9243927
1.5319552
3.9631152
2.9936953
3.965883
3.3968234
0.99672633
0.9558827
2.2101655
5.294877
2.0237668
6.083826
2.7463334
3.025006
2.2370446
2.5209386
4.733487
2.8886347
2.102166
5.94374
4.6533675
1.310213
4.602369
3.7014802
3.644936
7.379959
2.0582185
5.1030836
4.9061103
3.2964919
2.3096457
2.0766068
0.6185441
0.37686485
3.5729227
1.1512606
1.816426
0.6469846
2.8743412
3.9607553
2.7969098
2.807263
1.7190228
2.5521357
4.447935
8.732972
16.125118
1.0401149
2.943339
1.8849183
1.2561234
2.2017596
4.4875712
3.016011
2.0996335
2.1955483
8.190035
2.158647
4.0850015
1.3905537
6.6640487
2.5405748
1.2970369
5.511239
4.414179
6.738876
1.2390851
2.315692
5.258523
3.0330868
8.242966
1.5788124
3.1404748
5.5729513
0.9521
1.6879945
2.6624327
3.132305
3.7303538
2.75761
2.743274
3.9300103
3.695332
2.3900287
1.4362118
8.078049
1.4324208
4.4736366
1.909259
1.8895392
5.344854
0.53170854
1.0845506
6.682853
3.296293
7.154993
4.148777
1.6285167
1.8703126
3.131946
2.689083
2.2614098
5.161728
5.6217594
6.431318
2.927499
4.4961343
4.287899
2.1971543
1.956718
1.4730897
4.344939
3.131268
4.404488
4.649929
1.8703089
2.5017416
6.725354
3.1862154
5.9968243
4.429352
2.831639
1.187845
5.404162
15.654455
2.398629
14.12639
2.535038
1.599214
4.964477
9.159628
3.050454
1.8116437
4.5483127
1.925948
2.2393692
60.464855
3.743915
1.227829
6.6653924
2.9056075
6.931893
2.6389718
3.6066165
3.3244317
1.1823399
1.9725935
5.139156
2.7057238
4.9684253
3.5812688
0.5532996
4.34529
0.9386833
13.620897
4.2849154
6.28574
5.392934
1.5915667
1.9867464
4.049736
4.4811997
2.2135828
2.7314136
4.727688
3.3016632
1.678308
1.1479524
14.153408
11.470932
3.5822384
2.2060657
2.6818528
4.1787457
3.1756058
12.167593
8.465191
1.5241203
3.2357028
1.4781922
1.8987291
3.7590475
2.5511181
2.8232515
7.8423047
2.805037
2.135884
6.6649218
4.426264
1.3085338
3.796209
0.90298903
5.6847296
6.0294156
0.3386674
3.7927096
2.658103
0.73091805
3.4944615
2.4574146
3.7495432
2.387683
2.1471207
3.3904095
5.392288
1.5954734
1.0814404
3.3084197
3.8257332
3.104181
4.5443463
7.7750177
1.4779087
1.6775489
5.8083982
2.3500586
11.702762
3.2765553
3.9634883
2.4913182
2.9044147
6.199965
1.067485
5.146981
12.173885
3.7011318
2.4518425
1.3779947
5.912458
4.51699
4.3291497
1.1882586
4.995432
1.20075
3.5995827
2.6741734
2.571475
6.054441
1.5821598
2.36135
4.0790133
4.978217
6.154664
9.079816
11.812507
3.4675357
2.0803003
3.0111308
24.765892
3.637379
5.350495
2.5600536
2.7215533
20.732063
1.2854753
3.609897
7.4237704
4.06532
1.2694236
2.33686
1.9303852
6.773152
1.3348819
2.5960724
2.1946576
1.7258847
3.6529167
5.0968018
7.502751
2.492469
2.3828251
4.187691
2.199922
0.9431306
1.5837059
6.9640317
11.1661215
0.46291506
3.269582
0.7545335
3.2498207
5.3342824
11.894685
0.79370266
3.3675823
2.038679
1.2797762
1.9383658
1.283815
1.9616995
2.509252
0.5093785
4.900526
1.0313095
3.2122664
1.3713303
4.3004947
1.6287432
4.138915
6.5637527
4.2433786
5.641319
6.1369624
2.4532704
3.2332625
4.657181
8.185174
11.925945
1.0971322
1.6778837
3.5150566
1.3802662
1.277971
0.84926987
3.6410012
3.9598374
1.2110027
1.7998669
2.4566896
7.3637257
2.1260324
2.1366594
1.8231719
1.3154627
2.598997
2.9873936
1.2844487
5.065337
2.4363346
4.1413374
10.263233
1.2123653
12.42351
0.72352
6.0134892
1.3896846
3.0503807
2.1019242
0.6187086
3.6582606
2.1587276
6.705904
1.2276467
3.9290776
4.980323
1.0262533
5.472588
0.83376205
4.9226017
2.6003728
0.39276046
16.602596
2.8638475
8.718412
3.8829951
1.5289793
0.394522
18.97558
0.45486096
1.4246018
1.4526898
5.0245805
5.5798035
2.4430854
1.7974914
2.4254522
2.3306036
3.0626142
15.172787
6.0734353
3.2916162
0.8937581
3.2859557
2.1751373
4.717165
4.8941956
5.4597673
5.9239564
3.008163
2.1120114
1.8541751
0.8703711
2.0595489
1.9355204
0.4159549
3.0535574
1.9798447
5.0156865
4.0554204
2.7265396
3.405122
3.939052
4.402601
3.4434266
27.361103
1.2507997
3.4554784
4.4886975
2.4151552
3.1014774
2.5270286
5.628885
2.697514
5.864234
2.838625
3.3386164
1.1992893
2.404101
2.4376342
9.452763
4.8457675
4.454551
3.0978055
1.6025783
5.205066
2.7413037
3.1251519
6.069315
19.68022
0.7373372
8.254308
4.175931
2.1488667
2.642571
2.9371245
3.0832682
2.1613834
6.0771894
1.6490734
0.45785153
6.5987496
3.0078294
0.9020001
2.2932408
3.4223502
1.3934399
1.8794309
1.1114902
1.4806048
3.6851518
4.4608736
1.6457084
7.232573
1.4550751
3.9723747
1.1272264
2.882626
4.4110417
0.39654154
2.2602265
0.7389563
9.407971
2.08574
1.0535479
1.0278107
0.6640332
7.765904
8.144164
2.7860467
3.0965047
8.0120125
7.1104727
1.469019
0.8818767
2.8660395
5.6414456
5.780483
8.065369
5.030645
3.9110503
17.757896
2.0397747
1.2865564
5.5340896
2.4963863
2.3863626
2.191889
2.4539957
8.08923
4.816381
9.92651
3.4420094
13.603289
5.326842
2.0136738
2.5802536
4.2037244
2.389709
2.9399226
3.8063846
3.2254505
1.2483176
1.8718984
0.3384493
2.1501398
0.74320656
2.7199855
3.8931415
0.6274396
3.51054
4.340361
5.455309
2.311296
2.003645
0.9800497
4.635051
1.7150841
4.0711184
1.1285896
4.4062653
6.4381294
1.5969594
3.1449964
7.914835
2.7723882
1.669725
11.195318
2.6509066
2.293094
1.9461395
0.5787493
5.200725
2.3297668
1.3333669
1.8227565
3.0246055
2.042451
0.43542153
2.668993
2.868764
2.998836
7.0691442
1.5901242
2.8363376
1.5161284
0.7844395
2.1385753
5.647178
1.5373926
1.9882311
8.991112
2.6517851
4.7164626
1.5220397
2.3241434
2.2659552
5.478019
7.2253766
8.259505
2.7475498
2.6992288
2.7148836
3.4333532
3.7666268
4.5442486
3.767652
2.1032684
2.4509969
12.209689
0.97175616
2.5643985
14.791144
5.350688
2.458817
1.2076665
3.7511694
3.5144768
6.335371
1.368601
6.933459
3.0139654
8.7699795
1.9308348
3.0570817
1.8127079
4.878588
1.9342375
4.2480607
5.240384
2.8820229
1.2511445
6.371778
9.599197
5.538427
3.6436453
3.7830617
1.7350614
2.3543646
10.61307
2.2521594
2.763675
0.78275114
3.772277
3.2753513
4.3640256
3.3478403
3.8164344
2.7095096
6.2332287
21.004557
2.253997
2.2576501
1.2346492
1.8402573
3.188917
3.7909365
0.9442528
2.8317008
1.0450039
1.9598007
3.4357905
0.6840204
2.3621464
1.2058781
0.14764127
2.2519844
5.9389443
2.6410015
3.548995
2.5729663
2.0453465
3.801368
2.9100158
6.1926546
2.6046004
3.1139767
1.0029217
2.1621296
3.8114195
1.1722363
4.952984
3.8379107
4.8556046
3.7815325
2.5104554
7.1148205
3.455075
3.40033
9.097533
1.3366405
1.8501103
3.365775
5.37006
6.6539016
12.074268
4.824539
3.9812884
2.1387973
2.0038855
6.5580225
7.325178
1.5470941
1.8037183
1.7519771
7.6871634
1.0954063
1.8982253
0.8121732
2.8403769
5.216072
1.8171189
1.9145414
1.164781
4.800175
1.8764403
1.251107
2.5964377
2.5090597
1.4373528
3.4774184
8.474942
2.283807
2.8260717
5.94105
3.0269344
0.61243
0.3627202
3.2039058
5.5058446
4.204307
1.1426826
1.5707752
12.255415
4.116628
2.2536077
3.6597257
1.1873765
2.5867047
5.116504
3.3745651
2.9173608
0.90986395
3.9417357
8.019185
3.4146254
3.4877806
2.0180082
2.7293503
12.446843
2.0551002
5.583202
1.2040683
1.4256636
0.9107234
1.9014846
4.994209
5.517383
3.3270786
0.8493248
2.3338294
2.4837067
1.6996101
0.518952
10.518065
2.0833704
5.175137
1.0536873
3.6860144
1.9934971
10.460491
11.343263
1.9180847
5.2679925
21.299004
1.4495968
0.9545313
2.492383
5.5255537
3.9961226
3.067596
0.24085888
1.3133556
1.8460258
2.7722807
3.8665295
1.4600296
3.336696
3.0668185
2.8977017
1.5609614
6.1681385
5.640141
4.3895693
4.2268286
2.1598058
4.0482755
6.1881814
4.0757074
3.0693722
4.52524
4.280091
2.5970235
2.442125
5.8230524
3.3843632
3.1169128
1.7717679
0.8730791
2.4174511
5.3028417
4.643743
1.1930027
2.8362029
4.7668324
51.833008
1.8277788
1.820004
3.430011
1.008708
2.4126284
4.5877986
2.8124382
2.4681294
1.8214557
5.3267546
2.7481892
2.6572468
2.836932
3.5497446
4.533267
4.3879967
6.007075
2.8868775
15.522145
4.034721
2.2489502
1.4156008
3.4229152
1.2743212
1.9747515
2.9737456
0.7080519
2.7147295
1.7413195
2.2981532
15.939269
6.1611924
1.0551926
9.296952
1.1542875
1.2530897
1.740107
4.997587
5.8746724
2.5725214
1.5078266
0.86618584
2.25973
1.6745081
4.919582
9.592699
3.4481626
0.5207417
4.589805
5.276512
4.9593024
21.992426
1.0230091
1.641545
1.2739935
2.751206
2.227024
1.9901434
2.6339154
2.6492817
2.75754
5.4362955
3.9844885
3.0754046
5.8193274
5.2239532
2.3138535
50.257774
7.9722114
4.3127337
7.689214
2.943414
2.672958
1.8635354
6.058025
1.312419
5.1551695
7.6645303
2.2036633
3.8330069
4.7928205
0.86073625
3.000311
4.668161
6.075203
2.0697155
2.1829188
4.7138386
0.42808938
5.3473053
1.0977068
3.053708
7.6383634
6.2708163
2.1771216
5.2906218
1.2134038
2.4462118
2.4415898
16.115606
3.364595
2.6303341
4.184903
2.0972111
1.8539094
4.8204055
1.5771791
3.2692797
3.706881
0.5945561
0.845064
20.50873
8.587545
4.386537
1.9666029
2.0295238
1.3744167
3.275047
6.094037
2.438715
2.091471
4.88357
7.4890933
1.6006622
2.4523435
0.7040101
1.128479
7.3482943
3.3087354
2.8910615
3.3621507
5.2067385
2.7348285
3.3869016
3.0763543
4.7984695
4.82747
2.0415442
1.6713731
5.998721
1.4006686
0.3247342
4.617103
3.3279543
0.6403957
0.85127664
0.71282893
1.893138
3.4383235
1.1006243
4.43156
3.92682
1.9747506
7.617852
5.5888844
2.4728723
4.1470375
3.9712632
1.9371085
4.633923
2.2854872
2.9591327
2.244292
1.4838268
1.6390623
4.8960776
3.6511235
3.4226198
2.2044196
10.652898
5.488201
0.8927452
1.9909666
21.457167
13.715784
2.2153208
2.93141
4.139871
6.8328476
7.416673
2.9060938
0.2630568
2.2391279
1.1100584
1.212714
3.8365095
5.9600244
14.935134
1.6419164
8.408077
4.1566606
2.273265
1.3929095
2.658815
2.7175076
3.7218976
4.7367826
1.1199708
7.880804
7.343515
2.524939
3.1970603
4.062596
1.4194357
1.4359959
3.6275988
51.31032
8.264851
62.366688
3.9722543
1.7398949
3.3142045
4.673319
4.801123
1.9321555
3.721942
1.6011287
8.89308
4.3772683
4.0171266
1.2329538
3.3652165
1.6247706
9.66893
0.8717056
1.5167551
19.661613
4.439494
2.2406347
3.4931655
1.3965242
2.9424217
9.382079
0.9457116
1.7772377
1.3482037
4.286031
3.7546387
10.981665
2.4095135
2.7642174
0.98706526
4.3187246
1.3907272
2.5362706
2.281262
1.6316828
4.0340767
2.68246
5.442454
3.1183798
0.88208586
6.7882385
11.3859
4.0880885
1.1447792
3.2666833
5.876913
6.415637
1.5623105
4.367302
1.3001735
3.2289715
1.6908238
2.2832477
2.400548
5.213167
3.482966
4.05043
1.3667682
5.1330233
3.0791147
15.46016
3.3625758
2.6564226
0.788372
7.908401
3.8528695
3.693991
2.727843
8.718723
3.5626051
6.1960335
2.2341304
3.4352095
1.8844534
2.1949315
6.4947867
5.0102143
6.322331
6.7935905
4.6156864
1.8412842
1.0809597
2.6516907
2.2071264
1.1098882
2.5068994
1.3828391
1.2715485
3.728231
5.5713277
4.295703
1.284095
2.871208
11.869417
3.463053
2.8706598
1.930764
4.2792053
1.0248401
3.2995007
1.8178625
2.0433185
5.4011674
3.0385423
5.2538214
6.696614
2.4619663
1.7011421
1.3692763
1.0428977
1.8895582
6.2877145
1.2486955
5.4528913
3.235576
1.7929723
2.3787925
1.6236862
1.4792185
6.748033
3.3994973
2.118943
5.3445845
4.1305294
6.786918
3.141697
2.2920585
2.6617234
2.8270795
1.5365858
3.813916
4.142178
2.3144548
2.3316576
2.6916847
2.685027
1.5704963
5.6364427
4.6509256
2.6753225
3.3697798
0.5654539
2.2759278
2.6437912
1.1849871
3.224765
2.3376842
3.387912
3.661303
1.1039855
1.6009256
2.0154786
0.60911214
1.5880389
3.8754663
2.0783076
3.0715003
4.7351213
24.357487
3.405836
3.746077
4.5956454
0.22592293
2.0626101
4.2693896
4.2967887
7.2254567
4.3347597
0.46773192
5.042128
5.548419
2.3933437
5.128625
3.3723843
0.75562555
1.5251834
3.2259731
3.861492
2.810356
3.9648306
6.6454287
0.9872067
2.1599302
3.4390657
5.1051807
3.8986154
4.795994
5.055924
1.4579912
5.0846806
3.2234857
5.2203684
2.1981628
0.9771733
4.748978
2.5730572
1.9991746
4.727117
1.5420827
1.7205163
1.042392
2.3299618
3.533391
1.3980756
2.9308114
4.281575
4.014668
4.265418
5.3358955
1.7825828
7.4372277
3.554672
2.8601825
1.3488915
1.6681944
0.5234266
1.7351855
0.9708373
3.593459
7.2120004
3.9932566
1.5172592
8.439694
5.5951333
4.659645
1.3283496
2.8142407
2.8959446
4.6620793
3.1377187
7.5623193
1.1829556
1.8760096
9.549308
1.5353295
1.2740047
8.834008
7.407243
9.604193
2.7795928
0.87463206
1.7795296
6.748632
1.6842948
3.8353732
6.276366
8.507956
2.495693
1.7598093
4.148361
2.489878
3.3285785
0.5631442
8.45044
3.4121683
3.538104
1.8486075
1.1114563
1.171053
2.384937
1.5884995
2.9459188
3.096688
2.348563
4.7545514
1.700906
8.561294
3.033447
0.73479813
4.6622086
1.7642399
4.202509
1.9240077
1.2112087
1.9700245
16.237183
4.101762
4.7975073
5.3297877
1.4771547
1.4536818
1.664397
2.4644759
1.1721671
1.3382194
3.129994
2.9199739
2.9311967
1.2527288
2.8339577
3.3092363
1.8516576
0.91232646
5.3579116
3.3393524
1.1176779
1.6333195
2.7929692
3.7374287
3.3922658
0.6368704
1.8980011
2.4976814
2.789411
1.7087617
0.3228018
2.9961786
1.7884198
8.453688
2.5548518
4.048819
0.40734062
3.3578362
4.041754
4.472969
2.6262176
7.80064
3.3630595
5.771854
9.867752
4.05451
1.2633935
1.3468418
4.8272305
1.6541657
3.3894894
1.6342391
3.2247007
4.296037
7.629032
5.897001
3.1114614
3.497196
2.3448076
4.4938817
4.3408394
1.8786414
1.6768277
0.7934084
9.073709
0.43982446
6.067642
3.006319
3.7133696
1.9049009
6.8249316
3.0962524
4.3697066
1.8488863
4.3424273
6.5631914
3.0192144
3.6378155
8.432682
6.2437544
4.4227605
2.9734569
3.1046937
7.9394503
7.376643
3.9217675
1.0330718
5.233135
6.17318
2.0821362
19.458027
5.942908
0.21179056
1.8427471
3.6524155
1.5052193
3.8026636
1.418454
1.380573
3.7337172
3.827427
2.7321565
4.0012913
2.8906448
6.7779083
3.5546112
4.2619333
1.623428
1.1102278
6.2852564
2.0589967
2.6608613
3.052484
2.7140393
9.2478075
5.087938
1.6847116
1.305532
2.310738
8.4076
1.6140783
7.08794
1.0314875
3.0505922
2.5043778
0.45499703
3.2179842
2.1202064
0.6536614
2.8987632
2.0695922
6.115847
1.21058
4.3087573
4.334029
2.0390615
1.2688026
2.959814
1.9465289
4.0871916
3.9449499
3.1373272
3.027698
2.0442908
6.521965
5.928106
6.217054
4.298272
2.2198453
6.9147406
2.2852364
1.2743973
4.8939714
6.9800134
6.2576685
1.4780297
3.191953
2.7940247
3.1649442
4.9818344
1.2726077
1.738904
3.446656
1.1289028
4.6880054
3.1179962
1.849743
4.8917584
2.7247381
2.9101188
2.1559906
4.9065843
3.673634
2.3042102
9.8875
6.977214
0.9306897
3.878801
4.5991983
4.476984
1.3835603
0.46667898
8.404371
1.494654
2.5607579
11.154114
3.3883486
2.5322344
4.1811266
1.8008164
2.326193
4.489351
6.700059
5.9241853
5.595862
3.925276
6.1076956
6.1344247
2.467223
3.7497125
2.6947448
4.8085713
4.124954
2.3334148
1.3024086
0.90218914
1.2872913
4.983933
2.5861056
3.3534524
7.100694
2.1770203
7.6229973
2.541975
1.513361
18.713213
1.7165527
5.230186
9.697268
1.2545937
3.846089
2.7657175
1.8065096
1.6668127
1.9957308
1.0901567
3.4344049
1.0080031
4.378844
2.2827954
2.571824
1.4959013
19.6483
4.5896435
3.8923998
6.6843576
7.2948027
1.0887396
1.6213576
2.9222538
3.8181002
3.6961884
3.727433
0.7559383
3.5724282
8.17563
3.046618
9.108462
4.8217177
3.5205817
1.4894954
2.1120381
0.79938364
4.495368
3.201061
2.1204615
1.9193333
6.10007
1.9231608
2.3044977
2.3976583
5.905554
6.732167
1.9127
2.525346
2.9034328
5.5943265
1.5347255
3.7408853
0.9575008
22.20845
3.8911011
2.0288963
2.8281622
2.2257564
3.2788565
1.9256722
3.9428499
2.0268776
0.50113606
1.3779296
2.164096
4.9122953
2.416701
1.9588007
1.6216879
2.9681816
8.258245
3.1892052
2.1656866
5.373112
4.821423
1.9050864
14.256911
4.1795506
2.3599296
5.3930764
7.053196
1.4376453
2.6368263
3.2222633
3.4857233
5.392575
4.8476033
6.429947
2.0825326
3.025285
2.174739
1.5158229
8.008251
6.281511
4.1946187
4.621841
2.1718228
2.5623798
2.371928
1.6854403
2.9166212
5.8752675
1.1093454
8.475723
0.65366346
2.4587512
1.7873157
4.09224
6.5512385
2.914349
0.30467284
1.8907577
5.1291084
1.9656508
4.2675905
0.89684945
2.3186858
5.2934623
1.0785612
4.247105
1.8563741
3.3172736
4.3280716
6.48164
1.1550777
1.8933566
0.45577052
21.57531
5.1576176
3.7606869
8.408861
4.6488843
6.23348
3.9151845
5.7982407
2.9359345
3.4202423
1.1326028
2.9666216
0.965379
6.1192446
6.396225
3.153893
3.8519251
1.6131935
4.78525
4.3301444
4.381036
3.7147343
5.501452
3.6888838
2.3941681
4.2456794
4.17642
2.6486804
4.4649444
5.0238066
3.0467396
5.267283
6.0245953
2.1036165
0.6949447
1.7563453
5.3425207
3.8304613
0.97343343
6.1040354
0.39050147
0.25340742
2.674054
2.6375525
4.9456797
0.7641802
2.1522033
0.21103044
3.5985584
0.31644332
7.7078342
3.8777614
3.3779836
0.15502782
3.3239343
1.4033285
4.991957
3.7691765
3.2723835
1.3058734
4.448279
94.918236
6.928648
15.333679
1.885202
3.4989438
3.9053192
4.861489
2.3393147
9.607458
4.81964
4.308239
2.3525913
5.297878
2.3800647
2.6465724
3.1795866
4.649403
6.4146543
4.6770363
3.5542934
7.4580355
6.242369
3.29491
1.8219836
1.8220608
2.6859798
15.560303
3.0516493
5.9663033
5.6575365
1.3796473
6.466338
1.6555421
10.342195
5.0338445
10.033701
12.567704
4.1971555
4.2116547
6.4279304
4.2575836
3.251627
1.6669296
1.3054746
19.899136
1.721485
1.7534953
22.982817
4.9863396
0.9597176
1.7981863
1.9492186
1.116236
2.9737892
3.3785396
3.2803583
3.5124536
1.6120378
3.025702
2.644664
2.9972618
0.6946688
7.074333
2.1661432
6.4434624
3.0678596
5.2318416
0.98022807
1.0504898
2.3516445
1.3972642
4.626622
4.1204295
1.6351033
1.7358458
3.4449167
1.1754491
0.8376605
2.5600982
2.4947424
1.9510007
1.8713187
6.1632457
5.329657
2.2684646
4.4411144
1.3538889
12.865515
10.043663
3.8874552
0.969943
5.488218
6.2652245
4.226183
2.0615487
3.0402696
0.9603994
8.411276
3.0507038
1.0847278
2.3410819
3.0574818
4.452244
11.362649
3.3998966
7.4684258
2.0344422
1.9371514
2.3768384
1.9968861
2.669351
4.2351823
3.7629762
0.8912515
2.0725029
2.689496
3.4820316
0.9752225
2.725009
1.7701292
5.4480066
4.5534377
2.2929494
1.3429877
0.69488996
3.2960863
2.0432477
4.5497026
0.9296209
1.7256953
1.3786067
2.0170557
4.0558243
5.1638265
3.1006298
2.227603
1.4550534
3.8470345
4.1573534
4.3154736
1.0804515
4.5004697
2.736355
3.5541875
4.184547
4.807524
1.5810561
3.7183874
5.3992267
1.9487249
1.0341724
2.8001752
2.3735921
1.5132258
2.220978
4.425208
6.902615
0.12496358
2.1830273
4.655188
5.4501243
1.3749706
4.843575
6.4561434
1.644124
1.7070252
6.5328164
15.432075
15.503637
1.4592079
8.189356
3.4140384
0.17172109
0.087520935
2.8777204
3.4497707
6.650453
2.7632542
4.2342744
0.98548347
2.0947537
0.9037794
4.1717386
1.1730026
1.2384504
3.1094084
2.3497987
1.887216
3.8564546
6.843308
9.4849825
6.059043
6.3246026
2.998376
3.145882
3.012482
2.642125
2.608421
5.713922
1.5883415
2.052129
5.408608
3.7129583
4.7922015
5.3094196
5.406078
5.5629153
3.8210943
7.8336015
9.159666
6.6260023
1.8842093
1.7928693
2.1200805
2.164249
2.907229
2.366515
3.923
5.284228
6.36321
6.6808033
5.673454
5.8586845
4.7548227
10.1067
1.4258816
2.608102
2.426407
1.1132452
2.0500288
3.5823631
3.3289392
4.474136
5.481115
8.224778
1.3592776
53.953663
2.4566596
4.342147
2.390458
4.9429154
0.9817274
7.05246
1.7085577
3.8200407
5.0319543
3.0224361
3.5156844
3.0018167
8.98274
2.6258879
2.7731507
6.0786757
5.835793
1.4766853
8.40487
4.7665324
4.0475492
4.9509673
2.6896632
2.6069071
3.4921412
2.0835025
0.9379488
2.3359113
5.5036073
3.0335503
4.649778
3.0991094
4.103013
1.720407
2.5742438
3.5973134
4.08388
6.126853
3.5336118
2.9930081
1.9981077
1.5841155
1.3932077
2.7332556
7.579866
10.691998
2.4661906
8.99725
2.6451967
0.89999723
2.5156121
2.5012379
5.7185106
1.7943876
5.4232187
0.9123871
2.4209945
3.8690908
2.157769
1.4465383
1.2744921
0.4872394
2.6922529
1.8819861
2.7260098
1.3806189
2.8950202
3.014744
5.029091
2.297101
3.9522023
5.258998
1.0176615
2.2134688
0.59356433
3.9684398
5.9386673
2.2581277
5.3997145
1.613175
1.6060058
6.6687603
2.9908297
3.076983
1.7701744
3.2672727
4.4298334
7.531971
3.9113774
3.560207
3.538013
4.5677767
3.4744594
5.8412123
1.3738456
2.6636336
1.7003605
1.2093221
6.4607964
3.9368484
2.4552245
5.1593914
2.8741393
9.6552
3.9105594
2.2421904
4.4707403
5.646991
2.1978621
5.551404
1.2068521
4.8092484
1.8750905
2.998329
29.56398
1.863545
2.1317608
1.4170069
2.9528036
5.1968307
1.7699339
5.2026577
1.527114
1.9782044
1.4395552
6.804328
0.99565387
3.2975683
2.434641
2.469541
4.097211
2.7621372
2.975713
0.5128061
2.171089
7.4058895
2.0091672
3.5916324
1.9775325
4.794682
16.007856
1.8641849
2.8077116
1.5633461
1.6433214
2.4413888
1.6271822
4.872186
4.8208685
1.181582
3.7363157
1.5213784
4.5390215
1.6950452
3.399495
2.069811
2.0904768
1.3860806
7.282347
7.879003
1.6150436
2.6293895
5.354496
2.6587353
1.08431
4.693403
2.4065545
1.1111534
1.7722999
2.381771
6.659148
2.346909
4.0221553
1.070067
2.1971703
16.488884
8.045684
1.9749401
2.0642798
3.9820173
9.877985
3.1266773
0.26241252
12.1096115
8.06562
2.541117
1.9286258
1.9966812
6.2843585
5.520859
5.0841346
5.047122
2.7323084
4.6495233
4.681735
3.1193423
4.114589
5.365804
6.899283
1.3824506
2.7154877
2.4113944
5.3251166
0.28929907
2.411279
15.025741
1.7741654
4.4790936
2.5552242
8.956232
3.467033
12.674789
3.7029374
3.027647
0.53873056
4.2908106
3.8989387
3.448847
16.456715
5.183471
1.9829317
4.325353
2.1368747
5.750285
2.0230215
2.4234214
20.939026
8.054109
2.2847133
0.40410838
1.3038553
1.9590635
5.518357
1.7529169
4.7723956
2.1199157
2.3031366
3.144786
1.9101145
4.0135927
4.4748263
3.2398162
6.2122636
4.2037125
1.1690516
5.096245
6.7352104
1.9620894
2.1319578
4.086489
4.2511587
19.41676
7.3413005
1.778581
2.8146298
28.73143
3.1051662
0.8449692
2.767897
2.2933114
3.6479282
3.47377
2.7191741
2.1102073
1.0105407
4.636444
3.297045
4.926712
2.864909
1.3572215
1.2683781
1.861974
1.8804195
8.093491
2.1657574
1.9932349
3.5857842
3.361732
5.5261755
1.8301716
1.7331141
1.61014
1.4564884
2.0306256
4.0331607
10.298551
0.3619288
3.8326366
5.920469
3.2851357
5.041016
4.9079614
1.8989544
10.347289
1.8755807
4.2555456
2.5540397
10.500834
3.400613
2.161775
3.135837
3.8298054
1.6870359
5.447039
1.3934813
1.7163614
5.014941
2.0218873
2.9103703
0.74474525
5.120127
6.018537
3.331511
0.5111021
1.4284595
3.30741
7.595015
3.5322983
4.0415387
1.8428122
2.5362298
2.0424142
6.4957166
3.9350104
0.9777228
1.2074428
1.3134651
10.677273
2.1374521
2.1413462
4.9265375
5.346654
2.5335522
16.275942
1.0925057
2.9581184
5.512001
4.466922
3.3102825
3.8594668
2.3533232
4.858812
0.73833966
8.720656
1.193881
4.767978
3.9506705
1.8944057
4.115407
2.9766834
2.2441823
2.9265463
0.34629905
5.739623
4.514319
1.435558
1.3369068
5.6697974
3.6545143
1.5686153
3.3005672
4.3600206
3.2295156
6.3783216
1.4030732
1.7675225
11.969668
4.4239717
3.9954624
2.86388
3.53289
4.2870073
3.7355726
5.137528
2.3706934
4.2743897
4.9235544
4.327616
3.4827483
8.439581
5.397666
1.2358484
1.4911431
3.4129887
3.8176825
4.4061604
2.7944567
5.4508467
5.4755416
4.3272676
3.8572674
4.3543925
1.7400475
2.431211
1.3889846
2.580108
1.5420479
2.0447252
4.1048374
1.9079885
1.9136645
16.809296
8.801306
3.7416072
4.7369013
0.8997913
4.4589434
2.8968077
8.022306
2.750985
1.3615952
3.1759627
4.9461493
4.230946
7.126807
3.0420804
3.61081
3.1310565
20.733454
2.559613
4.636258
2.735477
2.8377132
4.8475304
2.6095428
8.195383
0.9252721
2.6762395
0.73220104
4.7507186
10.566395
4.502179
3.1439304
4.3656764
4.032589
2.6429439
2.9869769
7.853876
2.7279124
1.7980995
5.1499667
4.16762
1.9197718
18.402994
5.1616716
1.4975041
6.4718194
6.905579
3.3216465
4.504417
1.8358462
1.8266813
4.1641946
0.73227006
3.3574831
4.6422634
1.0189137
2.706364
1.8440089
4.3677783
4.565053
3.4226487
6.7392807
4.810257
0.16296643
1.3647655
0.3535846
1.0747652
0.2777255
1.8384125
3.308183
0.37554523
6.13882
4.387535
3.3844118
11.137235
0.817736
1.9692942
0.7289215
2.8088682
7.905639
3.1206431
5.244335
2.9928753
3.4255621
5.527339
1.8579065
2.9908965
2.6345727
1.1999403
7.441807
1.1079209
2.483943
1.8283261
2.0434556
3.7660768
3.5487003
1.9473158
2.005529
2.2903795
0.83396
1.8248467
1.9666165
3.443831
1.094049
1.577351
1.5015274
2.1309073
4.6140795
4.278723
8.799768
1.9305931
7.28257
11.723464
1.9310349
1.7208542
6.2109423
4.17987
3.3100986
17.576714
2.2365527
3.4882789
5.4343805
1.0132698
5.914739
6.305139
18.195585
2.3488138
10.917343
2.6866276
2.560656
13.573443
4.84618
2.514645
4.056791
2.8872547
2.2523246
1.4199396
3.768099
13.151124
3.1808243
1.4894384
1.7337537
2.5013762
2.2805789
3.4418156
3.1077337
1.8181756
1.4460958
1.9122714
4.5111294
2.982355
5.5096555
1.0434804
3.145284
5.364865
1.7429507
4.161492
2.6114779
16.033764
2.050289
6.93709
2.9546726
1.7294495
2.163661
14.808759
3.4755828
1.1748662
2.966541
3.1668298
1.4020264
1.2548378
0.60296774
2.107382
1.8227425
5.4443564
2.7347045
11.183832
12.405496
9.191588
3.284866
2.8042958
3.2471495
3.0765436
0.9687074
3.631266
4.5818543
3.5333307
0.27681103
4.4912434
1.7534989
1.9652525
8.389709
3.0558789
1.1668619
5.7018175
38.655544
3.2525282
2.5874696
1.5888802
3.4269264
3.7011192
3.7121978
0.8094385
0.9306934
2.003956
1.1905285
3.7315018
7.638408
6.155943
1.5620347
4.292157
4.52795
4.2036395
2.8279836
0.4101305
12.932131
1.0451198
1.5042075
0.5925973
1.598307
4.505126
8.624873
2.2640128
1.4177495
10.27172
2.879114
7.09256
3.8156686
1.9506181
1.2507149
1.5246085
4.091731
2.1773992
1.1969683
5.5486565
7.556156
1.6230127
3.0306115
3.4089322
3.0332377
4.66517
3.6620207
1.1498973
4.846918
2.8487496
2.9751568
2.7959197
1.5555633
9.659476
2.3665366
2.831815
4.3419976
4.2406955
3.4395483
1.8529727
6.3258543
2.793969
2.8915448
1.5474563
4.221335
4.030874
2.9135342
6.979557
4.60645
2.5311382
2.349165
4.2411604
2.0551429
2.6020725
3.9446244
3.1681826
11.103518
10.539029
1.7793521
0.6007949
1.9152714
2.9990876
0.5950739
2.9207327
1.1919616
1.072561
3.9191477
10.878621
2.4108768
3.6999447
4.0460553
2.0906105
8.647057
2.5082393
3.845274
2.2919161
0.8202479
5.0507956
9.292543
1.9264164
0.918208
2.4103987
1.6163034
5.8048224
1.8765949
4.529136
4.654252
6.9505177
3.4944136
0.6192836
3.8654459
3.1842773
11.017784
3.649801
2.529519
1.436285
4.4978433
5.2566905
5.6633296
4.8491263
1.2566241
2.17714
1.5004586
1.8387345
2.3728
1.719056
4.0498686
1.9735891
6.126483
2.3824928
2.4570448
0.47299713
2.2502232
0.667657
2.713818
3.129881
4.063856
3.8526738
1.8448786
5.8594637
5.82776
2.8864048
4.249256
3.7373588
10.584748
4.641142
6.5002966
0.89083326
3.404308
1.6737084
5.887286
3.7044337
0.6721536
2.920046
6.0932446
1.623023
5.4465804
3.038011
6.760868
2.3416436
7.311667
1.6208502
2.2095234
2.3239698
1.3779786
2.4204075
1.0032619
7.0081325
0.3743984
3.582623
3.6858764
3.5384345
2.4907162
7.1881514
2.7850506
8.301074
1.8154552
4.282515
2.3786023
1.8035538
4.1509023
4.7821846
4.4407215
2.49363
6.15649
4.657887
6.675935
9.247809
2.0547943
2.9096437
3.1735215
2.3683543
2.0673516
4.283256
1.6441516
2.4421644
5.1791334
1.7152152
1.5530283
1.3014189
1.8828771
2.4388084
1.9679009
8.84778
3.921329
4.1396565
2.4272673
2.3825252
2.9689174
2.784212
1.5734748
1.9699078
1.8294444
4.1515384
1.512989
4.6715307
3.2833889
6.528667
1.616496
1.3675665
2.0822084
7.2136016
0.4918229
0.9944906
2.3693674
1.9996732
6.175087
4.429162
1.8581017
3.842499
2.0581415
2.1028616
6.224293
1.4842874
2.6295707
6.357234
3.5524225
1.931401
10.517597
6.391702
0.71702075
4.3369746
3.0435727
4.7412944
2.9266233
2.475663
3.9098036
2.890433
10.828598
7.5043993
1.3908327
8.050389
2.3530655
0.49950162
4.5444856
3.473137
1.3385597
9.750128
3.0427663
4.450895
7.246332
5.0665
4.091979
7.2239113
1.9270111
3.629032
2.1038227
5.3852124
1.8057933
2.4184039
3.5631661
2.3683627
3.1032076
6.590137
3.1959305
2.6300585
1.3623321
4.0427866
11.823542
2.9116454
4.0575953
3.4272013
5.612742
2.5543368
2.186447
2.0166075
4.6786966
3.1639178
7.8530793
1.3576918
10.919137
1.7323146
1.8876455
3.864306
5.4310923
1.3323205
2.760462
2.8796668
1.7647828
2.397273
2.1153936
1.9109209
1.4433452
4.31795
3.9061432
9.403643
0.670417
2.8203156
3.6616466
1.5388381
10.438365
3.7281108
2.1368377
1.3520508
9.861125
1.0865499
2.7522402
3.8545
2.9226048
1.5680242
3.5336556
3.0181859
3.7493267
14.618307
12.358899
5.206986
4.92466
3.6103966
6.823118
1.8477008
8.360721
3.551142
2.1894872
1.9376994
2.1160495
5.1759405
2.7247765
5.879163
11.367807
2.7743022
5.876924
6.886935
2.439764
6.523034
2.311885
1.7510903
3.7754343
3.511618
2.3821716
1.8225182
5.805721
18.806751
2.091993
2.6399848
50.063446
3.7303417
1.580844
2.6527746
5.727227
3.8250809
1.562519
7.4232535
9.1396885
1.8812615
5.3756638
3.3738751
3.11626
4.84765
1.6689373
5.6771016
3.4809444
3.3977425
36.347782
1.9920512
9.489479
5.936572
6.357496
0.93581057
3.1540415
2.5131447
18.927818
3.4110775
2.3118467
1.6913867
5.6142006
1.4516785
2.5006535
2.0283065
0.2770882
42.616398
0.47587857
5.9767013
3.6616945
4.5650625
4.3774023
1.6752734
1.6992431
4.4504356
3.2756023
6.7373934
2.3422682
1.1713611
1.7944851
3.745972
3.1164072
2.412289
2.3983138
3.7116125
0.9891849
1.1595974
3.4517353
2.9782166
5.9023414
6.9741144
5.417428
4.8045936
6.375578
10.816872
0.93671536
0.7477365
2.2402515
5.958767
2.5123005
3.8886619
4.4287443
2.519542
7.11991
1.4169539
6.418212
1.4276016
6.234638
1.7146136
0.69441324
5.3745956
1.3791519
5.950835
5.256257
1.6625434
3.4793894
3.3052163
1.4269981
4.241536
4.4318576
1.7252344
1.2491546
3.7507129
2.8231804
1.2715726
2.2240155
1.7952117
4.849259
3.8203478
3.1231558
1.4215049
0.9192381
3.0314264
2.655705
0.20404635
0.86800563
2.2093797
6.1338887
2.9298534
2.7449918
2.955594
3.495479
2.7074196
7.379766
4.541377
0.9782565
24.846516
0.5568945
4.4513073
3.0793736
3.0508873
2.4997158
1.3428386
6.0563993
2.8470294
2.2850564
1.4050969
2.9532585
2.9602232
3.431566
0.84153306
4.271837
3.5577765
4.526957
4.6245565
2.3165739
2.0025425
0.9570018
1.0240027
3.2233875
4.0189056
2.898132
3.2061937
2.0603209
0.92246115
3.8902862
1.4727235
1.0155166
3.6340938
2.4026356
2.1310384
3.678022
3.239943
3.683541
6.4290457
1.4078296
0.7390464
2.7399316
2.147168
3.6962423
3.8727958
1.5208893
3.6642983
3.7361584
1.8390303
2.3373427
2.902186
3.590129
1.747607
5.8744855
5.7223773
3.3241358
2.6127605
1.518994
4.5853057
1.6730212
3.3376029
3.4191716
2.311712
5.5246234
4.8459473
1.4508353
2.7688508
1.6678745
8.494907
2.7750936
2.1355734
6.185642
2.4062529
1.8771952
3.371462
1.4931059
2.040055
2.9477615
5.229645
1.7140542
1.1916256
7.782557
0.8073851
6.772717
0.5128639
2.5104506
15.456517
1.2028311
2.7258694
3.683973
1.3548372
2.149339
6.055043
2.309357
1.035785
2.1149156
2.7687795
1.3216429
2.422753
5.1752944
3.098542
2.7645485
2.690155
0.5397176
5.0779614
5.055405
4.0709567
2.047486
3.111575
1.5936446
2.1715803
1.7615199
4.0763965
2.4942765
2.987131
5.9377418
7.033343
3.8774433
1.0245023
4.3268514
4.5266848
3.4854267
1.4846733
5.416784
2.4370966
5.275665
2.100833
1.7000934
0.9895211
3.3219655
2.814535
3.4081469
3.1353707
1.5977834
4.0232854
1.2245213
3.7226899
3.2687006
3.4101405
1.4390982
3.4531431
2.037954
7.298274
1.6918398
5.1336627
1.2839669
5.133077
6.020049
3.981944
1.7696141
3.231466
5.848259
5.634657
3.0857122
2.7831888
5.473052
5.2990603
2.0942593
2.655002
1.6481317
4.870848
7.4833484
6.962103
2.870964
3.9645116
1.1369804
3.931992
3.3814185
3.599426
1.8729388
0.7939048
8.341065
3.9950604
1.7935412
1.1177471
2.1360042
2.4358099
2.366719
2.34214
0.82497454
0.7041319
4.4220233
2.1453483
2.1706753
1.3522106
1.8360636
2.7587564
6.1975913
1.6526359
5.801537
1.1438224
1.9802183
4.2405205
1.4575717
3.8933685
2.4356399
2.8396204
5.783949
4.7535987
3.4396682
2.8637187
2.9397073
3.7834146
4.522482
4.155491
2.2446704
0.91593415
2.3411279
2.7272327
9.979459
9.220916
6.576642
5.3206773
3.9993098
3.2454426
1.5987355
4.2259216
4.33928
2.6291585
3.3186228
0.1645008
4.2407093
6.682052
0.3838227
4.859288
2.3525686
3.2971225
2.5854127
2.1647053
4.0248294
2.6175025
3.6231096
9.565707
1.4738663
4.4360785
1.2288538
1.3582467
2.195986
1.444954
2.4809327
2.0711188
1.4837967
1.3769363
16.473045
4.303845
2.9879384
5.058761
1.1803946
1.8940568
3.3282692
3.6572425
3.663408
5.6188335
3.6954176
3.3153715
0.35310388
2.3517134
3.450026
2.3511925
3.1014822
7.389717
2.1789286
2.9316623
2.690644
10.853662
3.650197
1.4369508
2.3739324
1.7371845
2.2776392
2.1887646
5.583082
0.91676617
1.455157
1.6580316
4.24189
1.9562571
2.5524113
2.6938984
91.14502
2.821089
2.75336
2.9923987
4.454652
5.770938
3.577375
4.444541
6.869702
1.5834485
1.9847885
1.8836604
7.2560887
4.24411
4.6249213
1.5543944
5.652688
1.9862338
1.0223651
7.318192
6.125085
6.0362396
2.8410802
3.2421596
2.270302
2.0123494
3.3569174
5.0296025
3.1700513
3.556547
1.8530784
10.283153
3.4121974
3.9167945
2.3367112
0.45646018
8.357304
9.614136
6.260597
5.6369915
3.9108355
4.3976126
5.403111
1.902785
2.3765361
1.7592651
9.082673
4.085474
0.4087507
1.9742014
4.8192773
3.7210858
1.5231235
0.2094838
1.7576053
0.8320667
6.2389565
1.8134773
0.5694305
1.8322939
2.649795
2.8678114
3.7931097
1.4685078
1.632409
3.6057823
3.0086925
1.7416118
1.7778778
6.6773467
0.8891484
1.1209098
4.443701
1.0408887
1.1291502
1.9312664
2.1810398
0.4853134
8.26011
2.5975964
4.267307
6.45059
0.44797266
1.0026848
2.5653265
5.0850496
2.5032833
0.8707697
10.306463
1.4861579
3.9432623
5.3059006
3.2861125
1.0722734
6.444975
4.3062696
1.8040295
1.0253347
1.9261725
1.2725645
20.391048
0.7370759
4.7125344
1.1985542
2.944831
3.3941402
5.059035
2.6786807
3.8786473
4.1246724
4.513674
0.5756838
2.1349194
10.843623
5.716732
1.5563105
2.392881
0.47632432
3.082395
3.0522892
3.7566001
5.8023453
5.3387337
7.636984
3.3553352
2.3951616
7.239965
4.888716
8.162429
3.3822258
4.59269
5.746536
12.712323
6.1788893
2.450739
4.832449
3.0753655
1.446306
0.564111
1.809781
2.0484288
8.662231
6.9768853
4.353736
2.360465
7.709804
3.4606094
2.788111
3.8564878
5.3521814
4.735936
3.4374564
3.0193458
5.8631124
0.7403314
3.9839392
2.341027
5.116817
3.2375038
4.001979
2.7109919
3.1084902
23.852903
5.5629435
7.849351
1.5744822
1.9510871
1.691592
2.915667
0.66334945
5.175119
1.6667743
2.7835367
4.8091702
4.8209367
0.41615254
3.5710957
17.16463
6.282293
4.424172
0.7540027
2.93696
4.2691164
2.4789152
0.6656217
3.1162593
18.768679
2.4143426
0.42861903
3.9298582
12.107666
4.344657
10.401056
6.2680244
0.49573806
1.5119749
2.491744
3.1095822
5.1825957
5.912049
4.8643303
2.6349616
3.4355972
2.3236735
3.3168921
4.6309476
2.4598901
3.6417694
1.4286073
0.29736182
2.935215
5.144714
1.1181889
2.5502892
0.9474125
0.49472538
1.067385
3.219259
3.7578223
2.2759702
7.450455
3.702858
7.773852
2.5882974
4.5600605
2.99142
6.448334
7.3179502
1.8455867
2.1347876
3.8113918
4.999086
3.2777839
5.5364137
1.5292772
4.8068185
1.7310944
5.1888876
4.0083
3.380308
1.1721987
6.4184804
6.389864
4.6876206
1.956268
0.5062477
2.6084428
3.0891826
3.2260108
4.181964
3.9588625
4.483275
2.6139019
2.1609628
3.860725
6.507783
2.43769
3.7216895
4.3764644
1.3590791
4.804707
2.435109
1.9660455
2.9167733
10.284046
2.45106
2.2805924
3.5588565
3.3803344
3.1894503
3.9599755
4.0179753
6.722567
1.0802641
1.9155679
3.3576343
6.6436844
0.9302232
3.5379753
1.9989893
7.057836
2.1108532
2.8292282
4.438481
14.686382
5.1494703
0.7634564
6.4202156
1.5967727
3.347141
20.470665
2.1269333
1.1057041
2.203672
2.4446766
1.6563078
3.884932
5.0047593
3.4439316
0.32581672
2.3236086
6.276783
3.1935978
1.385756
2.8041365
1.5238299
1.3975581
4.938553
3.9221644
2.1083586
3.0803099
2.1773899
0.61508775
5.090239
5.576951
1.8638384
2.203935
3.4430215
8.873865
3.4537206
2.069628
2.009566
2.564789
6.812808
4.2068415
3.0310836
3.3881097
3.8383262
9.5514145
1.1902792
1.2255298
2.8177595
1.2836373
1.5893351
4.6711984
2.6668553
9.287476
3.7236218
4.867356
1.1441805
2.4799643
6.095944
2.279257
0.36068544
4.096497
2.8023763
3.7795322
1.3490342
9.651556
1.7611626
0.43622428
2.4023142
12.199234
2.7631905
3.7723215
3.9294384
0.93318653
3.570269
6.619864
1.309618
3.3694806
2.8023987
3.061278
3.1440248
3.0294037
13.715837
9.841767
0.59114635
7.846085
2.6646423
4.7697945
2.5223033
4.731761
1.0604771
0.8497623
4.568292
3.9576867
2.1016169
5.3237023
1.937242
2.6182716
2.6141422
1.8190826
2.6649156
1.1092424
7.1377892
2.3304756
3.6290498
0.20897613
5.311158
0.29999572
2.5920238
3.726074
4.667226
4.3198094
1.5531061
0.28580323
7.776222
1.2417612
6.247582
0.5638422
6.505378
0.85369
3.5904617
2.0004265
0.85083497
1.8160589
0.31641522
42.766376
2.6617677
3.6309233
5.0118694
6.5018663
9.22692
0.85892105
7.3380785
8.3011875
5.5079904
4.991636
3.2109032
2.690249
2.311391
9.6213875
1.459527
2.9879143
2.1931872
1.2843087
3.0316186
2.710974
5.740156
1.0675462
1.0697469
2.4023917
3.0212831
4.4970613
3.2289534
4.4788074
2.3264215
5.3901353
4.305153
12.661718
6.972102
4.945059
2.1704159
2.8729122
1.7648584
4.376396
4.37855
3.144672
2.941883
5.7149553
1.5001805
2.043856
0.7975415
5.3646107
1.7344159
3.7516124
1.7767222
9.30226
0.8738031
3.3109505
2.124369
2.5595827
1.066793
3.0417612
3.8522952
9.255847
1.4423878
3.0847855
4.380089
2.993402
3.7914605
5.942855
0.51204973
1.7566596
2.1718562
3.6561856
0.44762433
4.0703697
0.93568915
3.3149908
1.3169281
4.794441
1.974696
8.46529
2.620791
0.376034
9.109898
2.1133697
6.50403
1.8533767
2.9176276
1.696869
4.0075693
0.30280313
2.362288
2.0964136
3.6242082
2.8630264
3.1880271
2.2546084
4.1437497
1.3139336
7.5735893
2.3626232
7.8826313
5.098559
5.4741864
2.8932052
2.6373847
1.6976867
1.1808035
1.4045492
5.0419927
4.7241135
3.0441027
8.842338
2.758096
2.7535598
5.6312313
2.792517
0.6585912
3.1415567
2.273793
1.6596016
1.7265849
5.63099
4.1148634
0.8176962
1.7260096
1.8094218
0.69414854
2.266733
0.45154846
2.663909
1.3652045
2.9283001
6.8647847
0.8679226
2.075966
3.1791208
2.808235
2.67591
2.576581
1.3170666
2.2352617
3.778872
4.247967
1.5546906
1.5381093
6.3104577
14.221605
1.6137675
7.1444306
1.613232
2.9865725
1.3693296
1.4082116
1.4323155
4.7529063
1.8179532
3.4253383
1.3802317
1.2583419
7.6282854
3.4659429
2.426595
5.9688206
2.9033935
2.062274
1.0951532
2.8330505
4.1057277
3.3775876
2.875028
3.219881
3.3819451
5.369065
3.4383233
1.2963345
3.572784
3.8084412
2.1913347
1.3191919
2.3534439
5.019814
6.204335
2.80049
3.7522295
3.8313782
1.0790876
1.6270559
5.6768594
8.417919
1.6744972
6.0392723
4.046877
2.4463153
0.8461857
2.2331722
1.8942817
6.2089553
3.5083857
1.975201
1.9343467
0.6807911
26.076248
7.3783994
2.4904807
1.9417388
3.4419677
3.484943
3.1083488
2.7569604
2.8974226
6.323852
0.23261459
3.4863398
3.7410622
1.731708
9.783529
3.1578546
0.9892692
4.7385464
3.0971937
1.7469782
4.0478764
2.2576866
7.143376
0.83224654
3.9630191
1.147661
1.9405903
6.615678
5.0283117
2.3402438
5.1602182
2.2800846
4.261983
2.143673
1.0834955
4.462194
1.7536702
2.1810112
7.288551
0.5932802
1.2561637
4.110841
0.87868434
1.687931
2.6701033
4.2869596
6.9661317
2.9164631
4.7190146
2.9745367
1.5995264
1.5868044
4.630382
4.5198035
2.8142262
2.6440773
2.5273254
2.5411878
3.214979
3.9259007
2.5500278
5.2190533
2.853762
15.49553
2.8966029
3.9921582
3.7299895
2.930115
6.956004
3.213818
3.796054
5.214835
1.8548279
3.4488533
4.0541296
2.7641788
2.0422523
3.830805
1.9571469
2.9996455
1.8764914
1.084472
4.148674
1.2684511
0.7415191
1.8407351
6.632493
7.7404094
2.75016
4.943037
3.1893795
3.3258085
1.0968701
5.4665265
1.6309955
6.662177
8.550223
2.828731
2.222882
2.9642556
2.907868
5.417041
1.4371822
6.4135714
4.987637
1.6108872
4.1284466
10.507774
5.285878
3.861994
1.8826517
4.925763
10.123678
2.4140892
6.4486547
1.1159248
5.5696425
5.094936
2.187566
1.2003385
3.0857062
2.4047394
6.175551
6.098243
1.3370703
2.899102
2.839167
5.9435835
4.6384044
2.858841
2.2516587
5.53158
2.0349557
3.0125585
2.3695428
5.391776
7.449083
14.885061
2.947688
5.758481
2.6785567
1.6187073
10.126063
5.151209
3.6343894
2.1338122
0.48506448
4.4638734
1.7585361
3.7050903
1.5838473
9.341261
1.6108805
5.0542865
0.5680165
1.158346
4.8480844
2.4322443
18.968193
5.203317
0.9583608
1.6569861
2.1233642
1.9033873
1.1431242
0.8304595
2.8564441
2.9300864
4.607655
4.1006546
0.41220182
2.5071802
5.2882614
4.335605
3.9067326
6.3367357
4.2342153
1.3822807
1.8939881
1.1603049
9.709607
1.3519709
0.59829557
7.9656386
1.8081315
3.6556096
1.4935628
1.5521623
3.7133296
2.293133
3.695877
1.3057094
3.4228442
1.8374447
2.8182566
2.1346223
2.2464185
4.963025
5.090952
2.3146358
5.67503
5.3189154
2.8326542
2.678634
3.3135445
2.558284
10.654514
4.6207695
3.031828
2.4030395
5.2860484
10.4774685
3.2247744
3.0692756
1.1571525
1.6502151
8.661266
1.6027952
0.9053182
2.1121123
2.2666636
1.1278157
2.5396585
5.667103
1.9245998
10.871952
5.6211348
4.2474885
1.3173074
0.68887585
8.463084
2.5838983
1.4444829
2.7794485
6.4775558
3.7224495
1.1772902
1.9989672
3.307524
5.4087453
2.60355
1.6514447
6.575389
1.3648068
3.4018667
1.6175096
2.0662856
4.854163
1.8976028
0.6258079
2.8823109
1.3062491
2.5811582
7.7176957
2.7261145
3.191849
9.983662
5.3627324
12.047232
3.7271378
5.3167443
0.5418805
3.8883362
4.025659
2.4263413
2.8910906
3.3286378
3.9010324
1.1622723
4.440445
1.5434506
2.0244374
1.408134
4.2197113
0.8720991
1.0345608
1.2568821
5.1686864
4.054073
3.0561566
2.154051
1.0891395
0.72521436
2.16212
2.6373348
1.2364665
3.6145916
2.631111
2.2585073
2.5668776
10.699815
8.663019
3.0503333
1.5399117
1.1936711
4.2259603
1.0466803
1.233921
8.669226
0.72552043
3.6446793
2.4932098
2.5378072
2.8563716
3.3321245
3.1356957
5.808916
10.606057
12.802356
7.641602
2.784913
5.741432
1.3505998
1.4868755
3.0571759
0.95975894
0.7508656
4.8566284
2.8150675
2.1366143
4.3681955
4.169428
13.020995
3.4833174
4.4115367
2.8924189
3.2379982
1.9850104
5.2054915
3.9745898
2.04064
3.0649786
5.99558
3.0469215
1.9612972
3.4278
4.6509857
4.4657884
5.537997
0.8894592
3.4891431
2.2947636
4.8701534
0.97831225
1.6231425
1.2143571
3.7900915
1.8838986
2.4874284
2.352483
8.565888
3.4333334
1.7666022
0.77857774
2.6989062
3.5065079
3.8858302
2.79209
1.9481401
5.117274
19.536703
5.1466565
0.43258962
2.7622113
2.9223943
1.2421342
7.6441293
10.590021
43.441032
2.332821
3.6131225
3.050463
3.5473807
4.11251
13.606237
2.3577824
6.075826
7.319574
4.0713286
5.0622134
7.089916
3.0770152
6.249242
2.342752
3.2366927
4.8542814
5.370436
0.99303216
8.94785
3.643501
5.9758825
0.89928776
2.5790806
6.223495
5.1816835
2.7986085
4.947452
1.0216725
2.8545961
2.7594569
1.4535667
5.475182
1.6989646
2.2259486
2.4594324
2.010516
2.1324751
2.1296644
1.2134966
6.833292
2.332301
1.5029843
3.7625604
8.1742735
1.4231445
4.326983
5.2708716
4.866078
2.4731913
10.546043
6.606638
7.5392714
0.22043899
7.5101614
1.2959484
3.8897576
1.2681421
1.4650981
1.9476457
14.633271
2.1359456
3.2454762
3.420778
2.5378134
4.1927624
2.6205184
3.0327473
1.5614094
6.148269
3.724245
0.2191951
4.461992
1.1325536
1.7584368
1.0654919
5.5978465
4.4003215
2.0162373
5.499363
4.064484
15.018937
4.9760485
3.1674979
1.1281956
5.1568775
13.74437
1.6310507
3.8494735
4.9816494
5.2740955
1.8203275
1.443538
3.1462076
1.8893796
2.0657089
3.484008
0.6277217
3.033251
5.933334
3.9225922
2.9247823
3.265942
3.7306893
2.2946038
2.4176006
4.7887936
3.3119164
1.8792881
1.6148319
1.2498413
6.0225644
2.9134722
4.0861993
5.225851
9.24722
4.237414
3.7714267
1.8900018
5.901107
1.7194189
2.1154022
5.544054
6.3169703
5.170246
4.7975383
1.4730985
2.089417
2.617578
1.1658483
6.4380617
4.028499
1.6572727
5.4798985
0.26325697
19.921125
2.154107
2.1969934
1.1102623
1.1100005
1.4128821
1.1378478
2.311769
3.7754567
0.61503804
3.0169923
4.9642925
3.8296268
5.000772
9.827272
9.476435
4.0308943
3.6365464
6.827703
4.920133
8.077554
1.9294221
2.4560082
1.7325425
1.8071566
2.104933
1.6800907
10.976146
5.2694917
2.2102823
12.061867
1.4970345
1.578478
1.5899154
8.106082
2.829091
7.4010563
2.774472
4.618638
2.8251173
10.6083
1.2553662
1.906522
2.6166766
3.8432636
3.506008
1.9405044
1.2064242
3.9775574
0.4832199
2.5461707
1.9817177
8.12329
3.0185742
9.668843
9.434529
2.3642356
0.5844862
4.7017922
2.1952686
2.8561163
4.5855846
0.62132597
3.5682561
0.3430118
2.5123744
3.7347298
4.417501
4.98572
7.213141
11.257864
2.3158624
0.7664871
1.001108
3.0914445
1.3769937
2.019441
6.6076994
2.2569408
1.6251651
4.545947
0.36115065
2.9390304
0.7120256
0.6666595
4.1368275
7.99372
8.094751
17.406145
3.1095233
2.4090526
3.1061146
3.574274
0.9294678
5.04211
5.091575
2.0718646
5.3249946
2.502363
3.0575101
4.182111
5.433196
4.2351074
1.1145167
2.9703014
6.607332
4.5685043
2.5274096
3.3104932
3.121159
1.6540781
6.785219
2.341177
1.0532804
1.8503994
2.6683738
1.6557865
6.8537245
11.633596
2.0331674
3.5716534
1.5172778
1.68208
1.342527
3.9087021
1.0721384
2.1596384
7.371575
7.4092593
5.925221
4.5461264
8.685572
0.6010262
2.3431015
5.362368
2.1995256
3.8553336
10.791982
2.418446
7.0759583
1.7040591
2.8201487
0.5600954
2.0461469
3.3490984
2.664389
8.558198
10.168881
4.921928
0.8144011
2.4722993
1.1453363
7.637317
2.1862297
3.1019366
2.8395805
1.5792371
2.2703497
5.0986047
1.4124286
4.336195
4.2138004
0.7778874
2.968622
9.666729
3.2381334
5.1861253
5.8353786
2.92468
2.2644048
4.1156774
15.102035
3.4847136
3.8677018
5.104821
8.03291
3.7474842
4.5561204
2.348115
2.2700853
0.88713366
2.539698
4.344328
5.802977
5.191845
1.6896644
3.6119006
5.90479
7.694387
3.3933227
5.1401625
6.651867
5.7168055
1.4264616
1.4982845
3.390252
3.3170745
8.864927
2.1726909
7.808239
2.6211572
4.78189
5.985196
2.4103825
9.841186
0.77305233
2.0435455
3.2942157
0.6319463
3.5525348
2.6040866
3.2734883
1.8605669
1.1344101
5.3717675
2.9686
5.5188255
13.399689
6.007695
1.8009976
4.340078
6.2519245
2.8509178
2.0139856
5.328462
1.0985053
1.0597614
9.572873
1.5829636
3.4366822
4.6823487
4.509912
3.8917584
3.6754146
6.299206
0.4109306
1.3337976
2.5419946
1.0991819
16.186184
3.1699824
7.1788473
3.2500207
5.9438095
6.3149943
3.5341702
2.8375454
3.1786888
0.9458585
2.883927
1.6475139
7.7185707
1.5243615
1.797115
5.5409474
1.920462
2.3587396
4.9777055
2.712268
5.5678873
7.516533
4.337231
4.9809937
2.1633275
3.4389696
2.0295322
4.403534
5.019148
1.3646905
3.1078517
1.4220642
4.6104054
1.9508092
1.8700467
3.658318
1.4175946
2.7665155
1.0535822
3.6886334
8.205039
1.9710162
1.6913272
2.725278
3.7903068
3.495235
3.7949312
3.4339452
1.4644675
2.3891077
4.060516
6.041215
5.331803
1.5330939
2.569443
3.836155
2.9829032
3.0738928
6.761287
3.598432
2.9852607
2.8719468
10.691924
4.3886366
4.253481
3.8992572
4.0504923
3.7177124
7.5166864
5.625644
3.6106026
3.6870217
3.8749473
4.2881665
1.2709055
1.0612946
2.0810173
3.0453725
1.0171906
6.832244
4.4065166
3.208314
2.061797
5.053792
1.5085167
1.4946476
1.77678
11.261417
1.2976444
2.6071377
5.6637697
3.3523788
2.4430118
6.8316984
3.5298378
1.619329
2.516481
2.4402163
1.6872349
3.9203749
2.7012298
4.5231986
4.1551538
1.7589338
3.7680922
2.0727193
3.8701344
6.819563
2.9495432
1.8102576
4.256093
3.0605025
3.3627217
2.0720556
1.1924077
2.2928953
37.159348
1.019596
2.1001818
4.373963
4.1281633
0.30538306
1.4705282
2.3387916
5.7759037
4.729494
1.6867354
2.8009164
3.0261319
1.2775968
2.1903625
7.9105067
6.513172
3.3048093
1.1587781
5.423959
1.1618948
0.8686388
0.8151876
5.343519
3.9948094
9.659936
5.5473433
0.848733
3.2501721
2.2723613
1.8612713
3.2524376
1.8633187
6.3833094
2.4326046
4.260926
1.3636734
7.2770863
6.3112645
1.150238
1.9157937
10.958373
1.8806326
5.7208514
1.1415364
2.6806135
5.236643
2.6600726
2.442115
1.7544974
0.55919486
4.895239
1.4960902
3.281316
1.1584636
5.7023144
2.6274025
3.5350244
5.0177464
3.987887
4.878064
1.374425
5.989821
13.879249
2.3695567
4.373738
1.4392723
1.902936
1.3081822
4.2423215
1.3002084
5.2933292
1.6602226
3.3414974
0.60164595
3.0494406
0.99430144
2.7062945
1.9548839
16.138607
2.1046045
18.241428
6.136643
3.210399
0.635305
5.4226303
2.333499
3.1242414
0.8815042
1.5136657
3.6539032
2.0879533
1.8861717
2.1850529
5.9802136
4.8537693
1.2407992
1.4406885
2.7099009
4.8246403
1.9186294
2.1362724
6.7447996
0.97463614
1.9254946
2.7953622
3.4272523
0.71855086
2.7085483
4.7302155
10.142424
3.5402515
4.3414283
7.2686825
1.2830667
2.8107321
1.1047769
2.2872894
3.7476082
7.3841558
1.4015185
9.559982
1.3821795
0.73706084
3.4013755
2.359452
1.5095322
2.1306765
4.144072
2.4309504
3.7070804
4.5501957
8.215372
1.8686621
2.661391
2.7230349
5.9350853
3.7452986
3.902646
4.8005414
9.900171
5.8735113
2.6385431
1.5661942
2.4800448
2.7685065
1.7800938
0.5254121
3.913216
1.8066617
5.175136
2.9352334
2.4290323
2.0954173
1.8867759
2.5305696
2.864749
3.2643032
1.9363637
7.466268
7.377904
2.7381015
1.6919177
2.7339647
2.2540648
2.3316922
3.8495147
7.0492163
4.6697826
5.249399
0.90103066
2.3156972
1.2307435
5.5809383
3.6538239
4.626625
2.2936268
2.012608
4.591546
3.7556484
3.1520684
2.8613374
1.1298351
2.4265466
5.5040197
3.3089442
4.1893806
1.9393078
2.7907536
3.661508
1.1468148
3.254343
1.8081601
34.02485
6.8316326
4.230584
4.456288
2.4107597
0.6605144
2.4292502
0.12626673
8.4158745
4.7096
3.189951
8.007203
2.2268486
4.3653
2.8248672
3.729476
4.9570813
4.799484
1.9126718
4.180656
1.270438
3.2312882
2.7968063
3.1398933
0.7559619
3.684327
1.3621961
1.7678281
1.8736428
1.762556
1.8213456
1.7435529
2.0121293
4.080995
5.8313
3.7596893
2.0503376
5.4331784
2.3391614
2.4804158
0.6703949
2.35861
6.1825976
1.7617729
3.84391
5.68842
1.2424852
1.3326923
1.447387
5.1551237
3.4977436
2.8204446
0.9564335
2.3590448
3.6783247
7.373142
4.1493864
7.3131623
2.5305755
7.2658396
4.4489055
7.6278095
2.2803621
2.8397117
6.0519123
2.8537242
2.036933
3.3899496
3.8169866
1.5544862
7.9336314
4.149502
6.5592494
1.2611659
1.7282364
4.2729306
2.6508079
1.9539561
3.8568094
3.7379956
8.115974
1.3475085
2.7040741
3.8984897
3.9161692
3.2480776
2.0309238
0.45371774
6.049654
2.8225324
1.5431969
2.0888374
8.7083025
3.70708
5.3580794
4.641981
2.717887
2.0368783
2.4860973
1.8223124
1.1673597
5.553992
4.149376
6.323308
4.4229255
4.227798
6.353677
1.5622402
4.4482584
3.480999
6.779807
5.5383596
8.94858
14.881681
4.1515884
1.1706412
2.695758
4.3101554
0.9476038
2.2273154
3.0479546
5.752391
5.921639
4.452628
2.15229
2.4268517
1.5843157
2.1370964
1.1452913
5.511312
4.2993083
10.458396
2.339572
11.548612
2.427725
2.6619294
4.7523046
9.202339
0.9171678
2.1158693
0.26398486
4.339551
1.191814
3.7736554
1.3422954
0.81334037
0.9098445
4.669897
6.8255434
0.78104484
1.4463098
5.809374
3.5358067
2.971291
2.8535209
3.4494064
2.2857976
4.2288976
4.8596187
2.3358948
3.1982973
1.724276
5.080206
5.59098
5.338963
2.1101584
1.14446
22.829044
2.9292476
3.5599508
1.5437502
4.047706
7.2258887
5.282868
2.4662557
2.5048592
2.1845107
0.707502
1.2212595
3.2907786
3.012924
3.6383715
4.742328
2.204694
5.6191974
9.091345
3.189658
1.0532992
4.903995
2.4126723
1.0938259
2.0122905
7.392714
8.945584
0.9436606
1.0992596
2.896271
3.1867325
3.1455398
6.477613
4.316502
1.9386101
1.5725744
4.1914735
2.5690498
5.3763385
6.3840117
7.9615397
2.2387238
10.634618
4.810338
4.2534018
3.247091
5.9608436
2.4794226
1.1453748
2.7993665
2.7750156
2.3280792
0.8512345
2.766563
3.6351109
1.994605
5.7250285
1.6979604
2.7606933
7.072516
1.9177133
3.781077
3.1295545
4.19737
2.5981257
4.0849433
1.2937865
2.6947126
6.429689
9.639978
5.157904
3.795095
2.0559604
2.8385344
2.155686
4.649595
0.92766607
1.473792
2.857743
4.41106
5.8318424
0.89060277
8.059018
6.078041
0.90010417
5.9503217
15.3843565
5.5606756
1.7723743
2.7664042
2.5674558
4.037963
4.4076533
2.7540834
5.6581125
11.8202715
6.44362
3.975891
4.2654757
2.9920802
1.6945027
4.884299
3.5647366
3.598154
2.48662
1.8075628
1.6138539
1.7721974
2.0289104
5.2886753
0.694245
8.02785
1.5871629
1.1456376
4.092621
3.0837338
1.3214164
1.6590277
1.3095694
1.793525
2.4062111
2.6327865
0.5691339
2.6614878
4.6397967
3.852876
3.9473448
0.9739978
4.331538
1.8465164
1.1058873
4.5271244
0.6097265
4.527744
1.1494284
2.9333775
3.3345346
2.0242538
5.038855
2.8117607
2.3202853
3.3133106
2.0020275
11.331079
10.305943
4.357363
3.930965
1.4301982
3.0865567
3.5325434
1.2693424
0.95409757
1.2972127
4.4188747
1.5924218
4.1272955
2.6373622
16.239307
2.7989647
2.9043736
1.6025132
1.232015
2.8248742
2.215467
14.299709
1.8469164
8.135413
26.617699
4.2986016
3.3869934
3.6422935
2.3174624
1.8890268
3.7585933
2.4846182
4.3295245
1.6594217
1.333493
3.7006068
3.6856558
5.7812896
6.3701463
1.663229
3.210688
6.939554
3.1516466
0.8053081
3.7593796
1.3140961
2.7013233
1.8725251
1.1968168
3.8821707
2.5397444
3.238258
3.8007977
1.7349023
4.464083
2.4425569
8.00811
4.607635
4.2102203
6.8847966
6.7740083
3.153254
1.9777262
3.137688
5.263273
2.9303625
4.0941253
2.661965
6.023006
0.6576503
0.97476953
2.2759554
1.1219641
8.8939495
0.9816925
2.1855302
4.4634504
2.3685062
4.443456
23.33596
6.598411
1.4835776
1.0217127
4.687492
5.5631227
2.4287703
1.5925616
4.779791
4.827863
5.1124797
5.236996
27.493498
7.334971
3.5856612
10.18237
4.221234
3.7484796
2.9844837
8.745392
1.5827087
1.5188009
3.2627559
1.0648388
1.2126303
6.154049
4.6289606
6.641475
7.8899117
2.663759
2.9932094
1.5295765
2.1243455
3.580596
4.6997995
1.8752822
4.9617977
7.043526
3.3811815
4.0293093
11.307895
2.5938468
3.64343
1.1635876
4.441041
3.26489
3.4707832
3.22506
0.57941794
2.944217
1.7908204
2.3291154
2.5484805
4.2736354
3.030737
7.5389605
1.4355013
2.601067
0.927509
1.4188306
7.620942
3.053888
4.3663964
1.3521125
0.8663045
2.3925312
1.0864538
2.8796904
1.797381
7.4835057
1.3314627
14.697213
3.9582143
2.5386999
0.8485335
3.4071965
12.9986315
0.61120975
7.4792
10.974925
12.6859
4.9129343
5.7096987
15.1978655
1.4382975
3.2550032
2.3114672
2.578417
3.3173141
9.962433
2.9958954
7.2259164
3.4672744
3.271914
1.9827493
1.0984379
3.7212932
4.1185303
3.423194
1.5611944
3.4122899
1.2868721
1.0454042
2.4841027
2.958459
3.8755836
4.6380987
3.0361373
1.394127
1.2707762
5.2536483
1.903958
5.263168
7.377884
1.6276474
6.106889
3.7491841
2.0138373
4.5174036
3.6906247
3.233316
1.0121953
6.1075706
3.175866
5.3262997
5.176504
9.340086
0.92181414
11.315342
6.0215454
2.15811
1.1912152
6.1979275
2.026085
2.998359
2.0930603
3.600678
1.9792764
6.249776
0.9461035
1.52991
4.784038
0.30759487
2.1651864
17.659462
2.9067082
2.047278
3.9591346
2.9107232
5.7799306
1.5835085
5.4620967
1.7276442
4.4568143
4.3850284
1.9028591
2.0537999
2.9039235
5.1357994
9.00889
1.7756249
1.9244145
4.227108
