3.8071816
6.843777
0.72937244
1.6817816
5.6639285
4.2770896
3.188043
1.5273498
5.2491055
1.5580764
0.6939326
8.715673
5.4195824
1.511663
2.2442348
1.9548049
0.56658643
4.226481
0.99311393
5.4637156
1.2947836
0.78770775
2.956235
0.8114223
4.3670845
1.6210886
1.8146993
3.875529
1.8618672
2.1122956
3.3914597
2.5280728
5.95792
6.3761387
0.480681
4.9688377
3.1434848
28.984058
3.2534585
2.4816172
2.070063
2.6744173
0.26650774
2.3063025
1.4831126
5.913401
2.6799762
5.9951377
2.0643132
3.5137444
6.2182174
2.2904801
2.4760177
2.7374258
2.3846922
2.5542107
1.8362129
2.471351
1.3142169
2.928872
0.45128044
5.8910995
1.938478
6.997311
4.6528306
6.0259557
2.073599
8.217563
4.6345944
2.7478008
1.1130524
3.996071
3.6931448
3.680189
1.2065164
3.3487048
14.486032
2.5778902
1.4979305
4.0680804
6.795508
2.0708904
2.546842
2.031544
2.2099972
3.8140755
2.3561928
3.9186716
3.2334518
4.4546165
3.5623045
5.426182
3.802439
5.0118866
4.4724736
2.4124327
2.5066628
2.8871377
1.3546622
1.0033586
1.7118107
1.4450848
2.813182
3.445338
3.0930727
1.8306596
0.72105044
1.6679295
0.45887306
2.7206185
1.2751474
1.2120664
6.489947
3.5521982
1.50883
2.8033936
0.98149043
0.6299295
14.132072
3.0071583
1.5682089
1.8830695
2.012331
3.1913047
4.913742
2.9520807
1.2089895
1.055777
1.7629343
1.4477127
1.1991241
2.556495
7.746765
3.6759112
3.7747583
3.6984076
3.3939219
1.3776037
0.9825461
2.9468777
7.3516655
10.561832
6.623391
4.2482314
1.1246177
3.2711105
1.4269925
3.2719378
1.351834
1.8474977
3.2275658
2.441105
2.5807805
8.927652
4.843448
5.389417
1.4141419
0.7693006
9.54611
0.78177774
2.5506074
2.0235953
4.814273
3.9633672
0.8100105
0.84088683
4.8369465
1.1718563
1.518674
1.7568922
2.2366922
1.0177466
2.9150195
3.2080467
3.1118178
3.3356729
2.2183444
5.539365
1.234133
0.50625217
2.7646294
4.474365
0.9418004
2.586689
2.6729052
5.550952
6.782842
5.8883467
3.7613187
9.474678
2.159717
3.224038
3.3753116
4.446774
1.1717162
1.7767943
4.5963926
9.58079
1.6745582
1.3277334
2.4697475
3.6054327
1.1865684
1.2679229
1.4633173
2.8555477
0.6515442
3.7327068
2.0635133
2.1210546
3.6737738
0.6167638
3.4170253
2.9915338
1.7367978
3.4075465
2.4277823
1.134724
1.8969245
2.2921684
2.9564643
2.009835
2.2117274
0.35401717
1.8392566
2.8373625
4.6366377
1.8852698
2.577586
1.8199781
1.4318188
2.405869
2.6850693
2.4158418
2.6512635
2.5312624
5.5706854
3.6072977
3.4338465
2.2391706
11.18845
2.1356685
5.4028187
5.019377
3.0489671
4.4632716
3.3246534
2.2344952
5.0016026
4.384737
1.0975163
2.7880342
14.934642
2.1462295
4.7158146
4.4900093
2.9340992
4.3517838
0.3831898
4.455645
7.0613422
2.3822694
2.79649
2.5122898
2.0242586
1.3297638
2.3127968
3.4905949
3.5276558
4.839975
2.380589
8.493128
1.812893
3.523602
4.236247
2.6400576
2.673143
0.14975311
0.79119456
1.5545655
7.9231706
1.8393556
1.5863333
2.5832498
2.1568553
2.7322426
1.7731237
0.7565107
8.558004
5.362262
1.5640163
2.448805
1.6980737
1.7526157
2.2680156
0.24677303
5.5368285
4.235335
1.352697
2.9551382
0.8456747
2.6277287
3.977684
2.6632447
5.233631
1.3388749
4.759405
2.345435
17.162003
5.169584
2.1688902
11.127301
3.932121
6.0688515
0.45966947
5.3510103
11.09793
0.24917401
2.7189505
3.6666298
4.1394897
1.3827772
1.5217359
1.1844363
3.578945
1.9257302
2.4034445
4.2421436
1.2591307
1.9587815
4.608874
4.766357
0.66125315
1.3164403
5.596166
0.5865849
1.7931561
6.6797028
2.0536559
10.558979
13.7863655
3.5371783
1.2114568
10.578779
4.030589
3.3078368
4.1046376
3.6932454
3.2352922
4.2694182
1.0859618
1.9560066
7.1762705
3.1411471
3.5994844
0.5660919
2.2580535
3.5697744
1.8724512
5.12652
1.5877997
11.875999
0.71929765
5.121425
1.306168
4.256386
2.3021448
1.451237
2.16548
9.079121
2.6378305
1.0356168
4.0558553
1.9883964
4.2591743
3.5136526
4.198851
0.6979774
3.0889869
2.733297
2.3504124
2.1745808
4.036355
1.387887
3.8953972
4.820834
2.4170997
2.628181
3.603086
1.4044659
3.4170854
2.8238525
29.853544
4.9787908
0.6745851
6.1637197
4.022707
2.0126655
5.242658
2.9041817
2.0905042
0.6418257
1.0562224
4.674427
1.9885336
2.4823492
1.7936382
2.3369253
5.2843056
2.3761947
0.73917
1.5639068
3.0164583
2.419703
3.489343
1.7876399
2.6374636
3.17819
0.8759313
4.0899224
2.3328488
4.41643
1.0830938
1.8533292
2.6337512
1.9675419
0.7995056
3.492633
4.6114917
3.9115205
2.861577
3.5112505
3.0100183
1.1048284
2.5411634
2.1213598
2.944632
2.6249924
1.0401268
2.8983119
7.782632
1.3738369
2.3525953
1.6488156
1.8022648
11.4421015
1.2351687
1.627502
6.4108553
3.5582964
5.011229
3.1346405
3.9269798
1.0645982
0.56229484
7.2237296
1.0092509
2.2829573
4.6966324
1.4585305
4.4493823
3.7370248
2.289947
19.818884
1.9348481
1.9622211
2.4315836
2.3126974
2.8357375
4.689158
3.6712494
3.387771
1.152741
1.1200322
0.5121086
3.3029084
1.9578917
1.5709548
1.2510815
9.061176
1.6873926
1.5212569
4.549648
8.909394
2.9104137
1.3048092
2.2697942
1.5602996
2.5268624
3.4449487
2.6438525
2.4573436
2.2699616
2.086545
2.5880294
0.74119455
3.4678173
1.5120729
0.77259946
5.215189
1.613095
1.0922577
1.3806311
1.7793798
3.0855772
5.5237775
2.4667912
1.8371458
4.860577
2.253053
1.1585779
6.7280865
1.6795788
5.403575
0.47613022
3.2381508
1.284791
8.547603
2.3270848
0.8133509
3.5834239
1.6566616
1.24152
2.3527422
2.36089
1.8461351
3.9438822
3.3498192
2.411776
1.81605
1.0169139
3.5287204
1.7509435
2.5252056
0.32777324
4.964561
1.4723381
1.8517871
5.0441203
21.961271
4.4336677
1.0423323
2.6748126
1.7558343
2.0975022
1.18698
1.7350167
1.1761346
5.3863535
0.99352723
2.848986
6.1776023
6.1662707
2.152016
3.7818887
3.889783
1.4340289
3.7500825
2.259042
2.756039
4.4220715
6.643805
1.7541153
2.3254871
3.960024
1.9931642
1.7591584
4.8504915
1.6648358
3.412961
4.4023905
6.328429
3.4037182
7.041305
0.85938585
7.387912
4.0404816
3.7028892
3.227628
3.1158805
2.3355095
3.4230871
4.208779
1.5041956
3.7998374
0.5933149
1.691708
1.2509726
2.033872
3.3515775
3.567692
5.360641
1.4273986
1.0844765
2.4398847
4.8149886
2.8897886
2.8284104
2.478454
2.6499722
3.0742269
1.7555208
4.54506
3.422619
3.179501
1.961506
1.129287
2.9044447
5.26358
2.235663
2.255837
3.2372894
1.3972661
2.3505993
7.672075
0.48399422
3.2489207
4.4563227
1.0056183
2.8018465
3.4213784
2.7822561
2.662349
2.5389192
2.1931343
4.559964
3.5222948
3.7108257
0.9843409
3.9309018
2.2668796
0.7035823
0.72469234
2.4330068
1.2559067
2.4716368
7.911349
2.286667
7.386781
1.3983746
1.7790942
0.33824432
2.757428
0.9225964
3.0724583
4.2271385
2.3563058
2.2161252
1.4617451
3.4222639
5.4342847
1.4787015
1.2909997
3.0963802
1.5413723
6.9196033
1.2546341
2.004616
3.8946614
1.5406092
0.4801957
2.2632592
1.3631424
0.747778
2.018216
3.3050048
1.0710449
5.532614
2.3899999
4.187947
2.798923
3.4533277
2.0489986
4.128211
5.4947777
1.9641024
4.7830033
4.1828437
1.412612
1.9524881
0.47663954
3.1564949
3.7390149
0.6362065
6.8645406
3.2067862
0.48114488
2.0941796
2.4733274
8.523024
6.0525303
4.2643256
1.8297651
3.5933132
4.039558
2.2175574
3.2079046
2.3714943
3.7618523
4.1084523
3.3467686
1.0498633
8.565896
4.000659
2.7626395
1.8414994
4.415622
0.8213416
3.0581863
9.911995
6.7085114
11.936735
2.3636515
3.0135078
1.1807591
1.5780969
2.2845025
0.5034569
3.8667696
2.4312084
0.801034
1.2805574
3.0981407
4.729834
2.7576973
2.152131
3.614284
2.2641397
2.0959792
3.770262
2.129395
1.9804648
5.5825796
2.731094
2.2031863
3.8216114
3.4914935
2.2420163
0.96649367
2.323331
7.980345
2.408743
3.6157537
3.136549
1.6416857
4.7721176
3.0830863
2.1701949
2.105559
0.92865866
0.98818386
1.4934821
10.790221
2.6211066
1.160941
1.8005391
6.077407
2.2425585
3.4862459
1.8939095
4.090957
1.9599855
0.5253758
1.6127561
0.7792517
4.4536686
1.5523789
2.7118087
2.9174926
2.410996
2.6835265
2.8126872
1.7498641
3.0601358
5.280604
0.76060355
3.0272574
2.3110209
1.7989327
1.4244429
0.9842591
3.4631486
2.352251
3.586669
5.8067546
6.578575
2.9444003
4.1798253
4.273914
2.773982
0.66707534
4.6773477
0.7409404
1.3425562
1.312256
1.5678803
5.2969494
3.6468623
2.01145
2.0085988
1.7394786
4.08954
1.335509
3.1624682
2.8114612
3.0804229
2.0376155
8.565847
3.859231
2.0130951
1.6277473
8.090885
3.716147
0.9700866
1.3947475
0.94977444
2.346869
4.1023574
5.9861507
1.6501349
2.0919094
5.335973
2.5129895
2.3527424
1.2384404
1.919016
2.8031275
1.9734569
1.3380803
2.4444423
3.1453977
1.9471645
6.470487
4.4941545
1.3591827
0.96938604
6.3270574
1.2089586
3.6831062
4.3020525
3.5715675
19.071651
3.1018467
10.185308
5.4793344
1.8696305
2.6248324
5.5169287
0.62231463
2.6968896
1.3067803
2.450986
3.1894736
2.851761
4.16389
3.7254786
9.692113
2.3583245
1.7520356
3.978884
2.7666893
1.036777
3.3699899
2.6117337
1.221624
2.2461548
1.5344297
4.8278418
5.6685624
2.678258
3.3946967
1.8414432
6.3660293
0.9345054
1.2205226
5.3165545
0.47497094
5.0093055
1.195306
2.3506026
1.7918876
2.6057496
1.638705
2.583583
0.46358573
2.0031354
1.954405
2.4439316
4.391507
0.52678466
3.026173
3.7188606
2.8734667
6.352887
2.861759
2.5323794
5.0204935
5.2152953
2.2335746
2.3004143
4.7671604
2.774243
4.5321984
2.5683944
5.4745674
4.766268
1.0635728
0.81623477
1.2932906
3.2661116
4.365084
7.0226116
3.169743
5.4865885
3.182323
1.1969255
3.8815105
3.567426
1.2798795
5.477903
1.7968181
1.601883
1.1596544
3.7575693
4.840866
1.0928301
2.462649
2.4704468
5.5115285
1.5748913
1.775613
1.9005303
2.4974189
2.0290365
1.802372
5.4139028
3.589043
2.128689
1.0724856
3.855292
1.9360173
2.3651233
1.8961167
2.8601887
4.1805778
3.6841798
3.3397713
5.3042397
3.077208
1.889372
2.2495687
2.3839655
1.8204272
5.817663
1.6385659
0.68373775
4.087581
2.3897746
2.9346218
1.0007972
1.5222536
2.0033069
6.5945907
6.21615
1.6831944
6.455335
0.6372298
2.0943964
1.8229614
3.3014264
1.8296103
3.325248
2.0252504
1.7285528
3.6450827
3.2753472
1.0650342
2.7570906
2.128512
0.5411099
2.551909
6.5650177
1.2881687
0.7743942
3.590376
8.9470415
2.6478102
5.385925
7.123974
8.851259
4.701218
2.899734
3.3771946
1.8063976
1.1675316
1.1432375
0.90506274
3.8212304
1.2411366
2.058237
0.90245587
2.4673963
7.115431
3.4962115
1.3772691
6.594701
3.3565452
3.2334485
6.2320337
2.4128046
5.3158755
2.1835508
3.922459
1.9463773
2.8799503
3.6332514
4.1746693
7.09217
2.1653209
4.7702312
9.463536
2.5218344
4.12126
1.6901281
5.14018
0.31445134
6.8836427
2.4268615
0.1870948
4.5318613
2.3207276
3.314012
3.6867297
1.6410766
2.0779512
2.445318
2.0605893
1.3401047
3.5504184
1.6045841
3.7830296
0.9233719
0.9973981
4.321863
4.6967535
2.8771687
4.1292167
1.2159766
8.308081
2.2787871
3.0237172
5.566956
3.190665
3.7422106
4.3203397
1.8714122
0.27328265
1.565352
2.5859215
0.5583741
2.6118999
0.9662375
3.036467
2.426367
1.8475904
1.2949933
0.6970795
3.6185863
3.7815735
2.1563106
1.0964513
1.6426076
0.9166813
4.1813383
2.1423357
3.6144953
2.1777527
4.1342916
1.7999263
2.4591439
2.3752186
3.0522969
1.8979361
2.4634933
1.537107
2.3470838
1.9406389
4.0826087
6.198619
5.4727783
3.498489
4.072212
2.472988
4.9456134
1.8674519
1.4299989
1.7424884
2.4270566
0.7444632
6.142502
2.305288
1.2658376
1.9667807
2.0109954
1.9643688
4.9653435
3.9212134
1.2058326
3.0543332
1.2407337
1.7016435
2.267656
1.5678166
4.7019987
4.0362177
3.8063586
0.6343784
2.3546307
2.1551847
3.6834195
1.9366369
1.2675043
1.4461474
2.2616293
2.7816384
1.9922378
1.4549713
3.189692
2.3537686
4.9025335
2.4332883
0.48444054
2.1649396
4.5056443
6.4371724
3.8275666
5.126578
2.1016269
2.813871
2.9365487
1.2200558
2.3689134
1.5960784
1.6238797
0.86556906
0.91878754
2.423615
2.8645139
1.7901859
4.8688416
2.0445552
2.4036295
0.7820334
3.7132676
2.2014346
4.927037
2.3121898
3.5392976
2.5205216
2.118191
1.6937004
4.8300967
2.4168384
2.0986562
3.413527
2.7668083
1.9845492
3.2335005
1.4378616
3.3570895
4.08382
4.3840995
2.0890152
0.6913483
5.49456
3.3721306
1.6726278
2.8552399
1.5957098
10.213719
5.302002
4.074983
1.9168612
2.70075
1.4307896
2.3091462
3.327003
2.1849952
3.4980652
2.3219454
1.5472957
2.9181511
0.6728831
2.5990329
4.2918863
3.328239
3.5851467
3.9964538
0.71660686
5.0809364
3.455605
1.6145291
8.378377
3.6199336
5.98905
14.361335
3.820563
2.0007718
1.3414836
2.1218626
4.4449816
1.7297856
7.6530113
4.103187
1.5936415
7.003384
3.3115342
0.9298531
2.697096
2.1911197
2.6713965
0.7904508
3.0508096
4.4708443
1.8483304
4.917615
1.557035
6.65803
2.752472
5.487062
3.0527089
2.2539241
1.0891075
1.763834
0.91332966
0.7671454
2.8632224
3.1320758
2.2860353
6.561312
2.3225064
1.6109593
5.8831096
3.8879273
2.8916593
2.514719
5.6874824
3.1880114
4.169719
1.5783141
2.4091191
1.0835446
2.3925686
1.9447677
1.3028318
3.1153603
0.8401997
3.412351
2.1333125
1.8351825
2.2177866
7.5848713
1.8003625
3.7190583
2.7951474
2.0321515
2.4880102
1.9242244
1.1185699
4.554944
4.904493
5.3428893
6.821741
5.24935
2.4390302
10.758644
3.6218352
2.7697072
1.9328809
2.4045389
2.817873
6.697526
1.4931213
10.518187
2.3751538
1.0844103
2.3277602
6.064464
31.670763
1.8417233
6.195504
7.2713723
2.7655153
1.4216294
1.7822404
2.498039
0.5505691
1.4751472
4.8117933
1.5227494
1.2390724
5.6487646
0.80357003
1.1303971
1.2968981
3.1240156
4.1193047
1.7210612
1.604666
2.4848905
2.8513365
2.8948555
0.65636575
3.624925
4.7147474
0.57340074
7.8644805
4.7853117
2.824079
2.5506618
2.7895074
1.3381003
2.8538215
3.1652648
4.3930583
2.9427216
3.6925478
2.6807892
6.346371
1.6468232
2.3478403
1.6124269
2.5182931
0.86898303
2.6639354
1.5737225
3.8588395
4.1004457
1.2547425
18.078602
3.2339907
9.433283
3.4132032
3.3402164
3.7367744
6.7607274
3.6594846
2.9587622
2.4719734
0.7498183
3.562576
2.3954523
6.2117558
3.642186
1.7629057
1.0093162
3.2546508
4.0938697
0.88250196
3.1620774
1.4166833
1.6381979
6.0677195
4.826878
2.676129
2.4106472
2.0891762
1.441331
8.796399
1.643687
1.9689294
3.0787601
8.338117
5.706384
1.3722907
1.2103777
2.2375317
2.2975786
5.1022005
1.6071569
1.9455699
2.1369174
3.5818987
2.4652016
3.8446684
0.63817954
1.4618938
1.7859646
2.0724173
1.8385669
3.0163321
3.982707
0.74975723
3.5549312
4.1873317
3.1035392
2.4789903
1.1686784
6.9823346
2.4839013
3.7837756
3.3491733
3.3306694
4.8367114
2.6172981
2.5730534
5.0109982
4.1033325
3.0692518
4.782638
2.4228964
2.0297763
5.9063325
9.9369135
4.2388
5.9068565
1.2410393
4.174671
1.7270362
4.6006927
1.7758512
2.699594
2.590123
1.674477
1.4112316
0.8838801
3.1740837
2.211189
2.0355542
8.257221
8.037216
3.8730464
1.7765502
4.048749
3.204775
6.041326
2.559315
0.8661041
1.174813
4.0511746
1.9838899
1.3292732
1.964338
2.7605124
4.828742
1.7960614
1.4109557
4.4131174
1.4212942
3.0559702
0.8061692
2.1092105
3.958165
4.601451
6.245529
2.042432
4.35416
2.6861744
1.8920518
3.1376276
2.7586894
2.353363
2.1938555
4.891367
21.55565
2.4266953
2.2505755
4.756079
4.3244653
1.4494113
0.7233367
2.830677
1.6738063
3.397591
4.6355343
1.1076788
2.6932518
0.8378818
0.92965853
1.1165254
3.3589618
2.8115046
5.24811
3.9806662
2.0440416
3.2211425
1.6827599
7.440787
3.134415
1.0045141
1.8232831
4.0999513
1.5367571
4.2301993
2.9740443
1.1644124
2.4007883
5.8359003
3.686365
2.4320116
1.3348627
0.61635303
5.2208843
2.1110106
1.7873472
5.7001023
4.841275
3.735193
10.090816
5.546553
1.00099
4.7723503
4.039696
1.370124
4.083356
0.6831378
3.8850002
4.2917585
1.0678964
2.3410707
1.9125782
2.6464798
0.97133327
2.9567447
0.4953022
1.3588976
0.6738961
1.983229
3.8703701
3.3730292
2.274066
2.9564245
1.9028852
3.924268
2.3758466
2.4854262
8.12359
1.6310754
3.2841427
2.8855302
2.4743285
1.7635573
6.700974
7.6194124
1.7175627
4.7547145
7.2457557
2.184375
1.4663856
1.7224575
1.6736923
5.774127
4.8377957
4.271898
4.8058004
3.5212803
1.6952465
5.508904
9.568371
2.2344232
2.4130938
0.92389125
2.2709446
4.5454593
1.9566487
2.338263
2.401125
2.819763
5.7379746
1.2530484
1.55426
3.7950616
1.4070787
4.6880174
2.5623214
2.564275
0.38997647
4.8114853
4.7348175
1.1817983
2.1651888
1.6911987
3.1714818
2.9578996
2.6982381
3.8726408
3.7009273
3.098446
1.4287841
3.180747
5.515225
6.153743
1.0356447
2.687337
0.71546125
2.5115225
3.801252
3.942641
1.7565428
2.185812
1.2324029
3.3864923
3.8833365
2.146475
3.0798492
4.434319
1.4103407
1.9178238
0.76547825
1.4363294
1.3073239
2.9763155
2.748884
5.8244143
4.430407
3.043522
3.437064
3.564915
3.0220134
3.4318821
1.2682091
4.0499253
2.269474
4.0424495
3.535787
5.1888947
4.6450887
7.797499
2.7859533
2.4069488
0.8856769
8.111478
4.631476
1.860487
3.005708
5.863614
3.832009
6.830656
7.8988547
4.933421
4.269639
0.6833609
1.2199286
1.2676792
1.2859126
6.3085155
2.9448023
3.2459002
4.8483047
4.3849616
1.7148031
1.4321166
2.382629
7.73035
1.6845297
1.852231
1.4457474
2.4779358
2.762769
2.50899
0.9671526
2.8711421
1.8839942
2.9645934
1.9994793
2.5431063
5.031808
7.569789
2.52013
2.484891
1.7416127
3.038614
4.131425
1.5901448
1.4307749
4.159872
0.7220454
1.6782547
4.935831
2.5138307
1.9458599
4.8288765
2.6511853
